index,size,time,ip
0,-4170,1649260047.306464000,18.65.123.80
1,-17850,1649260047.306467000,18.65.123.80
2,66,1649260047.306491000,10.11.219.6
3,-2802,1649260047.308932000,18.65.123.80
4,66,1649260047.308943000,10.11.219.6
5,-11010,1649260047.309074000,18.65.123.80
6,-66,1649260047.309101000,18.65.116.79
7,-237,1649260047.309101000,18.65.116.79
8,-74,1649260047.309101000,18.65.110.227
9,-2802,1649260047.309102000,18.65.123.80
10,-2802,1649260047.309102000,18.65.123.80
11,-2802,1649260047.309103000,18.65.123.80
12,66,1649260047.309111000,10.11.219.6
13,66,1649260047.309122000,10.11.219.6
14,-1434,1649260047.309136000,18.65.123.80
15,66,1649260047.309164000,10.11.219.6
16,583,1649260047.311074000,10.11.219.6
17,526,1649260047.311224000,10.11.219.6
18,-1434,1649260047.311279000,18.65.123.80
19,-2802,1649260047.311280000,18.65.123.80
20,-2802,1649260047.311281000,18.65.123.80
21,-2802,1649260047.311281000,18.65.123.80
22,-2802,1649260047.311282000,18.65.123.80
23,66,1649260047.311292000,10.11.219.6
24,-2802,1649260047.311303000,18.65.123.80
25,-2802,1649260047.311303000,18.65.123.80
26,66,1649260047.311317000,10.11.219.6
27,-2802,1649260047.311875000,18.65.123.80
28,-4170,1649260047.311875000,18.65.123.80
29,-1434,1649260047.311876000,18.65.123.80
30,66,1649260047.311880000,10.11.219.6
31,66,1649260047.311897000,10.11.219.6
32,-1434,1649260047.314535000,18.65.123.80
33,-2802,1649260047.314632000,18.65.123.80
34,-2802,1649260047.314633000,18.65.123.80
35,-2802,1649260047.314634000,18.65.123.80
36,-2802,1649260047.314635000,18.65.123.80
37,66,1649260047.314647000,10.11.219.6
38,-2802,1649260047.314675000,18.65.123.80
39,66,1649260047.314682000,10.11.219.6
40,66,1649260047.314696000,10.11.219.6
41,-2802,1649260047.317186000,18.65.123.80
42,-2802,1649260047.317188000,18.65.123.80
43,66,1649260047.317222000,10.11.219.6
44,-8274,1649260047.317384000,18.65.123.80
45,-11010,1649260047.317399000,18.65.123.80
46,66,1649260047.317448000,10.11.219.6
47,-5538,1649260047.320519000,18.65.123.80
48,66,1649260047.320531000,10.11.219.6
49,-5538,1649260047.320661000,18.65.123.80
50,-9642,1649260047.320663000,18.65.123.80
51,66,1649260047.320671000,10.11.219.6
52,-66,1649260047.320688000,18.65.116.79
53,-66,1649260047.320688000,18.65.110.227
54,-4170,1649260047.320689000,18.65.123.80
55,66,1649260047.320692000,10.11.219.6
56,66,1649260047.320822000,10.11.219.6
57,-1048,1649260047.322955000,18.65.116.79
58,-4170,1649260047.322956000,18.65.123.80
59,66,1649260047.322963000,10.11.219.6
60,66,1649260047.322974000,10.11.219.6
61,-2802,1649260047.323127000,18.65.123.80
62,-4170,1649260047.323128000,18.65.110.227
63,-11010,1649260047.323132000,18.65.123.80
64,66,1649260047.323144000,10.11.219.6
65,-1217,1649260047.323157000,18.65.110.227
66,66,1649260047.323160000,10.11.219.6
67,66,1649260047.323168000,10.11.219.6
68,66,1649260047.323177000,10.11.219.6
69,-2802,1649260047.325361000,18.65.123.80
70,66,1649260047.325380000,10.11.219.6
71,-8274,1649260047.325589000,18.65.123.80
72,-13746,1649260047.325593000,18.65.123.80
73,-1434,1649260047.325610000,18.65.123.80
74,66,1649260047.325617000,10.11.219.6
75,-2802,1649260047.327930000,18.65.123.80
76,66,1649260047.327944000,10.11.219.6
77,-9642,1649260047.328084000,18.65.123.80
78,-4170,1649260047.328085000,18.65.123.80
79,66,1649260047.328118000,10.11.219.6
80,-8274,1649260047.328131000,18.65.123.80
81,66,1649260047.328172000,10.11.219.6
82,130,1649260047.328889000,10.11.219.6
83,-5538,1649260047.329910000,18.65.123.80
84,66,1649260047.329929000,10.11.219.6
85,-2802,1649260047.330339000,18.65.123.80
86,-8274,1649260047.330345000,18.65.123.80
87,-8274,1649260047.330399000,18.65.123.80
88,-5538,1649260047.333084000,18.65.123.80
89,-5538,1649260047.333189000,18.65.123.80
90,-11010,1649260047.333216000,18.65.123.80
91,-2802,1649260047.333297000,18.65.123.80
92,-2802,1649260047.335292000,18.65.123.80
93,-4170,1649260047.335533000,18.65.123.80
94,-11010,1649260047.335539000,18.65.123.80
95,-8274,1649260047.335596000,18.65.123.80
96,-2802,1649260047.340018000,18.65.123.80
97,-5538,1649260047.340022000,18.65.123.80
98,-5538,1649260047.340139000,18.65.123.80
99,-11010,1649260047.340141000,18.65.123.80
100,-5538,1649260047.342405000,18.65.123.80
101,-5538,1649260047.342571000,18.65.123.80
102,-9642,1649260047.342573000,18.65.123.80
103,-4170,1649260047.342587000,18.65.123.80
104,-6906,1649260047.343612000,18.65.123.80
105,-66,1649260047.346322000,18.65.110.227
106,-2802,1649260047.346323000,18.65.123.80
107,-8274,1649260047.346430000,18.65.123.80
108,-128,1649260047.346430000,18.65.110.227
109,-4170,1649260047.346431000,18.65.123.80
110,66,1649260047.346444000,10.11.219.6
111,-6906,1649260047.347886000,18.65.123.80
112,66,1649260047.369281000,10.11.219.6
113,236,1649260047.369789000,10.11.219.6
114,668,1649260047.369811000,10.11.219.6
115,549,1649260047.369890000,10.11.219.6
116,97,1649260047.370115000,10.11.219.6
117,-11010,1649260047.372887000,18.65.123.80
118,66,1649260047.372902000,10.11.219.6
119,-66,1649260047.372917000,18.65.110.227
120,-66,1649260047.372917000,18.65.110.227
121,-97,1649260047.375986000,18.65.110.227
122,-8274,1649260047.375988000,18.65.123.80
123,66,1649260047.376005000,10.11.219.6
124,66,1649260047.376028000,10.11.219.6
125,-2802,1649260047.376109000,18.65.123.80
126,-66,1649260047.376109000,18.65.110.227
127,-66,1649260047.376109000,18.65.116.79
128,-3794,1649260047.376110000,18.65.116.79
129,-9642,1649260047.376112000,18.65.123.80
130,66,1649260047.376118000,10.11.219.6
131,66,1649260047.376137000,10.11.219.6
132,66,1649260047.376283000,10.11.219.6
133,-2802,1649260047.378398000,18.65.123.80
134,66,1649260047.378412000,10.11.219.6
135,-8274,1649260047.378564000,18.65.123.80
136,-11010,1649260047.378566000,18.65.123.80
137,-2802,1649260047.378593000,18.65.123.80
138,66,1649260047.378624000,10.11.219.6
139,-5538,1649260047.381124000,18.65.123.80
140,66,1649260047.381147000,10.11.219.6
141,-2802,1649260047.381321000,18.65.123.80
142,-11010,1649260047.381325000,18.65.123.80
143,66,1649260047.381373000,10.11.219.6
144,-5538,1649260047.381375000,18.65.123.80
145,66,1649260047.381424000,10.11.219.6
146,-2802,1649260047.383803000,18.65.123.80
147,66,1649260047.383819000,10.11.219.6
148,-2802,1649260047.383994000,18.65.123.80
149,-9642,1649260047.383997000,18.65.123.80
150,66,1649260047.384009000,10.11.219.6
151,66,1649260047.384064000,10.11.219.6
152,-9642,1649260047.384072000,18.65.123.80
153,66,1649260047.384126000,10.11.219.6
154,-1434,1649260047.386293000,18.65.123.80
155,-6906,1649260047.386297000,18.65.123.80
156,66,1649260047.386355000,10.11.219.6
157,-4170,1649260047.386475000,18.65.123.80
158,-11010,1649260047.386493000,18.65.123.80
159,-1434,1649260047.386511000,18.65.123.80
160,66,1649260047.386547000,10.11.219.6
161,-5538,1649260047.388624000,18.65.123.80
162,66,1649260047.388634000,10.11.219.6
163,-6906,1649260047.388806000,18.65.123.80
164,-12378,1649260047.388808000,18.65.123.80
165,66,1649260047.388872000,10.11.219.6
166,-1434,1649260047.391036000,18.65.123.80
167,-1434,1649260047.391036000,18.65.123.80
168,66,1649260047.391045000,10.11.219.6
169,-2802,1649260047.391220000,18.65.123.80
170,-13746,1649260047.391223000,18.65.123.80
171,66,1649260047.391230000,10.11.219.6
172,-5538,1649260047.391248000,18.65.123.80
173,66,1649260047.391255000,10.11.219.6
174,66,1649260047.391287000,10.11.219.6
175,-8274,1649260047.393559000,18.65.123.80
176,-2802,1649260047.393560000,18.65.123.80
177,66,1649260047.393567000,10.11.219.6
178,66,1649260047.393591000,10.11.219.6
179,-5538,1649260047.393661000,18.65.123.80
180,-5019,1649260047.393663000,18.65.123.80
181,66,1649260047.393671000,10.11.219.6
182,66,1649260047.393705000,10.11.219.6
183,90,1649260047.393832000,10.11.219.6
184,66,1649260047.393850000,10.11.219.6
185,-54,1649260047.396362000,18.65.123.80
186,74,1649260047.396667000,10.11.219.6
187,-66,1649260047.397414000,44.226.241.1
188,-74,1649260047.399568000,18.65.116.40
189,66,1649260047.399612000,10.11.219.6
190,282,1649260047.399801000,10.11.219.6
191,74,1649260047.400880000,10.11.219.6
192,-66,1649260047.402780000,18.65.116.40
193,-2802,1649260047.404063000,18.65.116.40
194,-74,1649260047.404063000,18.65.123.80
195,66,1649260047.404071000,10.11.219.6
196,66,1649260047.404089000,10.11.219.6
197,-1229,1649260047.405000000,18.65.116.40
198,66,1649260047.405009000,10.11.219.6
199,583,1649260047.406899000,10.11.219.6
200,159,1649260047.408052000,10.11.219.6
201,-66,1649260047.410498000,18.65.123.80
202,-2802,1649260047.410499000,18.65.123.80
203,-66,1649260047.410499000,18.65.116.40
204,66,1649260047.410517000,10.11.219.6
205,-237,1649260047.411344000,18.65.116.40
206,-135,1649260047.411345000,18.65.116.40
207,66,1649260047.411350000,10.11.219.6
208,66,1649260047.411364000,10.11.219.6
209,243,1649260047.411884000,10.11.219.6
210,427,1649260047.411905000,10.11.219.6
211,104,1649260047.412232000,10.11.219.6
212,-1328,1649260047.412550000,18.65.123.80
213,66,1649260047.412558000,10.11.219.6
214,-66,1649260047.414600000,18.65.116.40
215,-66,1649260047.414601000,18.65.116.40
216,-104,1649260047.414601000,18.65.116.40
217,-396,1649260047.414601000,18.65.116.40
218,66,1649260047.414628000,10.11.219.6
219,66,1649260047.414645000,10.11.219.6
220,130,1649260047.415497000,10.11.219.6
221,499,1649260047.415660000,10.11.219.6
222,-66,1649260047.416022000,18.65.116.40
223,-66,1649260047.417956000,18.65.123.80
224,-66,1649260047.419093000,18.65.123.80
225,-610,1649260047.419094000,18.65.123.80
226,-90,1649260047.419094000,18.65.123.80
227,66,1649260047.419115000,10.11.219.6
228,90,1649260047.419333000,10.11.219.6
229,66,1649260047.419354000,10.11.219.6
230,74,1649260047.420928000,10.11.219.6
231,-54,1649260047.422180000,18.65.123.80
232,-74,1649260047.424560000,18.65.123.80
233,66,1649260047.424600000,10.11.219.6
234,583,1649260047.426816000,10.11.219.6
235,-66,1649260047.429766000,18.65.123.80
236,-2802,1649260047.431069000,18.65.123.80
237,66,1649260047.431083000,10.11.219.6
238,-1328,1649260047.431997000,18.65.123.80
239,66,1649260047.432014000,10.11.219.6
240,130,1649260047.434660000,10.11.219.6
241,500,1649260047.434852000,10.11.219.6
242,538,1649260047.436147000,10.11.219.6
243,-66,1649260047.437367000,18.65.123.80
244,-66,1649260047.437368000,18.65.123.80
245,-610,1649260047.439023000,18.65.123.80
246,-90,1649260047.439023000,18.65.123.80
247,66,1649260047.439029000,10.11.219.6
248,90,1649260047.439268000,10.11.219.6
249,66,1649260047.439288000,10.11.219.6
250,-1060,1649260047.439719000,18.65.116.79
251,66,1649260047.439729000,10.11.219.6
252,74,1649260047.440976000,10.11.219.6
253,-54,1649260047.443256000,18.65.123.80
254,561,1649260047.443805000,10.11.219.6
255,-74,1649260047.443947000,18.65.123.80
256,66,1649260047.443960000,10.11.219.6
257,583,1649260047.446428000,10.11.219.6
258,-81,1649260047.447356000,18.65.116.79
259,-1434,1649260047.447357000,18.65.116.79
260,78,1649260047.447379000,10.11.219.6
261,66,1649260047.447404000,10.11.219.6
262,-66,1649260047.449202000,18.65.123.80
263,-2802,1649260047.450506000,18.65.123.80
264,66,1649260047.450522000,10.11.219.6
265,-1328,1649260047.451563000,18.65.123.80
266,66,1649260047.451579000,10.11.219.6
267,130,1649260047.456563000,10.11.219.6
268,494,1649260047.456824000,10.11.219.6
269,-66,1649260047.459293000,18.65.123.80
270,-66,1649260047.459294000,18.65.123.80
271,-5538,1649260047.460224000,18.65.123.80
272,-366,1649260047.460225000,18.65.123.80
273,-1434,1649260047.460226000,18.65.123.80
274,-90,1649260047.460226000,18.65.123.80
275,66,1649260047.460240000,10.11.219.6
276,78,1649260047.460268000,10.11.219.6
277,66,1649260047.460276000,10.11.219.6
278,90,1649260047.460465000,10.11.219.6
279,66,1649260047.460482000,10.11.219.6
280,-54,1649260047.463458000,18.65.123.80
281,74,1649260047.501395000,10.11.219.6
282,-74,1649260047.504187000,18.65.123.80
283,66,1649260047.504208000,10.11.219.6
284,583,1649260047.506117000,10.11.219.6
285,-66,1649260047.509589000,18.65.123.80
286,-2802,1649260047.510873000,18.65.123.80
287,66,1649260047.510886000,10.11.219.6
288,-1328,1649260047.511810000,18.65.123.80
289,66,1649260047.511822000,10.11.219.6
290,130,1649260047.516832000,10.11.219.6
291,495,1649260047.517166000,10.11.219.6
292,-66,1649260047.522459000,18.65.123.80
293,-66,1649260047.522460000,18.65.123.80
294,-641,1649260047.522460000,18.65.123.80
295,-90,1649260047.522461000,18.65.123.80
296,66,1649260047.522485000,10.11.219.6
297,90,1649260047.522796000,10.11.219.6
298,66,1649260047.522819000,10.11.219.6
299,74,1649260047.524492000,10.11.219.6
300,-54,1649260047.525883000,18.65.123.80
301,-74,1649260047.528068000,18.65.123.80
302,66,1649260047.528110000,10.11.219.6
303,583,1649260047.530965000,10.11.219.6
304,-66,1649260047.534554000,18.65.123.80
305,-2802,1649260047.534555000,18.65.123.80
306,66,1649260047.534579000,10.11.219.6
307,-1328,1649260047.536508000,18.65.123.80
308,66,1649260047.536524000,10.11.219.6
309,130,1649260047.539987000,10.11.219.6
310,500,1649260047.540167000,10.11.219.6
311,-66,1649260047.543154000,18.65.123.80
312,-66,1649260047.543155000,18.65.123.80
313,-2802,1649260047.543156000,18.65.123.80
314,66,1649260047.543184000,10.11.219.6
315,-11010,1649260047.545404000,18.65.123.80
316,66,1649260047.545431000,10.11.219.6
317,-1424,1649260047.545457000,18.65.123.80
318,-1434,1649260047.545458000,18.65.123.80
319,-2802,1649260047.545460000,18.65.123.80
320,78,1649260047.545472000,10.11.219.6
321,66,1649260047.545480000,10.11.219.6
322,66,1649260047.545485000,10.11.219.6
323,-8274,1649260047.545506000,18.65.123.80
324,66,1649260047.545510000,10.11.219.6
325,-4170,1649260047.547574000,18.65.123.80
326,-6906,1649260047.547586000,18.65.123.80
327,66,1649260047.547642000,10.11.219.6
328,66,1649260047.547693000,10.11.219.6
329,-5538,1649260047.550305000,18.65.123.80
330,-2802,1649260047.550307000,18.65.123.80
331,66,1649260047.550331000,10.11.219.6
332,66,1649260047.550372000,10.11.219.6
333,-16482,1649260047.550458000,18.65.123.80
334,66,1649260047.550465000,10.11.219.6
335,-2802,1649260047.551772000,18.65.123.80
336,-4170,1649260047.551774000,18.65.123.80
337,-4314,1649260047.551776000,18.65.123.80
338,66,1649260047.551797000,10.11.219.6
339,66,1649260047.551827000,10.11.219.6
340,66,1649260047.551839000,10.11.219.6
341,90,1649260047.552325000,10.11.219.6
342,66,1649260047.552401000,10.11.219.6
343,-54,1649260047.555175000,18.65.123.80
344,74,1649260047.555931000,10.11.219.6
345,-74,1649260047.558589000,18.65.123.80
346,66,1649260047.558612000,10.11.219.6
347,583,1649260047.561233000,10.11.219.6
348,-66,1649260047.564340000,18.65.123.80
349,-2802,1649260047.565595000,18.65.123.80
350,66,1649260047.565609000,10.11.219.6
351,-1328,1649260047.566532000,18.65.123.80
352,66,1649260047.566551000,10.11.219.6
353,130,1649260047.571231000,10.11.219.6
354,501,1649260047.571409000,10.11.219.6
355,-66,1649260047.573940000,18.65.123.80
356,-66,1649260047.573941000,18.65.123.80
357,-674,1649260047.575015000,18.65.123.80
358,-90,1649260047.575016000,18.65.123.80
359,66,1649260047.575033000,10.11.219.6
360,90,1649260047.575343000,10.11.219.6
361,66,1649260047.575366000,10.11.219.6
362,74,1649260047.577487000,10.11.219.6
363,-54,1649260047.578085000,18.65.123.80
364,-1175,1649260047.579673000,18.65.110.227
365,-2802,1649260047.579675000,18.65.110.227
366,-785,1649260047.579676000,18.65.110.227
367,-1434,1649260047.579677000,18.65.110.227
368,66,1649260047.579697000,10.11.219.6
369,66,1649260047.579727000,10.11.219.6
370,78,1649260047.579743000,10.11.219.6
371,66,1649260047.579768000,10.11.219.6
372,-74,1649260047.580255000,18.65.123.80
373,66,1649260047.580276000,10.11.219.6
374,583,1649260047.585705000,10.11.219.6
375,-2802,1649260047.588131000,18.65.110.227
376,66,1649260047.588149000,10.11.219.6
377,-2802,1649260047.588188000,18.65.110.227
378,66,1649260047.588194000,10.11.219.6
379,-132,1649260047.588881000,18.65.110.227
380,-66,1649260047.588882000,18.65.123.80
381,-1434,1649260047.588882000,18.65.110.227
382,78,1649260047.588894000,10.11.219.6
383,66,1649260047.588916000,10.11.219.6
384,-2802,1649260047.590055000,18.65.123.80
385,66,1649260047.590064000,10.11.219.6
386,-1328,1649260047.591015000,18.65.123.80
387,66,1649260047.591035000,10.11.219.6
388,130,1649260047.600435000,10.11.219.6
389,508,1649260047.601081000,10.11.219.6
390,-66,1649260047.608388000,18.65.123.80
391,-66,1649260047.608389000,18.65.123.80
392,-4102,1649260047.608390000,18.65.123.80
393,-90,1649260047.608390000,18.65.123.80
394,66,1649260047.608418000,10.11.219.6
395,90,1649260047.608657000,10.11.219.6
396,66,1649260047.608676000,10.11.219.6
397,74,1649260047.610319000,10.11.219.6
398,-54,1649260047.611237000,18.65.123.80
399,-74,1649260047.613392000,18.65.123.80
400,66,1649260047.613441000,10.11.219.6
401,583,1649260047.616948000,10.11.219.6
402,-66,1649260047.619806000,18.65.123.80
403,-2802,1649260047.621102000,18.65.123.80
404,66,1649260047.621122000,10.11.219.6
405,-1328,1649260047.622308000,18.65.123.80
406,66,1649260047.622335000,10.11.219.6
407,130,1649260047.625619000,10.11.219.6
408,506,1649260047.625814000,10.11.219.6
409,-66,1649260047.628920000,18.65.123.80
410,-66,1649260047.628921000,18.65.123.80
411,-1434,1649260047.628921000,18.65.123.80
412,-86,1649260047.628921000,18.65.123.80
413,-1434,1649260047.628922000,18.65.123.80
414,66,1649260047.628947000,10.11.219.6
415,78,1649260047.628965000,10.11.219.6
416,66,1649260047.628968000,10.11.219.6
417,90,1649260047.629213000,10.11.219.6
418,66,1649260047.629235000,10.11.219.6
419,-90,1649260047.629979000,18.65.123.80
420,54,1649260047.630014000,10.11.219.6
421,74,1649260047.662325000,10.11.219.6
422,74,1649260047.662484000,10.11.219.6
423,74,1649260047.662672000,10.11.219.6
424,74,1649260047.662746000,10.11.219.6
425,74,1649260047.662950000,10.11.219.6
426,-74,1649260047.665663000,18.65.144.204
427,-74,1649260047.665664000,18.65.144.204
428,-74,1649260047.665664000,18.65.144.204
429,-74,1649260047.665664000,18.65.123.80
430,-74,1649260047.665664000,18.65.144.204
431,66,1649260047.665693000,10.11.219.6
432,66,1649260047.665722000,10.11.219.6
433,66,1649260047.665728000,10.11.219.6
434,66,1649260047.665734000,10.11.219.6
435,66,1649260047.665739000,10.11.219.6
436,583,1649260047.669283000,10.11.219.6
437,-66,1649260047.672020000,18.65.144.204
438,583,1649260047.672665000,10.11.219.6
439,-4170,1649260047.673547000,18.65.144.204
440,66,1649260047.673568000,10.11.219.6
441,-1177,1649260047.674260000,18.65.144.204
442,66,1649260047.674267000,10.11.219.6
443,-66,1649260047.675247000,18.65.144.204
444,583,1649260047.675687000,10.11.219.6
445,-4170,1649260047.676786000,18.65.144.204
446,-2406,1649260047.676787000,18.65.110.227
447,66,1649260047.676798000,10.11.219.6
448,583,1649260047.677440000,10.11.219.6
449,-5538,1649260047.677905000,18.65.110.227
450,-1177,1649260047.677906000,18.65.144.204
451,66,1649260047.677913000,10.11.219.6
452,-2456,1649260047.678710000,18.65.110.227
453,-66,1649260047.678710000,18.65.123.80
454,583,1649260047.679251000,10.11.219.6
455,547,1649260047.679442000,10.11.219.6
456,66,1649260047.679526000,10.11.219.6
457,-2802,1649260047.680023000,18.65.123.80
458,66,1649260047.680041000,10.11.219.6
459,-1328,1649260047.680770000,18.65.123.80
460,-66,1649260047.680770000,18.65.144.204
461,66,1649260047.680791000,10.11.219.6
462,-4170,1649260047.682117000,18.65.144.204
463,66,1649260047.682174000,10.11.219.6
464,-66,1649260047.683137000,18.65.144.204
465,-1177,1649260047.683138000,18.65.144.204
466,-2802,1649260047.683143000,18.65.144.204
467,66,1649260047.683223000,10.11.219.6
468,66,1649260047.683284000,10.11.219.6
469,-1434,1649260047.684143000,18.65.144.204
470,-1069,1649260047.684145000,18.65.116.79
471,-1177,1649260047.684146000,18.65.144.204
472,66,1649260047.684190000,10.11.219.6
473,66,1649260047.684226000,10.11.219.6
474,-5538,1649260047.686172000,18.65.110.227
475,66,1649260047.686196000,10.11.219.6
476,-5538,1649260047.686969000,18.65.110.227
477,-94,1649260047.688142000,18.65.110.227
478,74,1649260047.689379000,10.11.219.6
479,66,1649260047.689898000,10.11.219.6
480,570,1649260047.690633000,10.11.219.6
481,-74,1649260047.692394000,18.65.144.204
482,66,1649260047.692411000,10.11.219.6
483,-468,1649260047.693649000,18.65.116.79
484,-1434,1649260047.693650000,18.65.116.79
485,78,1649260047.693664000,10.11.219.6
486,66,1649260047.693679000,10.11.219.6
487,583,1649260047.696761000,10.11.219.6
488,130,1649260047.697230000,10.11.219.6
489,130,1649260047.697450000,10.11.219.6
490,-66,1649260047.700014000,18.65.144.204
491,-66,1649260047.700017000,18.65.144.204
492,-128,1649260047.700018000,18.65.144.204
493,-66,1649260047.700018000,18.65.144.204
494,66,1649260047.700146000,10.11.219.6
495,-4170,1649260047.700633000,18.65.144.204
496,-128,1649260047.700637000,18.65.144.204
497,66,1649260047.700653000,10.11.219.6
498,66,1649260047.700667000,10.11.219.6
499,-1177,1649260047.702236000,18.65.144.204
500,66,1649260047.702287000,10.11.219.6
501,130,1649260047.702497000,10.11.219.6
502,192,1649260047.702974000,10.11.219.6
503,130,1649260047.703216000,10.11.219.6
504,130,1649260047.703408000,10.11.219.6
505,236,1649260047.703539000,10.11.219.6
506,403,1649260047.703551000,10.11.219.6
507,236,1649260047.703574000,10.11.219.6
508,897,1649260047.704134000,10.11.219.6
509,97,1649260047.704688000,10.11.219.6
510,97,1649260047.704734000,10.11.219.6
511,169,1649260047.704890000,10.11.219.6
512,443,1649260047.705140000,10.11.219.6
513,518,1649260047.705170000,10.11.219.6
514,253,1649260047.705187000,10.11.219.6
515,253,1649260047.705197000,10.11.219.6
516,-66,1649260047.705793000,18.65.123.80
517,-66,1649260047.706191000,18.65.144.204
518,-66,1649260047.706192000,18.65.144.204
519,-66,1649260047.706192000,18.65.144.204
520,-66,1649260047.706192000,18.65.144.204
521,-97,1649260047.706192000,18.65.144.204
522,-66,1649260047.706192000,18.65.144.204
523,-128,1649260047.706193000,18.65.144.204
524,-66,1649260047.706193000,18.65.116.40
525,66,1649260047.706209000,10.11.219.6
526,66,1649260047.706217000,10.11.219.6
527,-97,1649260047.706224000,18.65.144.204
528,-128,1649260047.706224000,18.65.144.204
529,66,1649260047.706226000,10.11.219.6
530,66,1649260047.706228000,10.11.219.6
531,90,1649260047.706390000,10.11.219.6
532,66,1649260047.706405000,10.11.219.6
533,90,1649260047.706472000,10.11.219.6
534,66,1649260047.706482000,10.11.219.6
535,130,1649260047.706823000,10.11.219.6
536,253,1649260047.707001000,10.11.219.6
537,333,1649260047.707217000,10.11.219.6
538,-66,1649260047.708091000,18.65.144.204
539,-395,1649260047.708092000,18.65.116.40
540,-13746,1649260047.708094000,18.65.144.204
541,66,1649260047.708106000,10.11.219.6
542,66,1649260047.708118000,10.11.219.6
543,-535,1649260047.708124000,18.65.144.204
544,-1434,1649260047.708124000,18.65.144.204
545,78,1649260047.708127000,10.11.219.6
546,66,1649260047.708132000,10.11.219.6
547,-2802,1649260047.710249000,18.65.144.204
548,66,1649260047.710269000,10.11.219.6
549,-13736,1649260047.710369000,18.65.144.204
550,66,1649260047.710377000,10.11.219.6
551,-66,1649260047.710394000,18.65.144.204
552,-5538,1649260047.710397000,18.65.144.204
553,66,1649260047.710408000,10.11.219.6
554,-5538,1649260047.711485000,18.65.144.204
555,66,1649260047.711498000,10.11.219.6
556,-1121,1649260047.713600000,18.65.144.204
557,-66,1649260047.713600000,18.65.144.204
558,-1434,1649260047.713601000,18.65.144.204
559,66,1649260047.713626000,10.11.219.6
560,66,1649260047.713661000,10.11.219.6
561,-66,1649260047.713790000,18.65.144.204
562,-15104,1649260047.713793000,18.65.144.204
563,66,1649260047.713803000,10.11.219.6
564,-66,1649260047.713827000,18.65.144.204
565,-66,1649260047.713827000,18.65.144.204
566,-97,1649260047.713827000,18.65.144.204
567,-97,1649260047.713828000,18.65.144.204
568,-66,1649260047.713828000,18.65.144.204
569,-66,1649260047.713828000,18.65.123.80
570,-996,1649260047.713829000,18.65.123.80
571,-5538,1649260047.713830000,18.65.144.204
572,54,1649260047.713852000,10.11.219.6
573,54,1649260047.713868000,10.11.219.6
574,66,1649260047.713880000,10.11.219.6
575,66,1649260047.713884000,10.11.219.6
576,90,1649260047.714707000,10.11.219.6
577,66,1649260047.714737000,10.11.219.6
578,-1434,1649260047.715580000,18.65.144.204
579,-90,1649260047.715581000,18.65.123.80
580,-66,1649260047.715581000,18.65.144.204
581,-66,1649260047.715582000,18.65.144.204
582,-66,1649260047.715582000,18.65.144.204
583,-66,1649260047.715582000,18.65.144.204
584,-66,1649260047.715583000,18.65.144.204
585,-66,1649260047.715583000,18.65.144.204
586,54,1649260047.715619000,10.11.219.6
587,54,1649260047.715637000,10.11.219.6
588,54,1649260047.715642000,10.11.219.6
589,54,1649260047.715652000,10.11.219.6
590,54,1649260047.715656000,10.11.219.6
591,-66,1649260047.715666000,18.65.144.204
592,-66,1649260047.715666000,18.65.144.204
593,-137,1649260047.715667000,18.65.144.204
594,-1434,1649260047.715667000,18.65.144.204
595,54,1649260047.715672000,10.11.219.6
596,66,1649260047.715680000,10.11.219.6
597,66,1649260047.715689000,10.11.219.6
598,90,1649260047.715760000,10.11.219.6
599,66,1649260047.715774000,10.11.219.6
600,-12378,1649260047.716469000,18.65.144.204
601,66,1649260047.716476000,10.11.219.6
602,-5538,1649260047.716504000,18.65.144.204
603,-4170,1649260047.716505000,18.65.144.204
604,66,1649260047.716509000,10.11.219.6
605,66,1649260047.716516000,10.11.219.6
606,74,1649260047.719264000,10.11.219.6
607,-2802,1649260047.719367000,18.65.144.204
608,66,1649260047.719377000,10.11.219.6
609,-20586,1649260047.719673000,18.65.144.204
610,66,1649260047.719685000,10.11.219.6
611,-1434,1649260047.719697000,18.65.144.204
612,66,1649260047.719702000,10.11.219.6
613,-2802,1649260047.722011000,18.65.144.204
614,66,1649260047.722032000,10.11.219.6
615,-19218,1649260047.722191000,18.65.144.204
616,66,1649260047.722198000,10.11.219.6
617,-483,1649260047.722213000,18.65.144.204
618,-1434,1649260047.722213000,18.65.144.204
619,-1017,1649260047.722214000,18.65.144.204
620,78,1649260047.722222000,10.11.219.6
621,66,1649260047.722229000,10.11.219.6
622,66,1649260047.722233000,10.11.219.6
623,-1340,1649260047.724607000,18.65.144.204
624,-2802,1649260047.724609000,18.65.144.204
625,66,1649260047.724626000,10.11.219.6
626,66,1649260047.724646000,10.11.219.6
627,-1434,1649260047.724774000,18.65.144.204
628,-18818,1649260047.724778000,18.65.144.204
629,66,1649260047.724785000,10.11.219.6
630,66,1649260047.724797000,10.11.219.6
631,-66,1649260047.724806000,18.65.144.204
632,-66,1649260047.724806000,18.65.144.204
633,-66,1649260047.724806000,18.65.144.204
634,66,1649260047.724838000,10.11.219.6
635,-2802,1649260047.727069000,18.65.144.204
636,66,1649260047.727098000,10.11.219.6
637,-8274,1649260047.727220000,18.65.144.204
638,-466,1649260047.727221000,18.65.144.204
639,-1434,1649260047.727221000,18.65.144.204
640,66,1649260047.727227000,10.11.219.6
641,78,1649260047.727243000,10.11.219.6
642,66,1649260047.727251000,10.11.219.6
643,-11010,1649260047.727276000,18.65.144.204
644,66,1649260047.727280000,10.11.219.6
645,-1298,1649260047.728589000,18.65.144.204
646,-74,1649260047.728589000,18.65.123.80
647,-1434,1649260047.728590000,18.65.144.204
648,-2802,1649260047.728590000,18.65.144.204
649,-672,1649260047.728591000,18.65.144.204
650,-1434,1649260047.728591000,18.65.144.204
651,78,1649260047.728605000,10.11.219.6
652,66,1649260047.728624000,10.11.219.6
653,66,1649260047.728631000,10.11.219.6
654,66,1649260047.728635000,10.11.219.6
655,78,1649260047.728639000,10.11.219.6
656,66,1649260047.728643000,10.11.219.6
657,583,1649260047.734520000,10.11.219.6
658,-66,1649260047.737455000,18.65.123.80
659,-2802,1649260047.738749000,18.65.123.80
660,66,1649260047.738762000,10.11.219.6
661,-1328,1649260047.739688000,18.65.123.80
662,66,1649260047.739705000,10.11.219.6
663,130,1649260047.743264000,10.11.219.6
664,518,1649260047.743454000,10.11.219.6
665,-66,1649260047.746185000,18.65.123.80
666,-66,1649260047.746186000,18.65.123.80
667,-675,1649260047.747172000,18.65.123.80
668,-90,1649260047.747173000,18.65.123.80
669,66,1649260047.747193000,10.11.219.6
670,90,1649260047.747532000,10.11.219.6
671,66,1649260047.747556000,10.11.219.6
672,-54,1649260047.750458000,18.65.123.80
673,74,1649260047.752199000,10.11.219.6
674,-74,1649260047.755654000,18.65.123.80
675,66,1649260047.755685000,10.11.219.6
676,583,1649260047.757528000,10.11.219.6
677,-66,1649260047.761311000,18.65.123.80
678,-2802,1649260047.761312000,18.65.123.80
679,66,1649260047.761335000,10.11.219.6
680,-1328,1649260047.763316000,18.65.123.80
681,66,1649260047.763339000,10.11.219.6
682,130,1649260047.767374000,10.11.219.6
683,517,1649260047.767780000,10.11.219.6
684,-66,1649260047.769613000,18.65.123.80
685,-66,1649260047.770772000,18.65.123.80
686,-772,1649260047.770773000,18.65.123.80
687,66,1649260047.770791000,10.11.219.6
688,90,1649260047.771104000,10.11.219.6
689,66,1649260047.771130000,10.11.219.6
690,-90,1649260047.771833000,18.65.123.80
691,54,1649260047.771856000,10.11.219.6
692,-2802,1649260047.775378000,18.65.110.227
693,66,1649260047.775388000,10.11.219.6
694,-2802,1649260047.775415000,18.65.110.227
695,66,1649260047.775461000,10.11.219.6
696,-1434,1649260047.776956000,18.65.110.227
697,-884,1649260047.776957000,18.65.110.227
698,-1434,1649260047.776957000,18.65.110.227
699,-5538,1649260047.776958000,18.65.110.227
700,66,1649260047.776966000,10.11.219.6
701,78,1649260047.776978000,10.11.219.6
702,66,1649260047.776983000,10.11.219.6
703,66,1649260047.776988000,10.11.219.6
704,-1434,1649260047.778505000,18.65.110.227
705,-890,1649260047.778505000,18.65.110.227
706,-1434,1649260047.778506000,18.65.110.227
707,66,1649260047.778519000,10.11.219.6
708,78,1649260047.778541000,10.11.219.6
709,66,1649260047.778549000,10.11.219.6
710,-5538,1649260047.785364000,18.65.110.227
711,66,1649260047.785384000,10.11.219.6
712,-2802,1649260047.785457000,18.65.110.227
713,-2802,1649260047.785459000,18.65.110.227
714,66,1649260047.785472000,10.11.219.6
715,66,1649260047.785495000,10.11.219.6
716,-5528,1649260047.786969000,18.65.110.227
717,-8274,1649260047.786970000,18.65.110.227
718,66,1649260047.786975000,10.11.219.6
719,66,1649260047.786997000,10.11.219.6
720,-2530,1649260047.788278000,18.65.110.227
721,66,1649260047.788285000,10.11.219.6
722,-5538,1649260047.874070000,18.65.110.227
723,-5538,1649260047.874137000,18.65.110.227
724,66,1649260047.874143000,10.11.219.6
725,66,1649260047.874170000,10.11.219.6
726,-5528,1649260047.876516000,18.65.110.227
727,66,1649260047.876528000,10.11.219.6
728,-11010,1649260047.876670000,18.65.110.227
729,66,1649260047.876680000,10.11.219.6
730,-5538,1649260047.876740000,18.65.110.227
731,-1108,1649260047.876740000,18.65.110.227
732,66,1649260047.876751000,10.11.219.6
733,78,1649260047.876758000,10.11.219.6
734,-1434,1649260047.877454000,18.65.110.227
735,66,1649260047.877476000,10.11.219.6
736,-6906,1649260047.887925000,18.65.110.227
737,-890,1649260047.887926000,18.65.110.227
738,-1434,1649260047.887926000,18.65.110.227
739,66,1649260047.887941000,10.11.219.6
740,78,1649260047.887960000,10.11.219.6
741,66,1649260047.887969000,10.11.219.6
742,-8274,1649260047.972245000,18.65.110.227
743,66,1649260047.972264000,10.11.219.6
744,-6906,1649260047.972304000,18.65.110.227
745,66,1649260047.972308000,10.11.219.6
746,-1458,1649260047.974447000,18.65.110.227
747,-335,1649260047.974448000,18.65.110.227
748,-1434,1649260047.974448000,18.65.110.227
749,-1434,1649260047.974449000,18.65.110.227
750,66,1649260047.974471000,10.11.219.6
751,78,1649260047.974517000,10.11.219.6
752,66,1649260047.974525000,10.11.219.6
753,66,1649260047.974530000,10.11.219.6
754,-9642,1649260047.974561000,18.65.110.227
755,-1359,1649260047.974561000,18.65.110.227
756,66,1649260047.974566000,10.11.219.6
757,78,1649260047.974571000,10.11.219.6
758,-1434,1649260047.974581000,18.65.110.227
759,-516,1649260047.974581000,18.65.110.227
760,66,1649260047.974586000,10.11.219.6
761,66,1649260047.974592000,10.11.219.6
762,-830,1649260047.979696000,18.65.110.227
763,-1434,1649260047.979697000,18.65.110.227
764,78,1649260047.979717000,10.11.219.6
765,66,1649260047.979747000,10.11.219.6
766,211,1649260047.980607000,10.11.219.6
767,195,1649260047.980950000,10.11.219.6
768,-66,1649260047.982745000,18.65.144.204
769,-66,1649260047.985045000,18.65.144.204
770,-8274,1649260047.985056000,18.65.144.204
771,66,1649260047.985138000,10.11.219.6
772,-1434,1649260047.985231000,18.65.144.204
773,-372,1649260047.985231000,18.65.144.204
774,-1434,1649260047.985233000,18.65.144.204
775,-2802,1649260047.985234000,18.65.144.204
776,-600,1649260047.985235000,18.65.144.204
777,66,1649260047.985251000,10.11.219.6
778,78,1649260047.985267000,10.11.219.6
779,66,1649260047.985275000,10.11.219.6
780,66,1649260047.985280000,10.11.219.6
781,78,1649260047.985285000,10.11.219.6
782,201,1649260047.985452000,10.11.219.6
783,-1434,1649260047.986164000,18.65.144.204
784,66,1649260047.986193000,10.11.219.6
785,74,1649260047.986936000,10.11.219.6
786,-2802,1649260047.989901000,18.65.144.204
787,66,1649260047.989918000,10.11.219.6
788,-8274,1649260047.989961000,18.65.144.204
789,66,1649260047.989969000,10.11.219.6
790,-1434,1649260047.990771000,18.65.144.204
791,-545,1649260047.990772000,18.65.144.204
792,-1434,1649260047.990772000,18.65.144.204
793,-97,1649260047.990772000,18.65.144.204
794,-731,1649260047.990773000,18.65.110.227
795,66,1649260047.990780000,10.11.219.6
796,78,1649260047.990793000,10.11.219.6
797,66,1649260047.990798000,10.11.219.6
798,66,1649260047.990802000,10.11.219.6
799,66,1649260047.990807000,10.11.219.6
800,169,1649260048.004166000,10.11.219.6
801,-2802,1649260048.009586000,18.65.144.204
802,66,1649260048.009607000,10.11.219.6
803,-443,1649260048.009955000,18.65.144.204
804,-1434,1649260048.009955000,18.65.144.204
805,-97,1649260048.009956000,18.65.144.204
806,78,1649260048.009967000,10.11.219.6
807,66,1649260048.009982000,10.11.219.6
808,200,1649260048.012715000,10.11.219.6
809,74,1649260048.012802000,10.11.219.6
810,-2802,1649260048.017417000,18.65.144.204
811,66,1649260048.017444000,10.11.219.6
812,-13736,1649260048.017582000,18.65.144.204
813,66,1649260048.017588000,10.11.219.6
814,-8274,1649260048.017619000,18.65.144.204
815,66,1649260048.017630000,10.11.219.6
816,-2802,1649260048.020089000,18.65.144.204
817,66,1649260048.020103000,10.11.219.6
818,-2802,1649260048.020274000,18.65.144.204
819,-1424,1649260048.020274000,18.65.144.204
820,-74,1649260048.020275000,18.65.144.204
821,-1434,1649260048.020275000,18.65.144.204
822,-17850,1649260048.020278000,18.65.144.204
823,66,1649260048.020286000,10.11.219.6
824,78,1649260048.020296000,10.11.219.6
825,66,1649260048.020306000,10.11.219.6
826,66,1649260048.020312000,10.11.219.6
827,66,1649260048.020319000,10.11.219.6
828,-1030,1649260048.021499000,18.65.144.204
829,583,1649260048.022236000,10.11.219.6
830,-66,1649260048.025989000,18.65.144.204
831,-4170,1649260048.025991000,18.65.144.204
832,66,1649260048.026019000,10.11.219.6
833,-1177,1649260048.026840000,18.65.144.204
834,66,1649260048.026849000,10.11.219.6
835,130,1649260048.028739000,10.11.219.6
836,253,1649260048.028942000,10.11.219.6
837,-66,1649260048.031094000,18.65.144.204
838,-128,1649260048.031095000,18.65.144.204
839,-66,1649260048.031095000,18.65.144.204
840,66,1649260048.031114000,10.11.219.6
841,90,1649260048.031243000,10.11.219.6
842,66,1649260048.031258000,10.11.219.6
843,-97,1649260048.032134000,18.65.144.204
844,54,1649260048.032151000,10.11.219.6
845,66,1649260048.064751000,10.11.219.6
846,-74,1649260048.113967000,34.223.189.100
847,66,1649260048.114069000,10.11.219.6
848,583,1649260048.120371000,10.11.219.6
849,-66,1649260048.247020000,34.223.189.100
850,-1434,1649260048.249875000,34.223.189.100
851,-1407,1649260048.249879000,34.223.189.100
852,-2802,1649260048.249883000,34.223.189.100
853,66,1649260048.249950000,10.11.219.6
854,78,1649260048.250030000,10.11.219.6
855,66,1649260048.250045000,10.11.219.6
856,192,1649260048.256382000,10.11.219.6
857,-127,1649260048.365444000,18.65.110.227
858,66,1649260048.365458000,10.11.219.6
859,-382,1649260048.366550000,18.65.110.227
860,66,1649260048.366604000,10.11.219.6
861,-2802,1649260048.369175000,18.65.110.227
862,66,1649260048.369188000,10.11.219.6
863,-3496,1649260048.369228000,18.65.110.227
864,-1225,1649260048.369229000,18.65.110.227
865,66,1649260048.369239000,10.11.219.6
866,66,1649260048.369251000,10.11.219.6
867,-2802,1649260048.372588000,18.65.110.227
868,66,1649260048.372608000,10.11.219.6
869,-8274,1649260048.372666000,18.65.110.227
870,66,1649260048.372673000,10.11.219.6
871,-4170,1649260048.373633000,18.65.110.227
872,-90,1649260048.373634000,18.65.110.227
873,-1434,1649260048.373634000,18.65.110.227
874,66,1649260048.373647000,10.11.219.6
875,78,1649260048.373665000,10.11.219.6
876,66,1649260048.373670000,10.11.219.6
877,202,1649260048.377910000,10.11.219.6
878,74,1649260048.377972000,10.11.219.6
879,-934,1649260048.381081000,18.65.144.204
880,-74,1649260048.381082000,18.65.144.204
881,66,1649260048.381143000,10.11.219.6
882,66,1649260048.381212000,10.11.219.6
883,-324,1649260048.383357000,34.223.189.100
884,-135,1649260048.383360000,34.223.189.100
885,66,1649260048.383442000,10.11.219.6
886,66,1649260048.383507000,10.11.219.6
887,583,1649260048.386043000,10.11.219.6
888,-66,1649260048.388673000,18.65.144.204
889,-4170,1649260048.390003000,18.65.144.204
890,66,1649260048.390020000,10.11.219.6
891,-1177,1649260048.390791000,18.65.144.204
892,66,1649260048.390804000,10.11.219.6
893,157,1649260048.426216000,10.11.219.6
894,247,1649260048.426619000,10.11.219.6
895,157,1649260048.426974000,10.11.219.6
896,265,1649260048.427261000,10.11.219.6
897,154,1649260048.427696000,10.11.219.6
898,155,1649260048.427944000,10.11.219.6
899,155,1649260048.428683000,10.11.219.6
900,243,1649260048.428839000,10.11.219.6
901,508,1649260048.428857000,10.11.219.6
902,-66,1649260048.429246000,18.65.144.204
903,-66,1649260048.430456000,18.65.144.204
904,-698,1649260048.430459000,18.65.144.204
905,66,1649260048.430574000,10.11.219.6
906,104,1649260048.431318000,10.11.219.6
907,155,1649260048.433610000,10.11.219.6
908,155,1649260048.434437000,10.11.219.6
909,130,1649260048.436520000,10.11.219.6
910,253,1649260048.436975000,10.11.219.6
911,-1434,1649260048.442010000,18.65.144.204
912,-468,1649260048.442011000,18.65.144.204
913,66,1649260048.442026000,10.11.219.6
914,78,1649260048.442054000,10.11.219.6
915,-1434,1649260048.442163000,18.65.144.204
916,-97,1649260048.442163000,18.65.144.204
917,-5079,1649260048.442164000,18.65.144.204
918,-97,1649260048.442164000,18.65.144.204
919,-674,1649260048.442164000,18.65.144.204
920,66,1649260048.442170000,10.11.219.6
921,66,1649260048.442183000,10.11.219.6
922,66,1649260048.442187000,10.11.219.6
923,66,1649260048.442191000,10.11.219.6
924,78,1649260048.442193000,10.11.219.6
925,-1434,1649260048.442213000,18.65.144.204
926,-97,1649260048.442213000,18.65.144.204
927,-979,1649260048.442213000,18.65.144.204
928,-4170,1649260048.442215000,18.65.144.204
929,-803,1649260048.442215000,18.65.144.204
930,-1434,1649260048.442216000,18.65.144.204
931,66,1649260048.442222000,10.11.219.6
932,66,1649260048.442226000,10.11.219.6
933,66,1649260048.442230000,10.11.219.6
934,66,1649260048.442233000,10.11.219.6
935,78,1649260048.442236000,10.11.219.6
936,66,1649260048.442238000,10.11.219.6
937,-97,1649260048.442256000,18.65.144.204
938,-2802,1649260048.442256000,18.65.144.204
939,-126,1649260048.442257000,18.65.144.204
940,-1434,1649260048.442257000,18.65.144.204
941,-97,1649260048.442258000,18.65.144.204
942,-2802,1649260048.442258000,18.65.144.204
943,66,1649260048.442261000,10.11.219.6
944,78,1649260048.442265000,10.11.219.6
945,66,1649260048.442268000,10.11.219.6
946,66,1649260048.442271000,10.11.219.6
947,-2802,1649260048.444249000,18.65.144.204
948,66,1649260048.444267000,10.11.219.6
949,-1434,1649260048.444435000,18.65.144.204
950,-534,1649260048.444436000,18.65.144.204
951,-1434,1649260048.444436000,18.65.144.204
952,-1182,1649260048.444436000,18.65.144.204
953,-97,1649260048.444437000,18.65.144.204
954,-16472,1649260048.444439000,18.65.144.204
955,66,1649260048.444448000,10.11.219.6
956,78,1649260048.444464000,10.11.219.6
957,66,1649260048.444471000,10.11.219.6
958,-1434,1649260048.444479000,18.65.144.204
959,66,1649260048.444482000,10.11.219.6
960,66,1649260048.444493000,10.11.219.6
961,66,1649260048.444501000,10.11.219.6
962,-2802,1649260048.447173000,18.65.144.204
963,-366,1649260048.447174000,18.65.144.204
964,-1434,1649260048.447175000,18.65.144.204
965,66,1649260048.447193000,10.11.219.6
966,78,1649260048.447223000,10.11.219.6
967,66,1649260048.447229000,10.11.219.6
968,-13746,1649260048.447311000,18.65.144.204
969,66,1649260048.447318000,10.11.219.6
970,-1424,1649260048.447334000,18.65.144.204
971,-1434,1649260048.447335000,18.65.144.204
972,-520,1649260048.447335000,18.65.144.204
973,-66,1649260048.447336000,18.65.144.204
974,-128,1649260048.447336000,18.65.144.204
975,-66,1649260048.447336000,18.65.144.204
976,-97,1649260048.447337000,18.65.144.204
977,78,1649260048.447344000,10.11.219.6
978,66,1649260048.447351000,10.11.219.6
979,66,1649260048.447355000,10.11.219.6
980,66,1649260048.447365000,10.11.219.6
981,66,1649260048.447371000,10.11.219.6
982,90,1649260048.447546000,10.11.219.6
983,66,1649260048.447561000,10.11.219.6
984,-66,1649260048.451014000,18.65.144.204
985,-66,1649260048.451015000,18.65.144.204
986,66,1649260048.451046000,10.11.219.6
987,-1434,1649260048.463085000,18.65.110.227
988,66,1649260048.463103000,10.11.219.6
989,-595,1649260048.464146000,18.65.110.227
990,-1434,1649260048.464147000,18.65.110.227
991,78,1649260048.464159000,10.11.219.6
992,66,1649260048.464173000,10.11.219.6
993,-2802,1649260048.467522000,18.65.110.227
994,66,1649260048.467538000,10.11.219.6
995,-12378,1649260048.467610000,18.65.110.227
996,66,1649260048.467619000,10.11.219.6
997,-1424,1649260048.469130000,18.65.110.227
998,-4023,1649260048.469136000,18.65.110.227
999,66,1649260048.469202000,10.11.219.6
1000,66,1649260048.469283000,10.11.219.6
1001,-1312,1649260048.469892000,18.65.110.227
1002,66,1649260048.469914000,10.11.219.6
1003,154,1649260048.489202000,10.11.219.6
1004,154,1649260048.489644000,10.11.219.6
1005,-66,1649260048.496271000,18.65.144.204
1006,-1057,1649260048.497424000,18.65.144.204
1007,-97,1649260048.497425000,18.65.144.204
1008,66,1649260048.497447000,10.11.219.6
1009,66,1649260048.497686000,10.11.219.6
1010,-1140,1649260048.498492000,18.65.144.204
1011,-97,1649260048.498493000,18.65.144.204
1012,66,1649260048.498503000,10.11.219.6
1013,66,1649260048.498675000,10.11.219.6
1014,189,1649260048.500599000,10.11.219.6
1015,189,1649260048.500920000,10.11.219.6
1016,-66,1649260048.503977000,18.65.144.204
1017,-2561,1649260048.503979000,18.65.144.204
1018,66,1649260048.504016000,10.11.219.6
1019,-1434,1649260048.505138000,18.65.144.204
1020,-417,1649260048.505140000,18.65.144.204
1021,-1434,1649260048.505140000,18.65.144.204
1022,66,1649260048.505176000,10.11.219.6
1023,78,1649260048.505219000,10.11.219.6
1024,66,1649260048.505229000,10.11.219.6
1025,-66,1649260048.555431000,34.223.189.100
1026,-104,1649260048.555432000,34.223.189.100
1027,66,1649260048.555460000,10.11.219.6
1028,190,1649260048.557456000,10.11.219.6
1029,-236,1649260048.558552000,34.223.189.100
1030,-104,1649260048.558553000,34.223.189.100
1031,66,1649260048.558579000,10.11.219.6
1032,66,1649260048.558607000,10.11.219.6
1033,-66,1649260048.559583000,18.65.144.204
1034,623,1649260048.559609000,10.11.219.6
1035,-883,1649260048.560741000,18.65.144.204
1036,66,1649260048.560761000,10.11.219.6
1037,-2802,1649260048.564470000,18.65.144.204
1038,66,1649260048.564491000,10.11.219.6
1039,207,1649260048.564560000,10.11.219.6
1040,-11828,1649260048.564615000,18.65.144.204
1041,66,1649260048.564623000,10.11.219.6
1042,-9642,1649260048.564663000,18.65.144.204
1043,66,1649260048.564669000,10.11.219.6
1044,-2802,1649260048.566585000,18.65.144.204
1045,66,1649260048.566603000,10.11.219.6
1046,-4160,1649260048.566696000,18.65.144.204
1047,-11010,1649260048.566699000,18.65.144.204
1048,66,1649260048.566713000,10.11.219.6
1049,66,1649260048.566722000,10.11.219.6
1050,-2802,1649260048.569145000,18.65.144.204
1051,66,1649260048.569169000,10.11.219.6
1052,-2792,1649260048.569318000,18.65.144.204
1053,-19218,1649260048.569321000,18.65.144.204
1054,66,1649260048.569334000,10.11.219.6
1055,66,1649260048.569353000,10.11.219.6
1056,-2802,1649260048.571311000,18.65.144.204
1057,66,1649260048.571329000,10.11.219.6
1058,-10990,1649260048.571464000,18.65.144.204
1059,66,1649260048.571471000,10.11.219.6
1060,-11010,1649260048.571505000,18.65.144.204
1061,66,1649260048.571510000,10.11.219.6
1062,-2802,1649260048.574298000,18.65.144.204
1063,66,1649260048.574312000,10.11.219.6
1064,-19218,1649260048.574463000,18.65.144.204
1065,66,1649260048.574472000,10.11.219.6
1066,-2802,1649260048.574487000,18.65.144.204
1067,66,1649260048.574491000,10.11.219.6
1068,-2802,1649260048.576363000,18.65.144.204
1069,66,1649260048.576376000,10.11.219.6
1070,-8274,1649260048.576580000,18.65.144.204
1071,-95,1649260048.576580000,18.65.144.204
1072,-1434,1649260048.576581000,18.65.144.204
1073,66,1649260048.576592000,10.11.219.6
1074,78,1649260048.576604000,10.11.219.6
1075,66,1649260048.576611000,10.11.219.6
1076,-13746,1649260048.576640000,18.65.144.204
1077,66,1649260048.576648000,10.11.219.6
1078,-2792,1649260048.579709000,18.65.144.204
1079,66,1649260048.579729000,10.11.219.6
1080,-13746,1649260048.579825000,18.65.144.204
1081,66,1649260048.579830000,10.11.219.6
1082,-745,1649260048.579838000,18.65.144.204
1083,-1434,1649260048.579839000,18.65.144.204
1084,78,1649260048.579847000,10.11.219.6
1085,66,1649260048.579854000,10.11.219.6
1086,1180,1649260048.591120000,10.11.219.6
1087,183,1649260048.593900000,10.11.219.6
1088,177,1649260048.596279000,10.11.219.6
1089,-2802,1649260048.596385000,18.65.144.204
1090,66,1649260048.596412000,10.11.219.6
1091,-13736,1649260048.597628000,18.65.144.204
1092,66,1649260048.597649000,10.11.219.6
1093,-8274,1649260048.597693000,18.65.144.204
1094,66,1649260048.597709000,10.11.219.6
1095,177,1649260048.597811000,10.11.219.6
1096,-8264,1649260048.598884000,18.65.144.204
1097,-2802,1649260048.598886000,18.65.144.204
1098,66,1649260048.598905000,10.11.219.6
1099,66,1649260048.598930000,10.11.219.6
1100,176,1649260048.599989000,10.11.219.6
1101,184,1649260048.600151000,10.11.219.6
1102,-5538,1649260048.601083000,18.65.144.204
1103,66,1649260048.601100000,10.11.219.6
1104,-19218,1649260048.601640000,18.65.144.204
1105,66,1649260048.601656000,10.11.219.6
1106,174,1649260048.602112000,10.11.219.6
1107,169,1649260048.602519000,10.11.219.6
1108,-5518,1649260048.604608000,18.65.144.204
1109,-2802,1649260048.604610000,18.65.144.204
1110,66,1649260048.604647000,10.11.219.6
1111,66,1649260048.604683000,10.11.219.6
1112,-16482,1649260048.604773000,18.65.144.204
1113,66,1649260048.604807000,10.11.219.6
1114,183,1649260048.605837000,10.11.219.6
1115,284,1649260048.606532000,10.11.219.6
1116,-11010,1649260048.606585000,18.65.144.204
1117,66,1649260048.606619000,10.11.219.6
1118,-2802,1649260048.607034000,18.65.144.204
1119,-11010,1649260048.607055000,18.65.144.204
1120,66,1649260048.607104000,10.11.219.6
1121,66,1649260048.607146000,10.11.219.6
1122,192,1649260048.608384000,10.11.219.6
1123,-11010,1649260048.609022000,18.65.144.204
1124,66,1649260048.609055000,10.11.219.6
1125,-11010,1649260048.609609000,18.65.144.204
1126,66,1649260048.609623000,10.11.219.6
1127,-2802,1649260048.609650000,18.65.144.204
1128,66,1649260048.609660000,10.11.219.6
1129,-2802,1649260048.612024000,18.65.144.204
1130,66,1649260048.612048000,10.11.219.6
1131,-21954,1649260048.612199000,18.65.144.204
1132,66,1649260048.612207000,10.11.219.6
1133,-5538,1649260048.614610000,18.65.144.204
1134,-12378,1649260048.614613000,18.65.144.204
1135,66,1649260048.614630000,10.11.219.6
1136,66,1649260048.614651000,10.11.219.6
1137,-2802,1649260048.614670000,18.65.144.204
1138,-4170,1649260048.614671000,18.65.144.204
1139,66,1649260048.614683000,10.11.219.6
1140,66,1649260048.614692000,10.11.219.6
1141,-9642,1649260048.617384000,18.65.144.204
1142,-16482,1649260048.617397000,18.65.144.204
1143,66,1649260048.617466000,10.11.219.6
1144,66,1649260048.617555000,10.11.219.6
1145,-2802,1649260048.620055000,18.65.144.204
1146,66,1649260048.620074000,10.11.219.6
1147,-5538,1649260048.620206000,18.65.144.204
1148,-11010,1649260048.620208000,18.65.144.204
1149,66,1649260048.620215000,10.11.219.6
1150,66,1649260048.620221000,10.11.219.6
1151,-66,1649260048.620243000,18.65.144.204
1152,-5538,1649260048.620244000,18.65.144.204
1153,66,1649260048.620254000,10.11.219.6
1154,-5538,1649260048.622841000,18.65.144.204
1155,66,1649260048.622858000,10.11.219.6
1156,-2802,1649260048.622978000,18.65.144.204
1157,-66,1649260048.622979000,18.65.144.204
1158,-16482,1649260048.622981000,18.65.144.204
1159,66,1649260048.622989000,10.11.219.6
1160,66,1649260048.623002000,10.11.219.6
1161,-2802,1649260048.625743000,18.65.144.204
1162,66,1649260048.625762000,10.11.219.6
1163,-13746,1649260048.625902000,18.65.144.204
1164,66,1649260048.625909000,10.11.219.6
1165,-8274,1649260048.625935000,18.65.144.204
1166,66,1649260048.625944000,10.11.219.6
1167,-5538,1649260048.628157000,18.65.144.204
1168,66,1649260048.628178000,10.11.219.6
1169,-4170,1649260048.628286000,18.65.144.204
1170,-15114,1649260048.628289000,18.65.144.204
1171,66,1649260048.628298000,10.11.219.6
1172,66,1649260048.628308000,10.11.219.6
1173,-5538,1649260048.630508000,18.65.144.204
1174,66,1649260048.630528000,10.11.219.6
1175,-20586,1649260048.630724000,18.65.144.204
1176,66,1649260048.630731000,10.11.219.6
1177,-1434,1649260048.632913000,18.65.144.204
1178,-1434,1649260048.632914000,18.65.144.204
1179,66,1649260048.632945000,10.11.219.6
1180,-20586,1649260048.633078000,18.65.144.204
1181,66,1649260048.633085000,10.11.219.6
1182,-1434,1649260048.633096000,18.65.144.204
1183,-2802,1649260048.635312000,18.65.144.204
1184,66,1649260048.635331000,10.11.219.6
1185,-8274,1649260048.635485000,18.65.144.204
1186,-13746,1649260048.635489000,18.65.144.204
1187,66,1649260048.635498000,10.11.219.6
1188,66,1649260048.635505000,10.11.219.6
1189,-5538,1649260048.638288000,18.65.144.204
1190,-2802,1649260048.638297000,18.65.144.204
1191,66,1649260048.638387000,10.11.219.6
1192,66,1649260048.638485000,10.11.219.6
1193,-16482,1649260048.638640000,18.65.144.204
1194,66,1649260048.638657000,10.11.219.6
1195,-11010,1649260048.639515000,18.65.144.204
1196,66,1649260048.639535000,10.11.219.6
1197,-2802,1649260048.641163000,18.65.144.204
1198,-9642,1649260048.641166000,18.65.144.204
1199,66,1649260048.641182000,10.11.219.6
1200,66,1649260048.641202000,10.11.219.6
1201,-494,1649260048.641210000,18.65.144.204
1202,-1434,1649260048.641213000,18.65.144.204
1203,78,1649260048.641218000,10.11.219.6
1204,66,1649260048.641223000,10.11.219.6
1205,181,1649260048.808915000,10.11.219.6
1206,194,1649260048.809101000,10.11.219.6
1207,-66,1649260048.811278000,18.65.144.204
1208,-1434,1649260048.813957000,18.65.144.204
1209,-809,1649260048.813958000,18.65.144.204
1210,66,1649260048.813976000,10.11.219.6
1211,78,1649260048.814003000,10.11.219.6
1212,-2802,1649260048.814107000,18.65.144.204
1213,-16472,1649260048.814110000,18.65.144.204
1214,66,1649260048.814120000,10.11.219.6
1215,66,1649260048.814128000,10.11.219.6
1216,-2802,1649260048.816058000,18.65.144.204
1217,66,1649260048.816076000,10.11.219.6
1218,-13736,1649260048.816241000,18.65.144.204
1219,66,1649260048.816257000,10.11.219.6
1220,-4170,1649260048.816301000,18.65.144.204
1221,66,1649260048.816310000,10.11.219.6
1222,-11010,1649260048.817686000,18.65.144.204
1223,66,1649260048.817702000,10.11.219.6
1224,-2802,1649260048.824877000,18.65.144.204
1225,66,1649260048.824897000,10.11.219.6
1226,-2835,1649260048.824928000,18.65.144.204
1227,66,1649260048.824932000,10.11.219.6
1228,-1876,1649260048.848350000,18.65.110.227
1229,66,1649260048.848368000,10.11.219.6
1230,-3599,1649260048.850013000,18.65.110.227
1231,-104,1649260048.850014000,18.65.110.227
1232,-1434,1649260048.850014000,18.65.110.227
1233,-304,1649260048.850015000,18.65.110.227
1234,-1434,1649260048.850015000,18.65.110.227
1235,-335,1649260048.850016000,18.65.110.227
1236,66,1649260048.850055000,10.11.219.6
1237,78,1649260048.850076000,10.11.219.6
1238,66,1649260048.850082000,10.11.219.6
1239,78,1649260048.850086000,10.11.219.6
1240,66,1649260048.850090000,10.11.219.6
1241,78,1649260048.850094000,10.11.219.6
1242,-1434,1649260048.850105000,18.65.110.227
1243,66,1649260048.850109000,10.11.219.6
1244,-2802,1649260048.852259000,18.65.110.227
1245,66,1649260048.852275000,10.11.219.6
1246,-5538,1649260048.852323000,18.65.110.227
1247,-874,1649260048.852324000,18.65.110.227
1248,-1434,1649260048.852324000,18.65.110.227
1249,66,1649260048.852332000,10.11.219.6
1250,78,1649260048.852341000,10.11.219.6
1251,66,1649260048.852347000,10.11.219.6
1252,157,1649260048.854084000,10.11.219.6
1253,157,1649260048.854425000,10.11.219.6
1254,164,1649260048.856459000,10.11.219.6
1255,165,1649260048.856595000,10.11.219.6
1256,-66,1649260048.856981000,18.65.144.204
1257,-1434,1649260048.858417000,18.65.144.204
1258,-589,1649260048.858418000,18.65.144.204
1259,-1434,1649260048.858419000,18.65.144.204
1260,-97,1649260048.858419000,18.65.144.204
1261,-1434,1649260048.858420000,18.65.144.204
1262,-274,1649260048.858420000,18.65.144.204
1263,-1434,1649260048.858420000,18.65.144.204
1264,-97,1649260048.858421000,18.65.144.204
1265,78,1649260048.858452000,10.11.219.6
1266,66,1649260048.858474000,10.11.219.6
1267,66,1649260048.858487000,10.11.219.6
1268,78,1649260048.858500000,10.11.219.6
1269,66,1649260048.858507000,10.11.219.6
1270,-66,1649260048.860254000,18.65.144.204
1271,-1210,1649260048.860255000,18.65.144.204
1272,-97,1649260048.860256000,18.65.144.204
1273,-1434,1649260048.860256000,18.65.144.204
1274,78,1649260048.860280000,10.11.219.6
1275,78,1649260048.860296000,10.11.219.6
1276,66,1649260048.860308000,10.11.219.6
1277,-178,1649260048.861248000,18.65.144.204
1278,-1434,1649260048.861249000,18.65.144.204
1279,-97,1649260048.861249000,18.65.144.204
1280,78,1649260048.861267000,10.11.219.6
1281,66,1649260048.861289000,10.11.219.6
1282,165,1649260048.875335000,10.11.219.6
1283,160,1649260048.877490000,10.11.219.6
1284,-91,1649260048.879437000,18.65.144.204
1285,-1434,1649260048.879438000,18.65.144.204
1286,-97,1649260048.879438000,18.65.144.204
1287,78,1649260048.879478000,10.11.219.6
1288,66,1649260048.879499000,10.11.219.6
1289,160,1649260048.881227000,10.11.219.6
1290,-2351,1649260048.881654000,18.65.144.204
1291,-97,1649260048.881655000,18.65.144.204
1292,66,1649260048.881678000,10.11.219.6
1293,160,1649260048.885104000,10.11.219.6
1294,159,1649260048.885855000,10.11.219.6
1295,-1434,1649260048.886019000,18.65.144.204
1296,-818,1649260048.886020000,18.65.144.204
1297,-1434,1649260048.886021000,18.65.144.204
1298,-97,1649260048.886021000,18.65.144.204
1299,78,1649260048.886047000,10.11.219.6
1300,66,1649260048.886056000,10.11.219.6
1301,160,1649260048.886728000,10.11.219.6
1302,159,1649260048.887315000,10.11.219.6
1303,-5442,1649260048.888813000,18.65.144.204
1304,66,1649260048.888834000,10.11.219.6
1305,160,1649260048.889559000,10.11.219.6
1306,160,1649260048.889858000,10.11.219.6
1307,-66,1649260048.890459000,18.65.144.204
1308,-1434,1649260048.890460000,18.65.144.204
1309,-1134,1649260048.890461000,18.65.144.204
1310,-1434,1649260048.890461000,18.65.144.204
1311,-97,1649260048.890462000,18.65.144.204
1312,78,1649260048.890492000,10.11.219.6
1313,66,1649260048.890507000,10.11.219.6
1314,160,1649260048.891120000,10.11.219.6
1315,152,1649260048.891244000,10.11.219.6
1316,-2802,1649260048.893855000,18.65.144.204
1317,66,1649260048.893874000,10.11.219.6
1318,-2802,1649260048.893922000,18.65.144.204
1319,-509,1649260048.893923000,18.65.144.204
1320,-1434,1649260048.893923000,18.65.144.204
1321,-97,1649260048.893923000,18.65.144.204
1322,66,1649260048.893936000,10.11.219.6
1323,78,1649260048.893946000,10.11.219.6
1324,66,1649260048.893955000,10.11.219.6
1325,-1434,1649260048.894630000,18.65.144.204
1326,-251,1649260048.894630000,18.65.144.204
1327,-1434,1649260048.894631000,18.65.144.204
1328,78,1649260048.894647000,10.11.219.6
1329,66,1649260048.894662000,10.11.219.6
1330,-4170,1649260048.896146000,18.65.144.204
1331,-445,1649260048.896147000,18.65.144.204
1332,-1434,1649260048.896148000,18.65.144.204
1333,-97,1649260048.896148000,18.65.144.204
1334,-1434,1649260048.896149000,18.65.144.204
1335,-1164,1649260048.896149000,18.65.144.204
1336,66,1649260048.896171000,10.11.219.6
1337,78,1649260048.896196000,10.11.219.6
1338,66,1649260048.896202000,10.11.219.6
1339,66,1649260048.896206000,10.11.219.6
1340,78,1649260048.896210000,10.11.219.6
1341,-1434,1649260048.897137000,18.65.144.204
1342,-1434,1649260048.897138000,18.65.144.204
1343,-853,1649260048.897139000,18.65.144.204
1344,-1434,1649260048.897139000,18.65.144.204
1345,66,1649260048.897172000,10.11.219.6
1346,78,1649260048.897200000,10.11.219.6
1347,66,1649260048.897210000,10.11.219.6
1348,-3712,1649260048.898044000,18.65.144.204
1349,-97,1649260048.898045000,18.65.144.204
1350,66,1649260048.898071000,10.11.219.6
1351,251,1649260048.921265000,10.11.219.6
1352,-5538,1649260048.925635000,18.65.144.204
1353,66,1649260048.925657000,10.11.219.6
1354,-8274,1649260048.925720000,18.65.144.204
1355,-1424,1649260048.925721000,18.65.144.204
1356,-1434,1649260048.925721000,18.65.144.204
1357,66,1649260048.925727000,10.11.219.6
1358,78,1649260048.925736000,10.11.219.6
1359,66,1649260048.925741000,10.11.219.6
1360,-952,1649260048.925751000,18.65.144.204
1361,-2802,1649260048.947570000,18.65.110.227
1362,66,1649260048.947591000,10.11.219.6
1363,-6356,1649260048.947633000,18.65.110.227
1364,66,1649260048.947637000,10.11.219.6
1365,-5538,1649260048.949381000,18.65.110.227
1366,66,1649260048.949402000,10.11.219.6
1367,-8274,1649260048.949480000,18.65.110.227
1368,-1424,1649260048.949481000,18.65.110.227
1369,-1434,1649260048.949482000,18.65.110.227
1370,66,1649260048.949490000,10.11.219.6
1371,78,1649260048.949498000,10.11.219.6
1372,66,1649260048.949512000,10.11.219.6
1373,-100,1649260048.949521000,18.65.110.227
1374,-335,1649260048.949521000,18.65.110.227
1375,-1434,1649260048.949521000,18.65.110.227
1376,78,1649260048.949526000,10.11.219.6
1377,66,1649260048.949529000,10.11.219.6
1378,-6906,1649260048.950900000,18.65.110.227
1379,-890,1649260048.950902000,18.65.110.227
1380,-1434,1649260048.950903000,18.65.110.227
1381,66,1649260048.950962000,10.11.219.6
1382,78,1649260048.951081000,10.11.219.6
1383,66,1649260048.951104000,10.11.219.6
1384,160,1649260048.964209000,10.11.219.6
1385,164,1649260048.964904000,10.11.219.6
1386,160,1649260048.965842000,10.11.219.6
1387,159,1649260048.966554000,10.11.219.6
1388,-66,1649260048.967958000,18.65.144.204
1389,-865,1649260048.969608000,18.65.144.204
1390,-1434,1649260048.969609000,18.65.144.204
1391,66,1649260048.969642000,10.11.219.6
1392,-2271,1649260048.969665000,18.65.144.204
1393,-97,1649260048.969666000,18.65.144.204
1394,-677,1649260048.969666000,18.65.144.204
1395,66,1649260048.969686000,10.11.219.6
1396,-1434,1649260048.970601000,18.65.144.204
1397,-763,1649260048.970602000,18.65.144.204
1398,-1434,1649260048.970603000,18.65.144.204
1399,78,1649260048.970639000,10.11.219.6
1400,66,1649260048.970657000,10.11.219.6
1401,166,1649260048.989445000,10.11.219.6
1402,-84,1649260048.992914000,18.65.144.204
1403,-1434,1649260048.992915000,18.65.144.204
1404,78,1649260048.992936000,10.11.219.6
1405,66,1649260048.992959000,10.11.219.6
1406,157,1649260049.018507000,10.11.219.6
1407,-5538,1649260049.023524000,18.65.144.204
1408,-5538,1649260049.023561000,18.65.144.204
1409,66,1649260049.023616000,10.11.219.6
1410,-2802,1649260049.026410000,18.65.144.204
1411,66,1649260049.026426000,10.11.219.6
1412,-2792,1649260049.026533000,18.65.144.204
1413,-13613,1649260049.026535000,18.65.144.204
1414,66,1649260049.026545000,10.11.219.6
1415,-97,1649260049.026565000,18.65.144.204
1416,66,1649260049.026594000,10.11.219.6
1417,-8274,1649260049.047159000,18.65.110.227
1418,66,1649260049.047242000,10.11.219.6
1419,-8264,1649260049.047331000,18.65.110.227
1420,-90,1649260049.047331000,18.65.110.227
1421,-8274,1649260049.047333000,18.65.110.227
1422,66,1649260049.047353000,10.11.219.6
1423,66,1649260049.047374000,10.11.219.6
1424,-3881,1649260049.049550000,18.65.110.227
1425,-1434,1649260049.049552000,18.65.110.227
1426,-718,1649260049.049553000,18.65.110.227
1427,-1434,1649260049.049554000,18.65.110.227
1428,-1434,1649260049.049555000,18.65.110.227
1429,66,1649260049.049625000,10.11.219.6
1430,78,1649260049.049718000,10.11.219.6
1431,66,1649260049.049734000,10.11.219.6
1432,-5538,1649260049.049895000,18.65.110.227
1433,-884,1649260049.049897000,18.65.110.227
1434,-1434,1649260049.049902000,18.65.110.227
1435,-8274,1649260049.049909000,18.65.110.227
1436,78,1649260049.049941000,10.11.219.6
1437,66,1649260049.049966000,10.11.219.6
1438,66,1649260049.050106000,10.11.219.6
1439,-8264,1649260049.051186000,18.65.110.227
1440,-100,1649260049.051186000,18.65.110.227
1441,-7853,1649260049.051188000,18.65.110.227
1442,66,1649260049.051205000,10.11.219.6
1443,-97,1649260049.051228000,18.65.110.227
1444,66,1649260049.051266000,10.11.219.6
1445,155,1649260049.055436000,10.11.219.6
1446,-361,1649260049.059221000,18.65.144.204
1447,-1434,1649260049.059222000,18.65.144.204
1448,78,1649260049.059242000,10.11.219.6
1449,66,1649260049.059263000,10.11.219.6
1450,160,1649260049.089302000,10.11.219.6
1451,161,1649260049.090633000,10.11.219.6
1452,160,1649260049.091349000,10.11.219.6
1453,159,1649260049.092692000,10.11.219.6
1454,252,1649260049.092991000,10.11.219.6
1455,271,1649260049.093254000,10.11.219.6
1456,-2739,1649260049.093539000,18.65.144.204
1457,-97,1649260049.093540000,18.65.144.204
1458,66,1649260049.093584000,10.11.219.6
1459,239,1649260049.094702000,10.11.219.6
1460,-2802,1649260049.095168000,18.65.144.204
1461,-286,1649260049.095169000,18.65.144.204
1462,-1434,1649260049.095169000,18.65.144.204
1463,-1186,1649260049.095170000,18.65.144.204
1464,-1434,1649260049.095170000,18.65.144.204
1465,-97,1649260049.095171000,18.65.144.204
1466,-1434,1649260049.095171000,18.65.144.204
1467,78,1649260049.095199000,10.11.219.6
1468,66,1649260049.095223000,10.11.219.6
1469,78,1649260049.095229000,10.11.219.6
1470,66,1649260049.095234000,10.11.219.6
1471,-1371,1649260049.095241000,18.65.144.204
1472,-1434,1649260049.095242000,18.65.144.204
1473,-97,1649260049.095242000,18.65.144.204
1474,78,1649260049.095246000,10.11.219.6
1475,66,1649260049.095252000,10.11.219.6
1476,-1434,1649260049.096973000,18.65.144.204
1477,-1105,1649260049.096975000,18.65.144.204
1478,-1434,1649260049.096977000,18.65.144.204
1479,-1411,1649260049.096978000,18.65.144.204
1480,-97,1649260049.096979000,18.65.144.204
1481,66,1649260049.097066000,10.11.219.6
1482,78,1649260049.097152000,10.11.219.6
1483,66,1649260049.097171000,10.11.219.6
1484,66,1649260049.097318000,10.11.219.6
1485,166,1649260049.098024000,10.11.219.6
1486,-8118,1649260049.098754000,18.65.144.204
1487,-4170,1649260049.098755000,18.65.144.204
1488,-278,1649260049.098786000,18.65.144.204
1489,-1434,1649260049.098786000,18.65.144.204
1490,78,1649260049.098794000,10.11.219.6
1491,66,1649260049.098811000,10.11.219.6
1492,-1434,1649260049.101088000,18.65.144.204
1493,-670,1649260049.101089000,18.65.144.204
1494,-1434,1649260049.101090000,18.65.144.204
1495,-5158,1649260049.101093000,18.65.144.204
1496,-97,1649260049.101094000,18.65.144.204
1497,78,1649260049.101119000,10.11.219.6
1498,66,1649260049.101137000,10.11.219.6
1499,-4170,1649260049.101160000,18.65.144.204
1500,-410,1649260049.101160000,18.65.144.204
1501,-1434,1649260049.101161000,18.65.144.204
1502,-97,1649260049.101161000,18.65.144.204
1503,78,1649260049.101166000,10.11.219.6
1504,66,1649260049.101171000,10.11.219.6
1505,167,1649260049.101253000,10.11.219.6
1506,166,1649260049.101918000,10.11.219.6
1507,167,1649260049.102114000,10.11.219.6
1508,74,1649260049.102437000,10.11.219.6
1509,-7935,1649260049.103506000,18.65.144.204
1510,-97,1649260049.103507000,18.65.144.204
1511,66,1649260049.104715000,10.11.219.6
1512,153,1649260049.105095000,10.11.219.6
1513,177,1649260049.105325000,10.11.219.6
1514,-66,1649260049.105491000,18.65.144.204
1515,-5538,1649260049.105493000,18.65.144.204
1516,-3919,1649260049.105708000,18.65.144.204
1517,-97,1649260049.105709000,18.65.144.204
1518,66,1649260049.105889000,10.11.219.6
1519,-2802,1649260049.107189000,18.65.144.204
1520,-794,1649260049.107190000,18.65.144.204
1521,-1434,1649260049.107191000,18.65.144.204
1522,-97,1649260049.107191000,18.65.144.204
1523,-2802,1649260049.107198000,18.65.144.204
1524,-1165,1649260049.107198000,18.65.144.204
1525,66,1649260049.107219000,10.11.219.6
1526,78,1649260049.107248000,10.11.219.6
1527,66,1649260049.107256000,10.11.219.6
1528,78,1649260049.107262000,10.11.219.6
1529,-1434,1649260049.107269000,18.65.144.204
1530,-97,1649260049.107269000,18.65.144.204
1531,66,1649260049.107273000,10.11.219.6
1532,-66,1649260049.109282000,18.65.144.204
1533,-9499,1649260049.109284000,18.65.144.204
1534,66,1649260049.109358000,10.11.219.6
1535,-1434,1649260049.109936000,18.65.144.204
1536,-887,1649260049.109937000,18.65.144.204
1537,-1434,1649260049.109937000,18.65.144.204
1538,-97,1649260049.109938000,18.65.144.204
1539,78,1649260049.109966000,10.11.219.6
1540,66,1649260049.109983000,10.11.219.6
1541,184,1649260049.119865000,10.11.219.6
1542,180,1649260049.120319000,10.11.219.6
1543,-2802,1649260049.124629000,18.65.144.204
1544,66,1649260049.124650000,10.11.219.6
1545,-13736,1649260049.124786000,18.65.144.204
1546,66,1649260049.124796000,10.11.219.6
1547,-6731,1649260049.124823000,18.65.144.204
1548,66,1649260049.124828000,10.11.219.6
1549,-369,1649260049.125593000,18.65.144.204
1550,-1434,1649260049.125594000,18.65.144.204
1551,78,1649260049.125613000,10.11.219.6
1552,66,1649260049.125636000,10.11.219.6
1553,240,1649260049.141039000,10.11.219.6
1554,-5538,1649260049.145911000,18.65.144.204
1555,66,1649260049.145940000,10.11.219.6
1556,-6906,1649260049.145993000,18.65.144.204
1557,-993,1649260049.145993000,18.65.144.204
1558,-1434,1649260049.145994000,18.65.144.204
1559,66,1649260049.146002000,10.11.219.6
1560,78,1649260049.146011000,10.11.219.6
1561,66,1649260049.146020000,10.11.219.6
1562,66,1649260049.152726000,10.11.219.6
1563,171,1649260049.187662000,10.11.219.6
1564,-678,1649260049.191886000,18.65.144.204
1565,66,1649260049.191958000,10.11.219.6
1566,-66,1649260049.239125000,52.119.174.17
1567,54,1649260049.239153000,10.11.219.6
1568,571,1649260049.241026000,10.11.219.6
1569,583,1649260049.354018000,10.11.219.6
1570,-66,1649260049.357181000,18.65.110.227
1571,-1434,1649260049.358492000,18.65.110.227
1572,-329,1649260049.358492000,18.65.110.227
1573,-1434,1649260049.358492000,18.65.110.227
1574,66,1649260049.358501000,10.11.219.6
1575,78,1649260049.358516000,10.11.219.6
1576,66,1649260049.358522000,10.11.219.6
1577,-54,1649260049.372201000,52.119.174.17
1578,-54,1649260049.380054000,52.119.174.17
1579,-5956,1649260049.380538000,52.119.174.17
1580,54,1649260049.380555000,10.11.219.6
1581,180,1649260049.384324000,10.11.219.6
1582,202,1649260049.388356000,10.11.219.6
1583,-2802,1649260049.392007000,18.65.144.204
1584,-2802,1649260049.392032000,18.65.144.204
1585,-1417,1649260049.392033000,18.65.144.204
1586,-1434,1649260049.392033000,18.65.144.204
1587,78,1649260049.392045000,10.11.219.6
1588,66,1649260049.392061000,10.11.219.6
1589,155,1649260049.441237000,10.11.219.6
1590,-1411,1649260049.444954000,18.65.144.204
1591,66,1649260049.445014000,10.11.219.6
1592,158,1649260049.453303000,10.11.219.6
1593,-2802,1649260049.458927000,18.65.144.204
1594,66,1649260049.458971000,10.11.219.6
1595,-13736,1649260049.459025000,18.65.144.204
1596,66,1649260049.459045000,10.11.219.6
1597,-5538,1649260049.461748000,18.65.144.204
1598,66,1649260049.461813000,10.11.219.6
1599,-11000,1649260049.461867000,18.65.144.204
1600,-9642,1649260049.461893000,18.65.144.204
1601,66,1649260049.461903000,10.11.219.6
1602,-9642,1649260049.463340000,18.65.144.204
1603,-711,1649260049.463341000,18.65.144.204
1604,66,1649260049.463363000,10.11.219.6
1605,78,1649260049.463386000,10.11.219.6
1606,-1434,1649260049.463405000,18.65.144.204
1607,-97,1649260049.463405000,18.65.144.204
1608,66,1649260049.463411000,10.11.219.6
1609,66,1649260049.465062000,10.11.219.6
1610,-105,1649260049.518799000,52.119.174.17
1611,54,1649260049.518819000,10.11.219.6
1612,524,1649260049.519158000,10.11.219.6
1613,157,1649260049.543853000,10.11.219.6
1614,157,1649260049.544859000,10.11.219.6
1615,178,1649260049.545915000,10.11.219.6
1616,-66,1649260049.547951000,18.65.144.204
1617,-2802,1649260049.547952000,18.65.144.204
1618,-310,1649260049.547952000,18.65.144.204
1619,-1434,1649260049.547952000,18.65.144.204
1620,-97,1649260049.547953000,18.65.144.204
1621,78,1649260049.547981000,10.11.219.6
1622,66,1649260049.547996000,10.11.219.6
1623,66,1649260049.548303000,10.11.219.6
1624,-1875,1649260049.549722000,18.65.144.204
1625,-8274,1649260049.549732000,18.65.144.204
1626,66,1649260049.550580000,10.11.219.6
1627,-2600,1649260049.551010000,18.65.144.204
1628,-97,1649260049.551011000,18.65.144.204
1629,66,1649260049.551029000,10.11.219.6
1630,66,1649260049.551153000,10.11.219.6
1631,222,1649260049.574668000,10.11.219.6
1632,352,1649260049.575417000,10.11.219.6
1633,-66,1649260049.583212000,18.65.144.204
1634,-2802,1649260049.583213000,18.65.144.204
1635,-820,1649260049.583213000,18.65.144.204
1636,-1434,1649260049.583214000,18.65.144.204
1637,66,1649260049.583235000,10.11.219.6
1638,78,1649260049.583258000,10.11.219.6
1639,66,1649260049.583262000,10.11.219.6
1640,-2802,1649260049.585092000,18.65.144.204
1641,66,1649260049.585109000,10.11.219.6
1642,-11010,1649260049.585208000,18.65.144.204
1643,66,1649260049.585214000,10.11.219.6
1644,-1424,1649260049.585222000,18.65.144.204
1645,-1434,1649260049.585222000,18.65.144.204
1646,-2802,1649260049.585223000,18.65.144.204
1647,78,1649260049.585228000,10.11.219.6
1648,66,1649260049.585245000,10.11.219.6
1649,66,1649260049.585259000,10.11.219.6
1650,-2802,1649260049.589013000,18.65.144.204
1651,66,1649260049.589026000,10.11.219.6
1652,-8274,1649260049.589182000,18.65.144.204
1653,-1424,1649260049.589183000,18.65.144.204
1654,-1434,1649260049.589184000,18.65.144.204
1655,66,1649260049.589189000,10.11.219.6
1656,78,1649260049.589200000,10.11.219.6
1657,66,1649260049.589204000,10.11.219.6
1658,-11010,1649260049.589216000,18.65.144.204
1659,66,1649260049.589218000,10.11.219.6
1660,-2802,1649260049.590313000,18.65.144.204
1661,66,1649260049.590321000,10.11.219.6
1662,-8274,1649260049.590365000,18.65.144.204
1663,66,1649260049.590370000,10.11.219.6
1664,-5538,1649260049.592720000,18.65.144.204
1665,66,1649260049.592734000,10.11.219.6
1666,-5518,1649260049.592863000,18.65.144.204
1667,-13746,1649260049.592865000,18.65.144.204
1668,66,1649260049.592872000,10.11.219.6
1669,66,1649260049.592879000,10.11.219.6
1670,-5538,1649260049.595449000,18.65.144.204
1671,66,1649260049.595472000,10.11.219.6
1672,-13746,1649260049.595579000,18.65.144.204
1673,66,1649260049.595585000,10.11.219.6
1674,-5538,1649260049.595604000,18.65.144.204
1675,66,1649260049.595608000,10.11.219.6
1676,-9106,1649260049.597740000,18.65.144.204
1677,66,1649260049.597760000,10.11.219.6
1678,-503,1649260049.676117000,52.119.174.17
1679,54,1649260049.676151000,10.11.219.6
1680,1434,1649260049.802339000,10.11.219.6
1681,456,1649260049.802353000,10.11.219.6
1682,1434,1649260049.803198000,10.11.219.6
1683,863,1649260049.803208000,10.11.219.6
1684,149,1649260049.818803000,10.11.219.6
1685,456,1649260049.840747000,10.11.219.6
1686,981,1649260049.879729000,10.11.219.6
1687,-66,1649260049.882924000,18.65.110.227
1688,-78,1649260049.882927000,18.65.110.227
1689,-4983,1649260049.882931000,18.65.144.204
1690,66,1649260049.883106000,10.11.219.6
1691,74,1649260049.886503000,10.11.219.6
1692,74,1649260049.887215000,10.11.219.6
1693,-74,1649260049.889881000,18.65.156.177
1694,66,1649260049.889919000,10.11.219.6
1695,583,1649260049.891803000,10.11.219.6
1696,-66,1649260049.895466000,18.65.156.177
1697,-5538,1649260049.897353000,18.65.156.177
1698,-568,1649260049.897356000,18.65.156.177
1699,66,1649260049.897494000,10.11.219.6
1700,66,1649260049.897611000,10.11.219.6
1701,130,1649260049.905042000,10.11.219.6
1702,236,1649260049.905314000,10.11.219.6
1703,385,1649260049.905493000,10.11.219.6
1704,486,1649260049.906009000,10.11.219.6
1705,-66,1649260049.908150000,18.65.156.177
1706,-128,1649260049.908151000,18.65.156.177
1707,-66,1649260049.908151000,18.65.156.177
1708,-97,1649260049.908151000,18.65.156.177
1709,-66,1649260049.908152000,18.65.156.177
1710,66,1649260049.908175000,10.11.219.6
1711,66,1649260049.908198000,10.11.219.6
1712,97,1649260049.908237000,10.11.219.6
1713,-8274,1649260049.909987000,18.65.156.177
1714,-137,1649260049.909988000,18.65.156.177
1715,-1434,1649260049.909988000,18.65.156.177
1716,66,1649260049.910002000,10.11.219.6
1717,78,1649260049.910022000,10.11.219.6
1718,66,1649260049.910028000,10.11.219.6
1719,-66,1649260049.911382000,18.65.156.177
1720,-669,1649260049.989580000,18.65.110.227
1721,-97,1649260049.989581000,18.65.110.227
1722,66,1649260049.989599000,10.11.219.6
1723,66,1649260049.989632000,10.11.219.6
1724,351,1649260050.005395000,10.11.219.6
1725,401,1649260050.005564000,10.11.219.6
1726,158,1649260050.056259000,10.11.219.6
1727,249,1649260050.058401000,10.11.219.6
1728,479,1649260050.069249000,10.11.219.6
1729,432,1649260050.084823000,10.11.219.6
1730,1434,1649260050.112304000,10.11.219.6
1731,427,1649260050.112315000,10.11.219.6
1732,299,1649260050.112320000,10.11.219.6
1733,-66,1649260050.112618000,34.223.189.100
1734,-235,1649260050.112618000,34.223.189.100
1735,-104,1649260050.112619000,34.223.189.100
1736,-66,1649260050.112619000,52.94.184.56
1737,-235,1649260050.112619000,34.223.189.100
1738,-104,1649260050.112619000,34.223.189.100
1739,-235,1649260050.112619000,34.223.189.100
1740,-104,1649260050.112619000,34.223.189.100
1741,66,1649260050.112648000,10.11.219.6
1742,66,1649260050.112659000,10.11.219.6
1743,54,1649260050.112671000,10.11.219.6
1744,66,1649260050.112676000,10.11.219.6
1745,66,1649260050.112680000,10.11.219.6
1746,66,1649260050.112687000,10.11.219.6
1747,66,1649260050.112698000,10.11.219.6
1748,-66,1649260050.115439000,18.65.144.204
1749,-66,1649260050.115445000,18.65.110.227
1750,-5538,1649260050.115453000,18.65.144.204
1751,66,1649260050.115549000,10.11.219.6
1752,-4170,1649260050.115677000,18.65.144.204
1753,66,1649260050.115706000,10.11.219.6
1754,571,1649260050.117044000,10.11.219.6
1755,-2802,1649260050.117135000,18.65.144.204
1756,66,1649260050.117151000,10.11.219.6
1757,-4160,1649260050.117666000,18.65.144.204
1758,-771,1649260050.117668000,18.65.144.204
1759,-66,1649260050.117669000,18.65.110.227
1760,-16472,1649260050.117680000,18.65.144.204
1761,66,1649260050.117737000,10.11.219.6
1762,66,1649260050.117801000,10.11.219.6
1763,66,1649260050.117838000,10.11.219.6
1764,-2802,1649260050.120428000,18.65.144.204
1765,66,1649260050.120443000,10.11.219.6
1766,-9519,1649260050.120597000,18.65.144.204
1767,-12378,1649260050.120599000,18.65.144.204
1768,66,1649260050.120607000,10.11.219.6
1769,66,1649260050.120621000,10.11.219.6
1770,-2802,1649260050.122732000,18.65.144.204
1771,66,1649260050.122743000,10.11.219.6
1772,-1424,1649260050.122903000,18.65.144.204
1773,-4170,1649260050.122904000,18.65.144.204
1774,-345,1649260050.122904000,18.65.144.204
1775,-1434,1649260050.122904000,18.65.144.204
1776,-13746,1649260050.122906000,18.65.144.204
1777,66,1649260050.122912000,10.11.219.6
1778,66,1649260050.122919000,10.11.219.6
1779,78,1649260050.122923000,10.11.219.6
1780,66,1649260050.122933000,10.11.219.6
1781,66,1649260050.122944000,10.11.219.6
1782,-2792,1649260050.125402000,18.65.144.204
1783,66,1649260050.125415000,10.11.219.6
1784,-276,1649260050.125567000,18.65.144.204
1785,-1434,1649260050.125567000,18.65.144.204
1786,-16472,1649260050.125570000,18.65.144.204
1787,78,1649260050.125578000,10.11.219.6
1788,66,1649260050.125585000,10.11.219.6
1789,-2802,1649260050.125600000,18.65.144.204
1790,66,1649260050.125721000,10.11.219.6
1791,-26058,1649260050.127790000,18.65.144.204
1792,66,1649260050.127846000,10.11.219.6
1793,-11010,1649260050.130743000,18.65.144.204
1794,66,1649260050.130810000,10.11.219.6
1795,-5538,1649260050.130950000,18.65.144.204
1796,-8274,1649260050.131103000,18.65.144.204
1797,66,1649260050.131151000,10.11.219.6
1798,66,1649260050.131907000,10.11.219.6
1799,-762,1649260050.131910000,18.65.144.204
1800,-1434,1649260050.131910000,18.65.144.204
1801,78,1649260050.131953000,10.11.219.6
1802,66,1649260050.131994000,10.11.219.6
1803,177,1649260050.221777000,10.11.219.6
1804,-666,1649260050.248958000,18.65.110.227
1805,-97,1649260050.248960000,18.65.110.227
1806,-668,1649260050.248960000,18.65.110.227
1807,-97,1649260050.248961000,18.65.110.227
1808,-66,1649260050.248962000,34.223.189.100
1809,-66,1649260050.248962000,34.223.189.100
1810,-234,1649260050.248963000,34.223.189.100
1811,-104,1649260050.248964000,34.223.189.100
1812,66,1649260050.249096000,10.11.219.6
1813,66,1649260050.249162000,10.11.219.6
1814,-236,1649260050.249194000,34.223.189.100
1815,-104,1649260050.249194000,34.223.189.100
1816,-235,1649260050.249194000,34.223.189.100
1817,-104,1649260050.249195000,34.223.189.100
1818,-235,1649260050.249195000,34.223.189.100
1819,-104,1649260050.249195000,34.223.189.100
1820,-235,1649260050.249195000,34.223.189.100
1821,-104,1649260050.249196000,34.223.189.100
1822,66,1649260050.249205000,10.11.219.6
1823,66,1649260050.249210000,10.11.219.6
1824,66,1649260050.249214000,10.11.219.6
1825,66,1649260050.249217000,10.11.219.6
1826,66,1649260050.249221000,10.11.219.6
1827,66,1649260050.249225000,10.11.219.6
1828,66,1649260050.249228000,10.11.219.6
1829,66,1649260050.249232000,10.11.219.6
1830,-235,1649260050.249250000,34.223.189.100
1831,-104,1649260050.249250000,34.223.189.100
1832,-54,1649260050.249250000,52.94.184.56
1833,66,1649260050.250667000,10.11.219.6
1834,-2361,1649260050.250721000,18.65.144.204
1835,66,1649260050.250942000,10.11.219.6
1836,66,1649260050.251830000,10.11.219.6
1837,-54,1649260050.252675000,52.94.184.56
1838,-6079,1649260050.260832000,52.94.184.56
1839,54,1649260050.260858000,10.11.219.6
1840,180,1649260050.265928000,10.11.219.6
1841,74,1649260050.273541000,10.11.219.6
1842,-273,1649260050.404107000,34.223.189.100
1843,-105,1649260050.404110000,52.94.184.56
1844,54,1649260050.404167000,10.11.219.6
1845,66,1649260050.404581000,10.11.219.6
1846,1414,1649260050.405282000,10.11.219.6
1847,1414,1649260050.405310000,10.11.219.6
1848,1414,1649260050.405321000,10.11.219.6
1849,1414,1649260050.405324000,10.11.219.6
1850,1414,1649260050.405894000,10.11.219.6
1851,1414,1649260050.405907000,10.11.219.6
1852,1234,1649260050.406353000,10.11.219.6
1853,74,1649260050.407854000,10.11.219.6
1854,74,1649260050.407932000,10.11.219.6
1855,74,1649260050.408010000,10.11.219.6
1856,74,1649260050.408083000,10.11.219.6
1857,74,1649260050.408156000,10.11.219.6
1858,-66,1649260050.413007000,52.119.169.237
1859,54,1649260050.413046000,10.11.219.6
1860,571,1649260050.415397000,10.11.219.6
1861,74,1649260050.451233000,10.11.219.6
1862,160,1649260050.507401000,10.11.219.6
1863,-66,1649260050.540519000,52.94.184.56
1864,-54,1649260050.540520000,52.94.184.56
1865,-54,1649260050.540520000,52.94.184.56
1866,-54,1649260050.540520000,52.94.184.56
1867,54,1649260050.540555000,10.11.219.6
1868,-66,1649260050.541578000,52.94.184.56
1869,54,1649260050.541611000,10.11.219.6
1870,571,1649260050.542557000,10.11.219.6
1871,-3842,1649260050.545029000,18.65.144.204
1872,-459,1649260050.545030000,18.65.144.204
1873,-1434,1649260050.545031000,18.65.144.204
1874,-97,1649260050.545031000,18.65.144.204
1875,-66,1649260050.545032000,52.94.215.169
1876,66,1649260050.545062000,10.11.219.6
1877,78,1649260050.545085000,10.11.219.6
1878,66,1649260050.545095000,10.11.219.6
1879,66,1649260050.545102000,10.11.219.6
1880,54,1649260050.545119000,10.11.219.6
1881,571,1649260050.546068000,10.11.219.6
1882,-66,1649260050.546919000,52.94.184.56
1883,54,1649260050.546950000,10.11.219.6
1884,-659,1649260050.550203000,52.94.184.56
1885,-105,1649260050.550203000,52.94.184.56
1886,54,1649260050.550229000,10.11.219.6
1887,54,1649260050.550247000,10.11.219.6
1888,-54,1649260050.552271000,52.119.169.237
1889,571,1649260050.554026000,10.11.219.6
1890,-54,1649260050.554578000,52.119.169.237
1891,571,1649260050.556500000,10.11.219.6
1892,-6014,1649260050.557039000,52.119.169.237
1893,54,1649260050.557054000,10.11.219.6
1894,180,1649260050.560224000,10.11.219.6
1895,160,1649260050.569828000,10.11.219.6
1896,160,1649260050.594312000,10.11.219.6
1897,-66,1649260050.595123000,52.94.234.174
1898,54,1649260050.595154000,10.11.219.6
1899,-66,1649260050.597210000,18.65.144.204
1900,571,1649260050.597298000,10.11.219.6
1901,-5538,1649260050.600110000,18.65.144.204
1902,66,1649260050.600140000,10.11.219.6
1903,-2244,1649260050.600264000,18.65.144.204
1904,-97,1649260050.600264000,18.65.144.204
1905,-16159,1649260050.600267000,18.65.144.204
1906,66,1649260050.600278000,10.11.219.6
1907,-97,1649260050.600289000,18.65.144.204
1908,66,1649260050.600295000,10.11.219.6
1909,66,1649260050.600306000,10.11.219.6
1910,159,1649260050.609405000,10.11.219.6
1911,160,1649260050.609578000,10.11.219.6
1912,-66,1649260050.687686000,52.94.184.56
1913,-54,1649260050.687687000,52.94.184.56
1914,-54,1649260050.687687000,52.94.184.56
1915,-6079,1649260050.687688000,52.94.184.56
1916,54,1649260050.687708000,10.11.219.6
1917,54,1649260050.687733000,10.11.219.6
1918,-54,1649260050.687764000,52.94.184.56
1919,-54,1649260050.687765000,52.94.184.56
1920,-54,1649260050.687765000,52.94.215.169
1921,-6079,1649260050.687767000,52.94.184.56
1922,54,1649260050.687779000,10.11.219.6
1923,-54,1649260050.687788000,52.94.184.56
1924,-66,1649260050.688665000,18.65.144.204
1925,-54,1649260050.690498000,52.94.215.169
1926,-5538,1649260050.690499000,18.65.144.204
1927,-4164,1649260050.690517000,18.65.144.204
1928,-97,1649260050.690517000,18.65.144.204
1929,180,1649260050.690625000,10.11.219.6
1930,571,1649260050.692205000,10.11.219.6
1931,-5538,1649260050.692289000,18.65.144.204
1932,-11000,1649260050.692410000,18.65.144.204
1933,-258,1649260050.692419000,18.65.144.204
1934,-337,1649260050.692419000,18.65.144.204
1935,-1434,1649260050.692420000,18.65.144.204
1936,-97,1649260050.692420000,18.65.144.204
1937,66,1649260050.692428000,10.11.219.6
1938,78,1649260050.692437000,10.11.219.6
1939,66,1649260050.692441000,10.11.219.6
1940,-5950,1649260050.693752000,52.94.215.169
1941,54,1649260050.693770000,10.11.219.6
1942,-54,1649260050.695390000,52.94.184.56
1943,180,1649260050.696909000,10.11.219.6
1944,-6079,1649260050.698325000,52.94.184.56
1945,54,1649260050.698348000,10.11.219.6
1946,-105,1649260050.698870000,52.119.169.237
1947,54,1649260050.698882000,10.11.219.6
1948,180,1649260050.703749000,10.11.219.6
1949,180,1649260050.709094000,10.11.219.6
1950,159,1649260050.709907000,10.11.219.6
1951,160,1649260050.710081000,10.11.219.6
1952,585,1649260050.710118000,10.11.219.6
1953,160,1649260050.780723000,10.11.219.6
1954,-66,1649260050.825387000,18.65.144.204
1955,-5538,1649260050.825389000,18.65.144.204
1956,66,1649260050.825425000,10.11.219.6
1957,-11000,1649260050.825527000,18.65.144.204
1958,-92,1649260050.825541000,18.65.144.204
1959,-1434,1649260050.825541000,18.65.144.204
1960,-97,1649260050.825542000,18.65.144.204
1961,-6906,1649260050.825543000,18.65.144.204
1962,66,1649260050.825543000,10.11.219.6
1963,78,1649260050.825549000,10.11.219.6
1964,66,1649260050.825553000,10.11.219.6
1965,66,1649260050.825715000,10.11.219.6
1966,-2488,1649260050.828151000,18.65.144.204
1967,-97,1649260050.828151000,18.65.144.204
1968,-97,1649260050.828152000,18.65.144.204
1969,-54,1649260050.828152000,52.94.234.174
1970,-54,1649260050.828152000,52.94.234.174
1971,-150,1649260050.828152000,52.94.234.174
1972,-5022,1649260050.828153000,52.94.234.174
1973,66,1649260050.828170000,10.11.219.6
1974,78,1649260050.828194000,10.11.219.6
1975,54,1649260050.828205000,10.11.219.6
1976,54,1649260050.828212000,10.11.219.6
1977,-392,1649260050.828233000,52.94.234.174
1978,-63,1649260050.828234000,52.94.234.174
1979,-63,1649260050.828234000,52.94.234.174
1980,-54,1649260050.828234000,52.94.184.56
1981,-54,1649260050.828234000,52.94.184.56
1982,-105,1649260050.828235000,52.94.184.56
1983,-6079,1649260050.828236000,52.94.184.56
1984,54,1649260050.828240000,10.11.219.6
1985,54,1649260050.828245000,10.11.219.6
1986,66,1649260050.828250000,10.11.219.6
1987,54,1649260050.828260000,10.11.219.6
1988,54,1649260050.828264000,10.11.219.6
1989,-78,1649260050.829128000,18.65.144.204
1990,-105,1649260050.830374000,52.94.184.56
1991,54,1649260050.830393000,10.11.219.6
1992,204,1649260050.838236000,10.11.219.6
1993,-105,1649260050.838895000,52.94.215.169
1994,54,1649260050.838908000,10.11.219.6
1995,180,1649260050.841527000,10.11.219.6
1996,160,1649260050.841800000,10.11.219.6
1997,1414,1649260050.842095000,10.11.219.6
1998,1414,1649260050.842102000,10.11.219.6
1999,160,1649260050.842143000,10.11.219.6
2000,639,1649260050.842151000,10.11.219.6
2001,79,1649260050.842637000,10.11.219.6
2002,795,1649260050.842917000,10.11.219.6
2003,-66,1649260050.844481000,18.65.144.204
2004,-66,1649260050.844482000,18.65.144.204
2005,-5538,1649260050.846754000,18.65.144.204
2006,66,1649260050.846762000,10.11.219.6
2007,-2802,1649260050.846833000,18.65.144.204
2008,-98,1649260050.846833000,18.65.144.204
2009,-1434,1649260050.846834000,18.65.144.204
2010,-97,1649260050.846834000,18.65.144.204
2011,-4170,1649260050.846835000,18.65.144.204
2012,66,1649260050.846839000,10.11.219.6
2013,78,1649260050.846845000,10.11.219.6
2014,66,1649260050.846850000,10.11.219.6
2015,66,1649260050.846852000,10.11.219.6
2016,66,1649260050.846854000,10.11.219.6
2017,-1434,1649260050.848146000,18.65.144.204
2018,-200,1649260050.848146000,18.65.144.204
2019,-1434,1649260050.848147000,18.65.144.204
2020,-2659,1649260050.848147000,18.65.144.204
2021,-97,1649260050.848147000,18.65.144.204
2022,66,1649260050.848161000,10.11.219.6
2023,78,1649260050.848183000,10.11.219.6
2024,66,1649260050.848203000,10.11.219.6
2025,66,1649260050.848209000,10.11.219.6
2026,66,1649260050.848214000,10.11.219.6
2027,160,1649260050.855090000,10.11.219.6
2028,159,1649260050.904562000,10.11.219.6
2029,-105,1649260050.905550000,52.94.184.56
2030,-439,1649260050.905551000,52.119.169.237
2031,54,1649260050.905563000,10.11.219.6
2032,54,1649260050.905574000,10.11.219.6
2033,639,1649260050.905894000,10.11.219.6
2034,-66,1649260050.906548000,18.65.144.204
2035,-66,1649260050.907618000,18.65.144.204
2036,-5538,1649260050.909995000,18.65.144.204
2037,-223,1649260050.909996000,18.65.144.204
2038,78,1649260050.910010000,10.11.219.6
2039,-1434,1649260050.910098000,18.65.144.204
2040,-231,1649260050.910098000,18.65.144.204
2041,-1434,1649260050.910099000,18.65.144.204
2042,-97,1649260050.910099000,18.65.144.204
2043,-8234,1649260050.910100000,18.65.144.204
2044,66,1649260050.910107000,10.11.219.6
2045,-97,1649260050.910115000,18.65.144.204
2046,78,1649260050.910120000,10.11.219.6
2047,66,1649260050.910128000,10.11.219.6
2048,66,1649260050.910303000,10.11.219.6
2049,160,1649260050.920923000,10.11.219.6
2050,161,1649260050.921679000,10.11.219.6
2051,-105,1649260050.980733000,52.94.184.56
2052,-54,1649260050.980733000,52.94.184.56
2053,-659,1649260050.980733000,52.94.184.56
2054,-105,1649260050.980733000,52.94.184.56
2055,54,1649260050.980766000,10.11.219.6
2056,54,1649260050.980772000,10.11.219.6
2057,54,1649260050.980775000,10.11.219.6
2058,-66,1649260050.982600000,18.65.144.204
2059,-4170,1649260050.984250000,18.65.144.204
2060,-803,1649260050.984251000,18.65.144.204
2061,-1434,1649260050.984251000,18.65.144.204
2062,-97,1649260050.984252000,18.65.144.204
2063,78,1649260050.984270000,10.11.219.6
2064,66,1649260050.984285000,10.11.219.6
2065,-9642,1649260050.985768000,18.65.144.204
2066,-475,1649260050.985768000,18.65.144.204
2067,78,1649260050.985789000,10.11.219.6
2068,-1434,1649260050.985815000,18.65.144.204
2069,-97,1649260050.985816000,18.65.144.204
2070,66,1649260050.985824000,10.11.219.6
2071,-756,1649260050.987789000,52.94.184.56
2072,-103,1649260050.987790000,52.94.184.56
2073,54,1649260050.987822000,10.11.219.6
2074,54,1649260050.987846000,10.11.219.6
2075,1200,1649260050.990118000,10.11.219.6
2076,160,1649260050.992488000,10.11.219.6
2077,159,1649260050.992801000,10.11.219.6
2078,-66,1649260050.995454000,18.65.144.204
2079,-2802,1649260050.998372000,18.65.144.204
2080,66,1649260050.998461000,10.11.219.6
2081,-8274,1649260050.998543000,18.65.144.204
2082,-1133,1649260050.998544000,18.65.144.204
2083,-1434,1649260050.998545000,18.65.144.204
2084,78,1649260050.998561000,10.11.219.6
2085,66,1649260050.998577000,10.11.219.6
2086,-1434,1649260050.998582000,18.65.144.204
2087,-97,1649260050.998583000,18.65.144.204
2088,-1434,1649260050.998583000,18.65.144.204
2089,-97,1649260050.998583000,18.65.144.204
2090,-4170,1649260050.998584000,18.65.144.204
2091,-93,1649260050.998585000,18.65.144.204
2092,78,1649260050.998590000,10.11.219.6
2093,66,1649260050.998597000,10.11.219.6
2094,78,1649260050.998603000,10.11.219.6
2095,-1434,1649260050.998614000,18.65.144.204
2096,-2802,1649260050.998615000,18.65.144.204
2097,66,1649260050.998619000,10.11.219.6
2098,66,1649260050.998793000,10.11.219.6
2099,-2802,1649260051.000108000,18.65.144.204
2100,-428,1649260051.000109000,18.65.144.204
2101,-1434,1649260051.000109000,18.65.144.204
2102,-97,1649260051.000109000,18.65.144.204
2103,66,1649260051.000126000,10.11.219.6
2104,78,1649260051.000149000,10.11.219.6
2105,66,1649260051.000156000,10.11.219.6
2106,159,1649260051.004438000,10.11.219.6
2107,159,1649260051.005278000,10.11.219.6
2108,226,1649260051.008173000,10.11.219.6
2109,1434,1649260051.008219000,10.11.219.6
2110,227,1649260051.008224000,10.11.219.6
2111,1434,1649260051.008314000,10.11.219.6
2112,1434,1649260051.008319000,10.11.219.6
2113,1434,1649260051.038025000,10.11.219.6
2114,1434,1649260051.038035000,10.11.219.6
2115,1434,1649260051.038041000,10.11.219.6
2116,1434,1649260051.038043000,10.11.219.6
2117,1434,1649260051.039037000,10.11.219.6
2118,-66,1649260051.041067000,18.65.144.204
2119,-5538,1649260051.041068000,18.65.144.204
2120,66,1649260051.041164000,10.11.219.6
2121,-5538,1649260051.041225000,18.65.144.204
2122,-753,1649260051.041225000,18.65.144.204
2123,-1434,1649260051.041225000,18.65.144.204
2124,-97,1649260051.041226000,18.65.144.204
2125,-11010,1649260051.041227000,18.65.144.204
2126,66,1649260051.041235000,10.11.219.6
2127,78,1649260051.041249000,10.11.219.6
2128,66,1649260051.041253000,10.11.219.6
2129,66,1649260051.041268000,10.11.219.6
2130,-5528,1649260051.043302000,18.65.144.204
2131,-490,1649260051.043303000,18.65.144.204
2132,-97,1649260051.043303000,18.65.144.204
2133,-54,1649260051.043304000,52.94.234.174
2134,-60,1649260051.043304000,52.94.234.174
2135,66,1649260051.043318000,10.11.219.6
2136,54,1649260051.043340000,10.11.219.6
2137,-123,1649260051.043348000,52.94.234.174
2138,-54,1649260051.043348000,52.94.215.169
2139,54,1649260051.043351000,10.11.219.6
2140,66,1649260051.043876000,10.11.219.6
2141,507,1649260051.044507000,10.11.219.6
2142,159,1649260051.048816000,10.11.219.6
2143,-1098,1649260051.051726000,52.94.215.169
2144,54,1649260051.051746000,10.11.219.6
2145,-11010,1649260051.053758000,18.65.144.204
2146,-218,1649260051.053794000,18.65.144.204
2147,-1434,1649260051.053795000,18.65.144.204
2148,-97,1649260051.053795000,18.65.144.204
2149,78,1649260051.053810000,10.11.219.6
2150,66,1649260051.053832000,10.11.219.6
2151,842,1649260051.055124000,10.11.219.6
2152,-756,1649260051.059122000,52.94.184.56
2153,-103,1649260051.059123000,52.94.184.56
2154,54,1649260051.059148000,10.11.219.6
2155,54,1649260051.059166000,10.11.219.6
2156,1414,1649260051.060194000,10.11.219.6
2157,1414,1649260051.060208000,10.11.219.6
2158,217,1649260051.060636000,10.11.219.6
2159,66,1649260051.096725000,10.11.219.6
2160,-659,1649260051.135316000,52.94.184.56
2161,-106,1649260051.135318000,52.94.184.56
2162,54,1649260051.135704000,10.11.219.6
2163,-66,1649260051.163947000,34.223.189.100
2164,-66,1649260051.163948000,34.223.189.100
2165,-108,1649260051.163949000,34.223.189.100
2166,1434,1649260051.163990000,10.11.219.6
2167,1434,1649260051.164010000,10.11.219.6
2168,1434,1649260051.164024000,10.11.219.6
2169,1434,1649260051.164029000,10.11.219.6
2170,66,1649260051.164048000,10.11.219.6
2171,1434,1649260051.164671000,10.11.219.6
2172,1434,1649260051.164683000,10.11.219.6
2173,1434,1649260051.164694000,10.11.219.6
2174,1434,1649260051.164699000,10.11.219.6
2175,1434,1649260051.165236000,10.11.219.6
2176,1434,1649260051.165244000,10.11.219.6
2177,-66,1649260051.165461000,34.223.189.100
2178,-66,1649260051.165462000,34.223.189.100
2179,1434,1649260051.165479000,10.11.219.6
2180,1434,1649260051.165484000,10.11.219.6
2181,1434,1649260051.166049000,10.11.219.6
2182,1434,1649260051.166054000,10.11.219.6
2183,1434,1649260051.166446000,10.11.219.6
2184,1434,1649260051.166456000,10.11.219.6
2185,1434,1649260051.166458000,10.11.219.6
2186,-123,1649260051.176797000,52.94.234.174
2187,66,1649260051.176816000,10.11.219.6
2188,-54,1649260051.190787000,52.94.215.169
2189,-54,1649260051.199281000,52.94.184.56
2190,-66,1649260051.209042000,34.223.189.100
2191,1434,1649260051.209066000,10.11.219.6
2192,1434,1649260051.209077000,10.11.219.6
2193,1434,1649260051.209612000,10.11.219.6
2194,-682,1649260051.213281000,52.94.184.56
2195,-283,1649260051.218708000,52.94.234.174
2196,54,1649260051.218752000,10.11.219.6
2197,74,1649260051.234346000,10.11.219.6
2198,54,1649260051.256829000,10.11.219.6
2199,697,1649260051.315586000,10.11.219.6
2200,843,1649260051.321270000,10.11.219.6
2201,-1950,1649260051.363573000,52.94.215.169
2202,-66,1649260051.363575000,34.223.189.100
2203,-66,1649260051.363576000,34.223.189.100
2204,-66,1649260051.363576000,34.223.189.100
2205,-66,1649260051.363577000,34.223.189.100
2206,-66,1649260051.363578000,34.223.189.100
2207,-66,1649260051.363578000,34.223.189.100
2208,1434,1649260051.363647000,10.11.219.6
2209,1434,1649260051.363674000,10.11.219.6
2210,1434,1649260051.363694000,10.11.219.6
2211,1434,1649260051.363700000,10.11.219.6
2212,-108,1649260051.363749000,34.223.189.100
2213,-66,1649260051.363750000,34.223.189.100
2214,-66,1649260051.363751000,34.223.189.100
2215,-66,1649260051.363751000,34.223.189.100
2216,-66,1649260051.363752000,34.223.189.100
2217,-108,1649260051.363753000,34.223.189.100
2218,-66,1649260051.363753000,34.223.189.100
2219,54,1649260051.363756000,10.11.219.6
2220,1434,1649260051.364275000,10.11.219.6
2221,1434,1649260051.364289000,10.11.219.6
2222,1434,1649260051.364305000,10.11.219.6
2223,1434,1649260051.364310000,10.11.219.6
2224,1434,1649260051.364314000,10.11.219.6
2225,-66,1649260051.364458000,18.65.144.204
2226,1434,1649260051.365155000,10.11.219.6
2227,1434,1649260051.365173000,10.11.219.6
2228,758,1649260051.365181000,10.11.219.6
2229,-2802,1649260051.367186000,18.65.144.204
2230,66,1649260051.367208000,10.11.219.6
2231,-13736,1649260051.367350000,18.65.144.204
2232,66,1649260051.367359000,10.11.219.6
2233,-8274,1649260051.367383000,18.65.144.204
2234,66,1649260051.367398000,10.11.219.6
2235,-1434,1649260051.369635000,18.65.144.204
2236,-1121,1649260051.369636000,18.65.144.204
2237,-1434,1649260051.369637000,18.65.144.204
2238,78,1649260051.369670000,10.11.219.6
2239,66,1649260051.369697000,10.11.219.6
2240,-16472,1649260051.369870000,18.65.144.204
2241,66,1649260051.369880000,10.11.219.6
2242,-5538,1649260051.369919000,18.65.144.204
2243,66,1649260051.369926000,10.11.219.6
2244,-4170,1649260051.372321000,18.65.144.204
2245,66,1649260051.372344000,10.11.219.6
2246,-4170,1649260051.372503000,18.65.144.204
2247,-820,1649260051.372504000,18.65.144.204
2248,-1434,1649260051.372505000,18.65.144.204
2249,-2505,1649260051.372505000,18.65.144.204
2250,-12378,1649260051.372508000,18.65.144.204
2251,66,1649260051.372519000,10.11.219.6
2252,78,1649260051.372534000,10.11.219.6
2253,66,1649260051.372542000,10.11.219.6
2254,66,1649260051.372547000,10.11.219.6
2255,66,1649260051.372553000,10.11.219.6
2256,-2802,1649260051.374981000,18.65.144.204
2257,66,1649260051.374994000,10.11.219.6
2258,-1424,1649260051.375153000,18.65.144.204
2259,-20586,1649260051.375160000,18.65.144.204
2260,66,1649260051.375175000,10.11.219.6
2261,-2802,1649260051.377266000,18.65.144.204
2262,66,1649260051.377282000,10.11.219.6
2263,-9622,1649260051.377512000,18.65.144.204
2264,-13746,1649260051.377515000,18.65.144.204
2265,66,1649260051.377529000,10.11.219.6
2266,66,1649260051.377580000,10.11.219.6
2267,-5538,1649260051.379855000,18.65.144.204
2268,66,1649260051.379869000,10.11.219.6
2269,-13746,1649260051.380015000,18.65.144.204
2270,-5538,1649260051.380033000,18.65.144.204
2271,66,1649260051.380046000,10.11.219.6
2272,-13746,1649260051.382150000,18.65.144.204
2273,66,1649260051.382189000,10.11.219.6
2274,-612,1649260051.382243000,18.65.144.204
2275,-66,1649260051.382244000,34.223.189.100
2276,-1434,1649260051.382244000,18.65.144.204
2277,78,1649260051.382277000,10.11.219.6
2278,66,1649260051.382317000,10.11.219.6
2279,182,1649260051.397205000,10.11.219.6
2280,184,1649260051.400304000,10.11.219.6
2281,1262,1649260051.406467000,10.11.219.6
2282,-66,1649260051.409116000,18.65.144.204
2283,-1434,1649260051.409118000,18.65.144.204
2284,-1434,1649260051.409161000,18.65.144.204
2285,-519,1649260051.409162000,18.65.144.204
2286,-1434,1649260051.409162000,18.65.144.204
2287,66,1649260051.409174000,10.11.219.6
2288,78,1649260051.409194000,10.11.219.6
2289,66,1649260051.409199000,10.11.219.6
2290,74,1649260051.409728000,10.11.219.6
2291,-1434,1649260051.410590000,18.65.144.204
2292,-818,1649260051.410591000,18.65.144.204
2293,-1434,1649260051.410592000,18.65.144.204
2294,-1222,1649260051.410592000,18.65.144.204
2295,-5538,1649260051.410593000,18.65.144.204
2296,78,1649260051.410621000,10.11.219.6
2297,66,1649260051.410643000,10.11.219.6
2298,66,1649260051.410656000,10.11.219.6
2299,1227,1649260051.414258000,10.11.219.6
2300,174,1649260051.416317000,10.11.219.6
2301,189,1649260051.417486000,10.11.219.6
2302,-5538,1649260051.424171000,18.65.144.204
2303,66,1649260051.424219000,10.11.219.6
2304,-5528,1649260051.424309000,18.65.144.204
2305,-6906,1649260051.424310000,18.65.144.204
2306,-459,1649260051.424332000,18.65.144.204
2307,-1434,1649260051.424333000,18.65.144.204
2308,-5538,1649260051.424334000,18.65.144.204
2309,66,1649260051.424337000,10.11.219.6
2310,78,1649260051.424347000,10.11.219.6
2311,66,1649260051.424351000,10.11.219.6
2312,66,1649260051.424558000,10.11.219.6
2313,-4170,1649260051.426878000,18.65.144.204
2314,66,1649260051.426900000,10.11.219.6
2315,-6896,1649260051.427047000,18.65.144.204
2316,-13746,1649260051.427050000,18.65.144.204
2317,66,1649260051.427093000,10.11.219.6
2318,180,1649260051.429064000,10.11.219.6
2319,-2792,1649260051.429179000,18.65.144.204
2320,66,1649260051.429222000,10.11.219.6
2321,-21954,1649260051.429357000,18.65.144.204
2322,66,1649260051.429399000,10.11.219.6
2323,-2802,1649260051.431686000,18.65.144.204
2324,66,1649260051.431704000,10.11.219.6
2325,169,1649260051.431731000,10.11.219.6
2326,-4104,1649260051.431865000,18.65.144.204
2327,-17850,1649260051.431870000,18.65.144.204
2328,66,1649260051.431921000,10.11.219.6
2329,-8274,1649260051.434039000,18.65.144.204
2330,66,1649260051.434050000,10.11.219.6
2331,-6906,1649260051.434256000,18.65.144.204
2332,-11010,1649260051.434258000,18.65.144.204
2333,66,1649260051.434318000,10.11.219.6
2334,-5538,1649260051.436628000,18.65.144.204
2335,66,1649260051.436635000,10.11.219.6
2336,-16482,1649260051.436806000,18.65.144.204
2337,-2802,1649260051.436822000,18.65.144.204
2338,66,1649260051.436849000,10.11.219.6
2339,-5538,1649260051.439057000,18.65.144.204
2340,66,1649260051.439064000,10.11.219.6
2341,-15114,1649260051.439206000,18.65.144.204
2342,-4170,1649260051.439225000,18.65.144.204
2343,66,1649260051.439246000,10.11.219.6
2344,-6906,1649260051.440644000,18.65.144.204
2345,-66,1649260051.440645000,18.65.144.204
2346,-5538,1649260051.440646000,18.65.144.204
2347,66,1649260051.440654000,10.11.219.6
2348,66,1649260051.440694000,10.11.219.6
2349,74,1649260051.484969000,10.11.219.6
2350,169,1649260051.488823000,10.11.219.6
2351,-16482,1649260051.570422000,18.65.144.204
2352,-4170,1649260051.570486000,18.65.144.204
2353,-5538,1649260051.570487000,18.65.144.204
2354,66,1649260051.570528000,10.11.219.6
2355,-2802,1649260051.571958000,18.65.144.204
2356,66,1649260051.571974000,10.11.219.6
2357,-13746,1649260051.574066000,18.65.144.204
2358,66,1649260051.574160000,10.11.219.6
2359,-2802,1649260051.574249000,18.65.144.204
2360,-2802,1649260051.574252000,18.65.144.204
2361,-11010,1649260051.574256000,18.65.144.204
2362,66,1649260051.574343000,10.11.219.6
2363,-8274,1649260051.577042000,18.65.144.204
2364,66,1649260051.577065000,10.11.219.6
2365,-2802,1649260051.577212000,18.65.144.204
2366,-13746,1649260051.577218000,18.65.144.204
2367,66,1649260051.577353000,10.11.219.6
2368,-8274,1649260051.579606000,18.65.144.204
2369,66,1649260051.579623000,10.11.219.6
2370,-2802,1649260051.579799000,18.65.144.204
2371,-13746,1649260051.579805000,18.65.144.204
2372,66,1649260051.579862000,10.11.219.6
2373,-4170,1649260051.582766000,18.65.144.204
2374,66,1649260051.582787000,10.11.219.6
2375,-21954,1649260051.582997000,18.65.144.204
2376,66,1649260051.583236000,10.11.219.6
2377,-2802,1649260051.585295000,18.65.144.204
2378,66,1649260051.585310000,10.11.219.6
2379,-8274,1649260051.585440000,18.65.144.204
2380,-66,1649260051.585441000,34.223.189.100
2381,-66,1649260051.585441000,34.223.189.100
2382,66,1649260051.585476000,10.11.219.6
2383,-66,1649260051.585486000,34.223.189.100
2384,-66,1649260051.585486000,34.223.189.100
2385,-66,1649260051.585487000,34.223.189.100
2386,-108,1649260051.585487000,34.223.189.100
2387,-66,1649260051.585487000,34.223.189.100
2388,-260,1649260051.585488000,34.223.189.100
2389,-74,1649260051.585488000,3.23.204.235
2390,-1434,1649260051.585489000,18.65.144.204
2391,66,1649260051.585516000,10.11.219.6
2392,66,1649260051.585537000,10.11.219.6
2393,-4170,1649260051.585550000,18.65.144.204
2394,-6906,1649260051.585552000,18.65.144.204
2395,66,1649260051.585726000,10.11.219.6
2396,-4170,1649260051.588001000,18.65.144.204
2397,66,1649260051.588017000,10.11.219.6
2398,-15114,1649260051.588168000,18.65.144.204
2399,-78,1649260051.588186000,18.65.144.204
2400,-5538,1649260051.588187000,18.65.144.204
2401,583,1649260051.589520000,10.11.219.6
2402,66,1649260051.589664000,10.11.219.6
2403,-8274,1649260051.589829000,18.65.144.204
2404,187,1649260051.589922000,10.11.219.6
2405,-16482,1649260051.591039000,18.65.144.204
2406,66,1649260051.591053000,10.11.219.6
2407,-2802,1649260051.593327000,18.65.144.204
2408,66,1649260051.593351000,10.11.219.6
2409,-15114,1649260051.593492000,18.65.144.204
2410,-6906,1649260051.593513000,18.65.144.204
2411,66,1649260051.593523000,10.11.219.6
2412,-9642,1649260051.596135000,18.65.144.204
2413,-8274,1649260051.596158000,18.65.144.204
2414,66,1649260051.596260000,10.11.219.6
2415,-8274,1649260051.596472000,18.65.144.204
2416,66,1649260051.597205000,10.11.219.6
2417,-8274,1649260051.597960000,18.65.144.204
2418,-66,1649260051.597962000,209.54.180.3
2419,-5538,1649260051.597968000,18.65.144.204
2420,66,1649260051.598019000,10.11.219.6
2421,54,1649260051.598123000,10.11.219.6
2422,-2802,1649260051.598246000,18.65.144.204
2423,-8274,1649260051.598253000,18.65.144.204
2424,66,1649260051.598292000,10.11.219.6
2425,571,1649260051.601396000,10.11.219.6
2426,172,1649260051.602960000,10.11.219.6
2427,-19218,1649260051.647082000,18.65.144.204
2428,-2802,1649260051.647232000,18.65.144.204
2429,66,1649260051.647266000,10.11.219.6
2430,66,1649260051.647447000,10.11.219.6
2431,-1434,1649260051.649269000,18.65.144.204
2432,-9642,1649260051.649274000,18.65.144.204
2433,66,1649260051.649318000,10.11.219.6
2434,-13746,1649260051.651406000,18.65.144.204
2435,-9642,1649260051.651501000,18.65.144.204
2436,-1434,1649260051.651502000,18.65.144.204
2437,66,1649260051.651578000,10.11.219.6
2438,-4170,1649260051.653813000,18.65.144.204
2439,-20586,1649260051.653821000,18.65.144.204
2440,66,1649260051.653845000,10.11.219.6
2441,-1434,1649260051.653887000,18.65.144.204
2442,66,1649260051.653990000,10.11.219.6
2443,-4170,1649260051.656473000,18.65.144.204
2444,-1434,1649260051.656475000,18.65.144.204
2445,66,1649260051.656497000,10.11.219.6
2446,-1434,1649260051.656667000,18.65.144.204
2447,-16482,1649260051.656672000,18.65.144.204
2448,66,1649260051.656680000,10.11.219.6
2449,-2802,1649260051.656719000,18.65.144.204
2450,66,1649260051.656750000,10.11.219.6
2451,-5538,1649260051.659452000,18.65.144.204
2452,66,1649260051.659468000,10.11.219.6
2453,-16482,1649260051.659644000,18.65.144.204
2454,-2802,1649260051.659679000,18.65.144.204
2455,66,1649260051.659757000,10.11.219.6
2456,-2802,1649260051.661792000,18.65.144.204
2457,66,1649260051.661810000,10.11.219.6
2458,-15114,1649260051.661944000,18.65.144.204
2459,-2802,1649260051.661965000,18.65.144.204
2460,-285,1649260051.661966000,18.65.144.204
2461,-1434,1649260051.661966000,18.65.144.204
2462,-1434,1649260051.661967000,18.65.144.204
2463,66,1649260051.661983000,10.11.219.6
2464,78,1649260051.662002000,10.11.219.6
2465,66,1649260051.662006000,10.11.219.6
2466,-12362,1649260051.663810000,18.65.144.204
2467,66,1649260051.663833000,10.11.219.6
2468,571,1649260051.670135000,10.11.219.6
2469,950,1649260051.671600000,10.11.219.6
2470,1295,1649260051.671954000,10.11.219.6
2471,181,1649260051.672466000,10.11.219.6
2472,-66,1649260051.672561000,18.65.144.204
2473,-2802,1649260051.673963000,18.65.144.204
2474,-2802,1649260051.673964000,18.65.144.204
2475,66,1649260051.674017000,10.11.219.6
2476,-2802,1649260051.674805000,18.65.144.204
2477,66,1649260051.674814000,10.11.219.6
2478,836,1649260051.675723000,10.11.219.6
2479,-2802,1649260051.675897000,18.65.144.204
2480,66,1649260051.675931000,10.11.219.6
2481,-66,1649260051.676970000,18.65.144.204
2482,-66,1649260051.676971000,18.65.144.204
2483,-2802,1649260051.676971000,18.65.144.204
2484,66,1649260051.677011000,10.11.219.6
2485,-66,1649260051.678036000,18.65.144.204
2486,-2802,1649260051.678037000,18.65.144.204
2487,66,1649260051.678061000,10.11.219.6
2488,-2802,1649260051.679102000,18.65.144.204
2489,66,1649260051.679111000,10.11.219.6
2490,-2802,1649260051.680393000,18.65.144.204
2491,-66,1649260051.680394000,18.65.144.204
2492,-2802,1649260051.680394000,18.65.144.204
2493,66,1649260051.680404000,10.11.219.6
2494,66,1649260051.680447000,10.11.219.6
2495,178,1649260051.680621000,10.11.219.6
2496,-2802,1649260051.681286000,18.65.144.204
2497,66,1649260051.681324000,10.11.219.6
2498,-2802,1649260051.682322000,18.65.144.204
2499,66,1649260051.682348000,10.11.219.6
2500,-2802,1649260051.683388000,18.65.144.204
2501,66,1649260051.683410000,10.11.219.6
2502,-2802,1649260051.684468000,18.65.144.204
2503,66,1649260051.684474000,10.11.219.6
2504,-2802,1649260051.685538000,18.65.144.204
2505,66,1649260051.685545000,10.11.219.6
2506,-66,1649260051.686610000,18.65.144.204
2507,-2802,1649260051.686611000,18.65.144.204
2508,66,1649260051.686622000,10.11.219.6
2509,-2802,1649260051.687671000,18.65.144.204
2510,66,1649260051.687675000,10.11.219.6
2511,-2802,1649260051.688760000,18.65.144.204
2512,66,1649260051.688768000,10.11.219.6
2513,-2802,1649260051.690132000,18.65.144.204
2514,-2802,1649260051.690134000,18.65.144.204
2515,66,1649260051.690160000,10.11.219.6
2516,66,1649260051.690294000,10.11.219.6
2517,-2802,1649260051.690956000,18.65.144.204
2518,66,1649260051.690971000,10.11.219.6
2519,-2802,1649260051.692234000,18.65.144.204
2520,66,1649260051.692247000,10.11.219.6
2521,-2802,1649260051.693107000,18.65.144.204
2522,66,1649260051.693125000,10.11.219.6
2523,-2802,1649260051.694339000,18.65.144.204
2524,-2802,1649260051.694341000,18.65.144.204
2525,66,1649260051.694361000,10.11.219.6
2526,66,1649260051.694487000,10.11.219.6
2527,-2802,1649260051.695384000,18.65.144.204
2528,66,1649260051.695473000,10.11.219.6
2529,-2802,1649260051.696460000,18.65.144.204
2530,66,1649260051.696478000,10.11.219.6
2531,-2802,1649260051.697536000,18.65.144.204
2532,-2802,1649260051.697537000,18.65.144.204
2533,66,1649260051.697553000,10.11.219.6
2534,66,1649260051.697631000,10.11.219.6
2535,-4170,1649260051.698728000,18.65.144.204
2536,66,1649260051.698788000,10.11.219.6
2537,-2802,1649260051.699532000,18.65.144.204
2538,66,1649260051.699580000,10.11.219.6
2539,-2802,1649260051.700741000,18.65.144.204
2540,-2802,1649260051.700743000,18.65.144.204
2541,66,1649260051.700765000,10.11.219.6
2542,66,1649260051.700858000,10.11.219.6
2543,-2802,1649260051.703034000,18.65.144.204
2544,-2802,1649260051.703035000,18.65.144.204
2545,-2802,1649260051.703036000,18.65.144.204
2546,66,1649260051.703113000,10.11.219.6
2547,-2802,1649260051.704162000,18.65.144.204
2548,-2802,1649260051.704163000,18.65.144.204
2549,66,1649260051.704225000,10.11.219.6
2550,-2802,1649260051.705489000,18.65.144.204
2551,-2802,1649260051.705490000,18.65.144.204
2552,66,1649260051.705506000,10.11.219.6
2553,66,1649260051.705821000,10.11.219.6
2554,178,1649260051.706461000,10.11.219.6
2555,-4170,1649260051.706682000,18.65.144.204
2556,66,1649260051.706716000,10.11.219.6
2557,-4170,1649260051.707523000,18.65.144.204
2558,66,1649260051.707541000,10.11.219.6
2559,-4170,1649260051.708576000,18.65.144.204
2560,66,1649260051.708590000,10.11.219.6
2561,-4170,1649260051.710255000,18.65.144.204
2562,-1434,1649260051.710256000,18.65.144.204
2563,66,1649260051.710267000,10.11.219.6
2564,-2802,1649260051.711111000,18.65.144.204
2565,-4170,1649260051.711112000,18.65.144.204
2566,66,1649260051.711118000,10.11.219.6
2567,66,1649260051.711145000,10.11.219.6
2568,-66,1649260051.712494000,18.65.144.204
2569,-4170,1649260051.712496000,18.65.144.204
2570,-4170,1649260051.712497000,18.65.144.204
2571,66,1649260051.712519000,10.11.219.6
2572,66,1649260051.712583000,10.11.219.6
2573,-5538,1649260051.713232000,18.65.144.204
2574,66,1649260051.713271000,10.11.219.6
2575,739,1649260051.714384000,10.11.219.6
2576,-4170,1649260051.714418000,18.65.144.204
2577,66,1649260051.714500000,10.11.219.6
2578,-4170,1649260051.715310000,18.65.144.204
2579,66,1649260051.715317000,10.11.219.6
2580,-2802,1649260051.716160000,18.65.144.204
2581,66,1649260051.716165000,10.11.219.6
2582,-1434,1649260051.717646000,18.65.144.204
2583,-2802,1649260051.717647000,18.65.144.204
2584,-1434,1649260051.717648000,18.65.144.204
2585,66,1649260051.717701000,10.11.219.6
2586,-1434,1649260051.718686000,18.65.144.204
2587,-2802,1649260051.718687000,18.65.144.204
2588,66,1649260051.718719000,10.11.219.6
2589,-4170,1649260051.719676000,18.65.144.204
2590,-66,1649260051.719677000,18.65.144.204
2591,66,1649260051.719685000,10.11.219.6
2592,-4170,1649260051.720897000,18.65.144.204
2593,-1434,1649260051.720898000,18.65.144.204
2594,66,1649260051.720908000,10.11.219.6
2595,-2802,1649260051.722014000,18.65.144.204
2596,-4170,1649260051.722015000,18.65.144.204
2597,66,1649260051.722024000,10.11.219.6
2598,66,1649260051.722075000,10.11.219.6
2599,-4170,1649260051.723600000,18.65.144.204
2600,-4170,1649260051.723601000,18.65.144.204
2601,66,1649260051.723610000,10.11.219.6
2602,66,1649260051.723668000,10.11.219.6
2603,-4170,1649260051.724477000,18.65.144.204
2604,66,1649260051.724509000,10.11.219.6
2605,-4170,1649260051.725461000,18.65.144.204
2606,66,1649260051.725535000,10.11.219.6
2607,-4170,1649260051.726751000,18.65.144.204
2608,-2802,1649260051.726754000,18.65.144.204
2609,66,1649260051.726779000,10.11.219.6
2610,66,1649260051.726895000,10.11.219.6
2611,-4170,1649260051.727950000,18.65.144.204
2612,-4170,1649260051.727952000,18.65.144.204
2613,66,1649260051.728054000,10.11.219.6
2614,-4170,1649260051.736924000,18.65.144.204
2615,-4170,1649260051.736937000,18.65.144.204
2616,66,1649260051.736972000,10.11.219.6
2617,-4170,1649260051.737072000,18.65.144.204
2618,-4170,1649260051.737074000,18.65.144.204
2619,-4170,1649260051.737075000,18.65.144.204
2620,-4170,1649260051.737109000,18.65.144.204
2621,66,1649260051.737125000,10.11.219.6
2622,66,1649260051.737283000,10.11.219.6
2623,-2802,1649260051.738826000,18.65.144.204
2624,66,1649260051.738839000,10.11.219.6
2625,-1434,1649260051.739202000,18.65.144.204
2626,-4170,1649260051.739204000,18.65.144.204
2627,-4170,1649260051.739205000,18.65.144.204
2628,-4170,1649260051.739207000,18.65.144.204
2629,-4170,1649260051.739278000,18.65.144.204
2630,-4170,1649260051.739280000,18.65.144.204
2631,66,1649260051.739303000,10.11.219.6
2632,66,1649260051.739425000,10.11.219.6
2633,-4170,1649260051.740525000,18.65.144.204
2634,66,1649260051.740538000,10.11.219.6
2635,-2802,1649260051.741544000,18.65.144.204
2636,66,1649260051.741558000,10.11.219.6
2637,-4170,1649260051.742918000,18.65.144.204
2638,-2802,1649260051.742920000,18.65.144.204
2639,66,1649260051.743101000,10.11.219.6
2640,-1434,1649260051.743785000,18.65.144.204
2641,-4170,1649260051.743788000,18.65.144.204
2642,66,1649260051.743862000,10.11.219.6
2643,-4170,1649260051.745182000,18.65.144.204
2644,66,1649260051.745292000,10.11.219.6
2645,-4170,1649260051.746219000,18.65.144.204
2646,-4170,1649260051.746220000,18.65.144.204
2647,66,1649260051.746276000,10.11.219.6
2648,-5538,1649260051.747150000,18.65.144.204
2649,66,1649260051.747162000,10.11.219.6
2650,-5538,1649260051.748135000,18.65.144.204
2651,66,1649260051.748146000,10.11.219.6
2652,-5538,1649260051.749551000,18.65.144.204
2653,-2802,1649260051.749553000,18.65.144.204
2654,66,1649260051.749577000,10.11.219.6
2655,66,1649260051.749685000,10.11.219.6
2656,-2802,1649260051.751631000,18.65.144.204
2657,-2802,1649260051.751661000,18.65.144.204
2658,-2802,1649260051.751662000,18.65.144.204
2659,66,1649260051.751716000,10.11.219.6
2660,-2802,1649260051.753929000,18.65.144.204
2661,66,1649260051.753952000,10.11.219.6
2662,-1434,1649260051.754009000,18.65.144.204
2663,-4170,1649260051.754011000,18.65.144.204
2664,-4170,1649260051.754012000,18.65.144.204
2665,66,1649260051.754177000,10.11.219.6
2666,-4170,1649260051.756222000,18.65.144.204
2667,-4170,1649260051.756224000,18.65.144.204
2668,-74,1649260051.756224000,3.23.204.235
2669,66,1649260051.756243000,10.11.219.6
2670,66,1649260051.756288000,10.11.219.6
2671,66,1649260051.756341000,10.11.219.6
2672,-4170,1649260051.758299000,18.65.144.204
2673,-4170,1649260051.758301000,18.65.144.204
2674,-4170,1649260051.758302000,18.65.144.204
2675,583,1649260051.760032000,10.11.219.6
2676,66,1649260051.760211000,10.11.219.6
2677,185,1649260051.761825000,10.11.219.6
2678,186,1649260051.816694000,10.11.219.6
2679,298,1649260051.818525000,10.11.219.6
2680,-4170,1649260051.877437000,18.65.144.204
2681,-4170,1649260051.877438000,18.65.144.204
2682,66,1649260051.877523000,10.11.219.6
2683,-4170,1649260051.877565000,18.65.144.204
2684,-4170,1649260051.877565000,18.65.144.204
2685,-4170,1649260051.877566000,18.65.144.204
2686,-4170,1649260051.877577000,18.65.144.204
2687,66,1649260051.877638000,10.11.219.6
2688,-4170,1649260051.878615000,18.65.144.204
2689,-4170,1649260051.878616000,18.65.144.204
2690,-2802,1649260051.878617000,18.65.144.204
2691,66,1649260051.878625000,10.11.219.6
2692,66,1649260051.878669000,10.11.219.6
2693,644,1649260051.878954000,10.11.219.6
2694,-1434,1649260051.881033000,18.65.144.204
2695,-4170,1649260051.881035000,18.65.144.204
2696,-2802,1649260051.881035000,18.65.144.204
2697,-4170,1649260051.881036000,18.65.144.204
2698,-4170,1649260051.881079000,18.65.144.204
2699,-1434,1649260051.881080000,18.65.144.204
2700,-2802,1649260051.881108000,18.65.144.204
2701,-4170,1649260051.881109000,18.65.144.204
2702,-1434,1649260051.881109000,18.65.144.204
2703,66,1649260051.881126000,10.11.219.6
2704,-2802,1649260051.883844000,18.65.144.204
2705,-4170,1649260051.883845000,18.65.144.204
2706,-4170,1649260051.883846000,18.65.144.204
2707,66,1649260051.883861000,10.11.219.6
2708,-66,1649260051.883924000,3.23.204.235
2709,-1434,1649260051.883925000,3.23.204.235
2710,-83,1649260051.883925000,3.23.204.235
2711,-54,1649260051.883925000,209.54.180.3
2712,-54,1649260051.883926000,209.54.180.3
2713,-6001,1649260051.883927000,209.54.180.3
2714,66,1649260051.883941000,10.11.219.6
2715,66,1649260051.883949000,10.11.219.6
2716,78,1649260051.883955000,10.11.219.6
2717,54,1649260051.883963000,10.11.219.6
2718,-4170,1649260051.883970000,3.23.204.235
2719,-1434,1649260051.883970000,18.65.144.204
2720,66,1649260051.883975000,10.11.219.6
2721,-4170,1649260051.886142000,18.65.144.204
2722,-1230,1649260051.886143000,18.65.144.204
2723,78,1649260051.886176000,10.11.219.6
2724,-4170,1649260051.886345000,18.65.144.204
2725,-1434,1649260051.886346000,18.65.144.204
2726,-1434,1649260051.886347000,18.65.144.204
2727,-485,1649260051.886348000,18.65.144.204
2728,-1434,1649260051.886349000,18.65.144.204
2729,-788,1649260051.886349000,18.65.144.204
2730,66,1649260051.886366000,10.11.219.6
2731,66,1649260051.886379000,10.11.219.6
2732,78,1649260051.886389000,10.11.219.6
2733,66,1649260051.886398000,10.11.219.6
2734,66,1649260051.886408000,10.11.219.6
2735,-4170,1649260051.886454000,18.65.144.204
2736,-4170,1649260051.886464000,18.65.144.204
2737,-2802,1649260051.886465000,18.65.144.204
2738,-1434,1649260051.888769000,18.65.144.204
2739,-4170,1649260051.888770000,18.65.144.204
2740,-214,1649260051.888771000,18.65.144.204
2741,-1434,1649260051.888772000,18.65.144.204
2742,-680,1649260051.888773000,18.65.144.204
2743,-796,1649260051.888774000,18.65.144.204
2744,66,1649260051.888794000,10.11.219.6
2745,78,1649260051.888810000,10.11.219.6
2746,66,1649260051.888819000,10.11.219.6
2747,66,1649260051.888827000,10.11.219.6
2748,66,1649260051.888836000,10.11.219.6
2749,-4170,1649260051.888881000,18.65.144.204
2750,-158,1649260051.888882000,18.65.144.204
2751,-1434,1649260051.888883000,18.65.144.204
2752,-663,1649260051.888884000,18.65.144.204
2753,-4170,1649260051.888885000,18.65.144.204
2754,78,1649260051.888896000,10.11.219.6
2755,66,1649260051.888906000,10.11.219.6
2756,66,1649260051.888915000,10.11.219.6
2757,-4170,1649260051.888942000,18.65.144.204
2758,192,1649260051.890965000,10.11.219.6
2759,-5538,1649260051.891184000,18.65.144.204
2760,-4170,1649260051.891186000,18.65.144.204
2761,-4170,1649260051.891188000,18.65.144.204
2762,-4170,1649260051.891232000,18.65.144.204
2763,-4170,1649260051.892921000,18.65.144.204
2764,-4170,1649260051.892922000,18.65.144.204
2765,-5538,1649260051.892923000,18.65.144.204
2766,-2802,1649260051.894835000,18.65.144.204
2767,-2802,1649260051.894892000,18.65.144.204
2768,-5538,1649260051.894893000,18.65.144.204
2769,180,1649260051.895142000,10.11.219.6
2770,66,1649260051.895372000,10.11.219.6
2771,-5538,1649260051.897459000,18.65.144.204
2772,66,1649260051.897476000,10.11.219.6
2773,-5538,1649260051.897515000,18.65.144.204
2774,-5538,1649260051.897516000,18.65.144.204
2775,66,1649260051.898890000,10.11.219.6
2776,-5538,1649260051.899358000,18.65.144.204
2777,-6906,1649260051.899360000,18.65.144.204
2778,66,1649260051.899380000,10.11.219.6
2779,66,1649260051.900106000,10.11.219.6
2780,-2802,1649260051.901093000,18.65.144.204
2781,-2802,1649260051.901094000,18.65.144.204
2782,66,1649260051.901111000,10.11.219.6
2783,66,1649260051.901201000,10.11.219.6
2784,-2802,1649260051.953390000,18.65.144.204
2785,-2802,1649260051.953427000,18.65.144.204
2786,-2802,1649260051.953428000,18.65.144.204
2787,-2802,1649260051.953429000,18.65.144.204
2788,66,1649260051.953431000,10.11.219.6
2789,66,1649260051.953459000,10.11.219.6
2790,-2802,1649260051.955818000,18.65.144.204
2791,66,1649260051.955836000,10.11.219.6
2792,-4170,1649260051.955988000,18.65.144.204
2793,-4170,1649260051.955990000,18.65.144.204
2794,-4170,1649260051.955991000,18.65.144.204
2795,-4170,1649260051.956025000,18.65.144.204
2796,-4170,1649260051.956026000,18.65.144.204
2797,-1434,1649260051.956027000,18.65.144.204
2798,66,1649260051.956064000,10.11.219.6
2799,-2802,1649260051.959737000,18.65.144.204
2800,66,1649260051.959753000,10.11.219.6
2801,-4170,1649260051.959946000,18.65.144.204
2802,-4170,1649260051.959947000,18.65.144.204
2803,-4170,1649260051.959948000,18.65.144.204
2804,66,1649260051.959977000,10.11.219.6
2805,-2802,1649260051.959983000,18.65.144.204
2806,-4170,1649260051.959984000,18.65.144.204
2807,-4170,1649260051.959985000,18.65.144.204
2808,66,1649260051.959996000,10.11.219.6
2809,66,1649260051.960046000,10.11.219.6
2810,-2802,1649260051.962305000,18.65.144.204
2811,66,1649260051.962320000,10.11.219.6
2812,-1434,1649260051.962459000,18.65.144.204
2813,-4170,1649260051.962460000,18.65.144.204
2814,-4170,1649260051.962461000,18.65.144.204
2815,-4170,1649260051.962462000,18.65.144.204
2816,66,1649260051.962489000,10.11.219.6
2817,-4170,1649260051.962495000,18.65.144.204
2818,-4170,1649260051.962496000,18.65.144.204
2819,66,1649260051.962684000,10.11.219.6
2820,-4170,1649260051.965228000,18.65.144.204
2821,-1434,1649260051.965230000,18.65.144.204
2822,66,1649260051.965251000,10.11.219.6
2823,-2802,1649260051.965361000,18.65.144.204
2824,-4170,1649260051.965362000,18.65.144.204
2825,-4170,1649260051.965363000,18.65.144.204
2826,66,1649260051.965369000,10.11.219.6
2827,66,1649260051.965382000,10.11.219.6
2828,-4170,1649260051.965404000,18.65.144.204
2829,-4170,1649260051.965405000,18.65.144.204
2830,66,1649260051.965565000,10.11.219.6
2831,-2802,1649260051.967793000,18.65.144.204
2832,66,1649260051.967808000,10.11.219.6
2833,-1434,1649260051.967934000,18.65.144.204
2834,-2802,1649260051.967934000,18.65.144.204
2835,-4170,1649260051.967935000,18.65.144.204
2836,-4170,1649260051.967936000,18.65.144.204
2837,-2802,1649260051.967970000,18.65.144.204
2838,-4170,1649260051.967971000,18.65.144.204
2839,-1434,1649260051.967972000,18.65.144.204
2840,66,1649260051.968180000,10.11.219.6
2841,-2802,1649260051.970213000,18.65.144.204
2842,-2802,1649260051.970222000,18.65.144.204
2843,66,1649260051.970241000,10.11.219.6
2844,66,1649260051.970297000,10.11.219.6
2845,-1434,1649260051.970370000,18.65.144.204
2846,-4170,1649260051.970371000,18.65.144.204
2847,-4170,1649260051.970372000,18.65.144.204
2848,-4170,1649260051.970374000,18.65.144.204
2849,-4170,1649260051.970394000,18.65.144.204
2850,-1434,1649260051.970395000,18.65.144.204
2851,66,1649260051.970428000,10.11.219.6
2852,-2802,1649260051.971637000,18.65.144.204
2853,-4170,1649260051.971638000,18.65.144.204
2854,-2713,1649260051.971639000,18.65.144.204
2855,66,1649260051.971653000,10.11.219.6
2856,66,1649260051.971764000,10.11.219.6
2857,176,1649260051.986547000,10.11.219.6
2858,185,1649260051.986683000,10.11.219.6
2859,456,1649260051.987013000,10.11.219.6
2860,-66,1649260051.988951000,18.65.144.204
2861,-66,1649260051.990315000,18.65.144.204
2862,-1145,1649260051.990316000,18.65.144.204
2863,-2000,1649260051.990317000,18.65.144.204
2864,66,1649260051.990515000,10.11.219.6
2865,-4170,1649260051.991800000,18.65.144.204
2866,-4170,1649260051.991802000,18.65.144.204
2867,66,1649260051.991817000,10.11.219.6
2868,66,1649260051.991859000,10.11.219.6
2869,-4170,1649260051.993064000,18.65.144.204
2870,-4170,1649260051.993069000,18.65.144.204
2871,66,1649260051.993114000,10.11.219.6
2872,66,1649260051.993288000,10.11.219.6
2873,-4170,1649260051.993686000,18.65.144.204
2874,66,1649260051.993844000,10.11.219.6
2875,-4170,1649260051.994764000,18.65.144.204
2876,66,1649260051.994775000,10.11.219.6
2877,-4170,1649260051.996207000,18.65.144.204
2878,-4170,1649260051.996208000,18.65.144.204
2879,66,1649260051.996226000,10.11.219.6
2880,66,1649260051.996274000,10.11.219.6
2881,-4170,1649260051.997091000,18.65.144.204
2882,66,1649260051.997103000,10.11.219.6
2883,-4170,1649260051.997988000,18.65.144.204
2884,66,1649260051.998121000,10.11.219.6
2885,-4170,1649260051.999992000,18.65.144.204
2886,-5538,1649260051.999993000,18.65.144.204
2887,66,1649260052.000085000,10.11.219.6
2888,-2802,1649260052.002128000,18.65.144.204
2889,66,1649260052.002144000,10.11.219.6
2890,-2802,1649260052.002221000,18.65.144.204
2891,-5538,1649260052.002222000,18.65.144.204
2892,-5538,1649260052.002223000,18.65.144.204
2893,66,1649260052.003209000,10.11.219.6
2894,-5538,1649260052.003886000,18.65.144.204
2895,-5538,1649260052.003888000,18.65.144.204
2896,66,1649260052.003907000,10.11.219.6
2897,66,1649260052.003956000,10.11.219.6
2898,-2802,1649260052.006064000,18.65.144.204
2899,-5538,1649260052.006066000,18.65.144.204
2900,-2802,1649260052.006067000,18.65.144.204
2901,66,1649260052.006119000,10.11.219.6
2902,-2802,1649260052.008130000,18.65.144.204
2903,66,1649260052.008149000,10.11.219.6
2904,-2802,1649260052.008193000,18.65.144.204
2905,-2802,1649260052.008194000,18.65.144.204
2906,-2802,1649260052.008195000,18.65.144.204
2907,66,1649260052.008260000,10.11.219.6
2908,-1434,1649260052.009763000,18.65.144.204
2909,-838,1649260052.009764000,18.65.144.204
2910,-1434,1649260052.009765000,18.65.144.204
2911,78,1649260052.009819000,10.11.219.6
2912,66,1649260052.009859000,10.11.219.6
2913,-66,1649260052.063068000,3.23.204.235
2914,-2802,1649260052.065513000,3.23.204.235
2915,-83,1649260052.065514000,3.23.204.235
2916,66,1649260052.065530000,10.11.219.6
2917,78,1649260052.065551000,10.11.219.6
2918,-2802,1649260052.065565000,3.23.204.235
2919,66,1649260052.065569000,10.11.219.6
2920,-105,1649260052.067264000,209.54.180.3
2921,54,1649260052.067279000,10.11.219.6
2922,192,1649260052.071124000,10.11.219.6
2923,-372,1649260052.071695000,3.23.204.235
2924,-135,1649260052.071696000,3.23.204.235
2925,66,1649260052.071711000,10.11.219.6
2926,66,1649260052.071720000,10.11.219.6
2927,1391,1649260052.072164000,10.11.219.6
2928,243,1649260052.073777000,10.11.219.6
2929,376,1649260052.073808000,10.11.219.6
2930,104,1649260052.074206000,10.11.219.6
2931,-2774,1649260052.250118000,209.54.180.3
2932,54,1649260052.250135000,10.11.219.6
2933,-2874,1649260052.250168000,209.54.180.3
2934,54,1649260052.250172000,10.11.219.6
2935,-66,1649260052.253834000,3.23.204.235
2936,-104,1649260052.253835000,3.23.204.235
2937,66,1649260052.253863000,10.11.219.6
2938,-233,1649260052.259255000,3.23.204.235
2939,-372,1649260052.259256000,3.23.204.235
2940,-135,1649260052.259256000,3.23.204.235
2941,66,1649260052.259283000,10.11.219.6
2942,66,1649260052.259327000,10.11.219.6
2943,66,1649260052.259333000,10.11.219.6
2944,260,1649260052.260352000,10.11.219.6
2945,97,1649260052.261011000,10.11.219.6
2946,66,1649260052.261032000,10.11.219.6
2947,74,1649260052.274962000,10.11.219.6
2948,-74,1649260052.277638000,18.65.148.123
2949,66,1649260052.277671000,10.11.219.6
2950,583,1649260052.282021000,10.11.219.6
2951,74,1649260052.282436000,10.11.219.6
2952,74,1649260052.285381000,10.11.219.6
2953,-66,1649260052.285465000,18.65.148.123
2954,-5538,1649260052.286919000,18.65.148.123
2955,66,1649260052.286934000,10.11.219.6
2956,-922,1649260052.287625000,18.65.148.123
2957,66,1649260052.287641000,10.11.219.6
2958,-74,1649260052.289045000,18.65.116.33
2959,66,1649260052.289072000,10.11.219.6
2960,583,1649260052.291959000,10.11.219.6
2961,130,1649260052.294792000,10.11.219.6
2962,-74,1649260052.295371000,54.250.152.22
2963,66,1649260052.295388000,10.11.219.6
2964,-66,1649260052.297884000,18.65.116.33
2965,-66,1649260052.297885000,18.65.148.123
2966,-128,1649260052.297885000,18.65.148.123
2967,-5538,1649260052.297886000,18.65.116.33
2968,66,1649260052.297899000,10.11.219.6
2969,66,1649260052.297907000,10.11.219.6
2970,-592,1649260052.298563000,18.65.116.33
2971,66,1649260052.298579000,10.11.219.6
2972,236,1649260052.329281000,10.11.219.6
2973,388,1649260052.329312000,10.11.219.6
2974,350,1649260052.330333000,10.11.219.6
2975,469,1649260052.330436000,10.11.219.6
2976,97,1649260052.331010000,10.11.219.6
2977,-66,1649260052.332161000,18.65.148.123
2978,-66,1649260052.332162000,18.65.148.123
2979,-97,1649260052.332162000,18.65.148.123
2980,66,1649260052.332178000,10.11.219.6
2981,583,1649260052.332650000,10.11.219.6
2982,74,1649260052.332972000,10.11.219.6
2983,-66,1649260052.333238000,18.65.110.227
2984,-66,1649260052.333239000,18.65.148.123
2985,130,1649260052.334412000,10.11.219.6
2986,236,1649260052.334641000,10.11.219.6
2987,406,1649260052.334696000,10.11.219.6
2988,-66,1649260052.337621000,18.65.116.33
2989,-128,1649260052.337622000,18.65.116.33
2990,-66,1649260052.337623000,18.65.116.33
2991,-66,1649260052.337623000,18.65.116.33
2992,-97,1649260052.337624000,18.65.116.33
2993,66,1649260052.337656000,10.11.219.6
2994,66,1649260052.337694000,10.11.219.6
2995,97,1649260052.337798000,10.11.219.6
2996,-66,1649260052.340750000,18.65.116.33
2997,-66,1649260052.346330000,54.250.152.22
2998,-846,1649260052.346332000,18.65.116.33
2999,-97,1649260052.346332000,18.65.116.33
3000,66,1649260052.346357000,10.11.219.6
3001,66,1649260052.346386000,10.11.219.6
3002,-1434,1649260052.347399000,54.250.152.22
3003,-487,1649260052.347400000,54.250.152.22
3004,-1434,1649260052.347401000,54.250.152.22
3005,66,1649260052.347420000,10.11.219.6
3006,78,1649260052.347452000,10.11.219.6
3007,66,1649260052.347464000,10.11.219.6
3008,192,1649260052.356287000,10.11.219.6
3009,-324,1649260052.370064000,54.250.152.22
3010,-135,1649260052.370066000,54.250.152.22
3011,66,1649260052.370091000,10.11.219.6
3012,66,1649260052.370124000,10.11.219.6
3013,-519,1649260052.391112000,18.65.148.123
3014,-97,1649260052.391112000,18.65.148.123
3015,66,1649260052.391128000,10.11.219.6
3016,66,1649260052.391142000,10.11.219.6
3017,243,1649260052.410768000,10.11.219.6
3018,403,1649260052.410802000,10.11.219.6
3019,104,1649260052.412640000,10.11.219.6
3020,510,1649260052.415935000,10.11.219.6
3021,-66,1649260052.423098000,54.250.152.22
3022,-104,1649260052.423099000,54.250.152.22
3023,66,1649260052.423120000,10.11.219.6
3024,-624,1649260052.425251000,54.250.152.22
3025,-104,1649260052.425252000,54.250.152.22
3026,66,1649260052.425269000,10.11.219.6
3027,66,1649260052.425286000,10.11.219.6
3028,74,1649260052.428798000,10.11.219.6
3029,-669,1649260052.440381000,18.65.110.227
3030,-97,1649260052.440382000,18.65.110.227
3031,66,1649260052.440639000,10.11.219.6
3032,-104,1649260052.444514000,3.23.204.235
3033,-66,1649260052.444517000,3.23.204.235
3034,54,1649260052.444545000,10.11.219.6
3035,54,1649260052.444560000,10.11.219.6
3036,-235,1649260052.459500000,34.223.189.100
3037,-104,1649260052.459501000,34.223.189.100
3038,66,1649260052.459527000,10.11.219.6
3039,66,1649260052.459548000,10.11.219.6
3040,-74,1649260052.577188000,216.137.34.60
3041,66,1649260052.577244000,10.11.219.6
3042,583,1649260052.582186000,10.11.219.6
3043,-639,1649260052.596632000,209.54.180.3
3044,54,1649260052.596660000,10.11.219.6
3045,536,1649260052.597291000,10.11.219.6
3046,-66,1649260052.612619000,209.54.180.3
3047,54,1649260052.612671000,10.11.219.6
3048,571,1649260052.617241000,10.11.219.6
3049,74,1649260052.699469000,10.11.219.6
3050,74,1649260052.699837000,10.11.219.6
3051,74,1649260052.700433000,10.11.219.6
3052,74,1649260052.700888000,10.11.219.6
3053,74,1649260052.701076000,10.11.219.6
3054,74,1649260052.701322000,10.11.219.6
3055,-74,1649260052.702357000,69.192.133.13
3056,-74,1649260052.702359000,35.186.254.217
3057,66,1649260052.702386000,10.11.219.6
3058,66,1649260052.702410000,10.11.219.6
3059,74,1649260052.702659000,10.11.219.6
3060,-74,1649260052.703404000,104.93.8.214
3061,66,1649260052.703424000,10.11.219.6
3062,-74,1649260052.704474000,142.250.76.130
3063,66,1649260052.704488000,10.11.219.6
3064,583,1649260052.706413000,10.11.219.6
3065,-66,1649260052.709830000,35.186.254.217
3066,583,1649260052.710117000,10.11.219.6
3067,74,1649260052.711418000,10.11.219.6
3068,-1434,1649260052.712234000,35.186.254.217
3069,-749,1649260052.712235000,35.186.254.217
3070,-1434,1649260052.712235000,35.186.254.217
3071,66,1649260052.712251000,10.11.219.6
3072,78,1649260052.712268000,10.11.219.6
3073,66,1649260052.712274000,10.11.219.6
3074,-66,1649260052.713038000,69.192.133.13
3075,583,1649260052.713965000,10.11.219.6
3076,-2802,1649260052.714455000,69.192.133.13
3077,-1426,1649260052.714456000,69.192.133.13
3078,-74,1649260052.714456000,18.178.22.21
3079,-74,1649260052.714456000,35.213.12.39
3080,66,1649260052.714471000,10.11.219.6
3081,66,1649260052.714484000,10.11.219.6
3082,66,1649260052.714493000,10.11.219.6
3083,66,1649260052.714499000,10.11.219.6
3084,-454,1649260052.715384000,69.192.133.13
3085,-74,1649260052.715384000,3.113.237.168
3086,66,1649260052.715389000,10.11.219.6
3087,66,1649260052.715398000,10.11.219.6
3088,583,1649260052.716000000,10.11.219.6
3089,-66,1649260052.717385000,142.250.76.130
3090,-66,1649260052.718434000,104.93.8.214
3091,-2802,1649260052.719875000,104.93.8.214
3092,-1391,1649260052.719876000,104.93.8.214
3093,66,1649260052.719888000,10.11.219.6
3094,66,1649260052.719904000,10.11.219.6
3095,192,1649260052.721323000,10.11.219.6
3096,74,1649260052.721463000,10.11.219.6
3097,74,1649260052.721537000,10.11.219.6
3098,583,1649260052.723712000,10.11.219.6
3099,-66,1649260052.723848000,69.192.133.13
3100,-340,1649260052.723849000,69.192.133.13
3101,66,1649260052.723863000,10.11.219.6
3102,-74,1649260052.724854000,69.192.133.144
3103,66,1649260052.724866000,10.11.219.6
3104,583,1649260052.725465000,10.11.219.6
3105,583,1649260052.729531000,10.11.219.6
3106,74,1649260052.730667000,10.11.219.6
3107,583,1649260052.733195000,10.11.219.6
3108,-74,1649260052.734496000,104.244.42.131
3109,66,1649260052.734521000,10.11.219.6
3110,74,1649260052.734532000,10.11.219.6
3111,-66,1649260052.736696000,69.192.133.144
3112,-66,1649260052.737729000,18.178.22.21
3113,-66,1649260052.737729000,35.213.12.39
3114,583,1649260052.737806000,10.11.219.6
3115,-1434,1649260052.739572000,35.213.12.39
3116,-1426,1649260052.739573000,35.213.12.39
3117,-1434,1649260052.739574000,35.213.12.39
3118,-1434,1649260052.739574000,69.192.133.144
3119,-1159,1649260052.739575000,69.192.133.144
3120,-1434,1649260052.739575000,69.192.133.144
3121,66,1649260052.739593000,10.11.219.6
3122,78,1649260052.739611000,10.11.219.6
3123,66,1649260052.739618000,10.11.219.6
3124,66,1649260052.739622000,10.11.219.6
3125,78,1649260052.739627000,10.11.219.6
3126,66,1649260052.739633000,10.11.219.6
3127,-958,1649260052.739662000,35.213.12.39
3128,66,1649260052.739666000,10.11.219.6
3129,-4045,1649260052.740868000,18.178.22.21
3130,66,1649260052.740872000,10.11.219.6
3131,-66,1649260052.743321000,3.113.237.168
3132,-5190,1649260052.745692000,3.113.237.168
3133,66,1649260052.745699000,10.11.219.6
3134,-74,1649260052.747406000,13.115.200.238
3135,66,1649260052.747417000,10.11.219.6
3136,-66,1649260052.750737000,104.244.42.131
3137,-2762,1649260052.752098000,104.244.42.131
3138,-811,1649260052.752099000,104.244.42.131
3139,66,1649260052.752114000,10.11.219.6
3140,66,1649260052.752131000,10.11.219.6
3141,-2802,1649260052.758640000,142.250.76.130
3142,-495,1649260052.758641000,142.250.76.130
3143,-1434,1649260052.758642000,142.250.76.130
3144,66,1649260052.758665000,10.11.219.6
3145,78,1649260052.758694000,10.11.219.6
3146,66,1649260052.758703000,10.11.219.6
3147,159,1649260052.769059000,10.11.219.6
3148,576,1649260052.769100000,10.11.219.6
3149,-66,1649260052.772040000,69.192.133.13
3150,-639,1649260052.777547000,209.54.180.3
3151,192,1649260052.778500000,10.11.219.6
3152,192,1649260052.782004000,10.11.219.6
3153,146,1649260052.782364000,10.11.219.6
3154,-66,1649260052.783817000,35.213.12.39
3155,-340,1649260052.783818000,35.213.12.39
3156,66,1649260052.783835000,10.11.219.6
3157,-66,1649260052.784875000,69.192.133.144
3158,-66,1649260052.784875000,104.93.8.214
3159,-324,1649260052.784875000,69.192.133.144
3160,66,1649260052.784885000,10.11.219.6
3161,583,1649260052.785074000,10.11.219.6
3162,-353,1649260052.785973000,104.93.8.214
3163,-353,1649260052.785973000,104.93.8.214
3164,66,1649260052.785981000,10.11.219.6
3165,66,1649260052.785987000,10.11.219.6
3166,-340,1649260052.791343000,3.113.237.168
3167,-135,1649260052.791344000,3.113.237.168
3168,66,1649260052.791354000,10.11.219.6
3169,66,1649260052.791363000,10.11.219.6
3170,-54,1649260052.792347000,209.54.180.3
3171,-54,1649260052.796659000,209.54.180.3
3172,-66,1649260052.797806000,13.115.200.238
3173,-6001,1649260052.799462000,209.54.180.3
3174,-74,1649260052.799463000,69.173.158.64
3175,54,1649260052.799485000,10.11.219.6
3176,66,1649260052.799517000,10.11.219.6
3177,-326,1649260052.800471000,13.115.200.238
3178,-4170,1649260052.800473000,13.115.200.238
3179,78,1649260052.800495000,10.11.219.6
3180,66,1649260052.800515000,10.11.219.6
3181,54,1649260052.820742000,10.11.219.6
3182,180,1649260052.822239000,10.11.219.6
3183,530,1649260052.822326000,10.11.219.6
3184,192,1649260052.825490000,10.11.219.6
3185,-66,1649260052.825515000,104.93.8.214
3186,-66,1649260052.826581000,216.137.34.60
3187,-2802,1649260052.828183000,216.137.34.60
3188,-2802,1649260052.828184000,216.137.34.60
3189,-584,1649260052.828184000,216.137.34.60
3190,66,1649260052.828197000,10.11.219.6
3191,66,1649260052.828210000,10.11.219.6
3192,66,1649260052.828213000,10.11.219.6
3193,583,1649260052.828984000,10.11.219.6
3194,74,1649260052.831808000,10.11.219.6
3195,74,1649260052.831883000,10.11.219.6
3196,74,1649260052.831947000,10.11.219.6
3197,74,1649260052.831994000,10.11.219.6
3198,-74,1649260052.835176000,35.227.202.26
3199,66,1649260052.835221000,10.11.219.6
3200,74,1649260052.835912000,10.11.219.6
3201,74,1649260052.836019000,10.11.219.6
3202,74,1649260052.836118000,10.11.219.6
3203,-117,1649260052.838417000,13.115.200.238
3204,66,1649260052.838471000,10.11.219.6
3205,583,1649260052.839430000,10.11.219.6
3206,-74,1649260052.839561000,69.192.133.13
3207,-74,1649260052.839562000,34.98.64.218
3208,66,1649260052.839581000,10.11.219.6
3209,66,1649260052.839594000,10.11.219.6
3210,74,1649260052.840418000,10.11.219.6
3211,-66,1649260052.843686000,35.227.202.26
3212,583,1649260052.843990000,10.11.219.6
3213,-3692,1649260052.845070000,35.227.202.26
3214,66,1649260052.845086000,10.11.219.6
3215,-66,1649260052.846906000,69.192.133.13
3216,583,1649260052.847093000,10.11.219.6
3217,-1434,1649260052.848358000,69.192.133.13
3218,-1426,1649260052.848359000,69.192.133.13
3219,-1434,1649260052.848360000,69.192.133.13
3220,66,1649260052.848374000,10.11.219.6
3221,78,1649260052.848385000,10.11.219.6
3222,66,1649260052.848390000,10.11.219.6
3223,-454,1649260052.849125000,69.192.133.13
3224,66,1649260052.849137000,10.11.219.6
3225,-66,1649260052.850185000,34.98.64.218
3226,-1434,1649260052.852592000,34.98.64.218
3227,-641,1649260052.852593000,34.98.64.218
3228,-1434,1649260052.852594000,34.98.64.218
3229,66,1649260052.852608000,10.11.219.6
3230,78,1649260052.852624000,10.11.219.6
3231,66,1649260052.852638000,10.11.219.6
3232,192,1649260052.854404000,10.11.219.6
3233,-66,1649260052.856585000,69.192.133.13
3234,74,1649260052.856967000,10.11.219.6
3235,-340,1649260052.857689000,69.192.133.13
3236,66,1649260052.857698000,10.11.219.6
3237,146,1649260052.862308000,10.11.219.6
3238,-74,1649260052.868412000,103.231.99.80
3239,66,1649260052.868440000,10.11.219.6
3240,-369,1649260052.874985000,18.178.22.21
3241,-369,1649260052.874986000,18.178.22.21
3242,-109,1649260052.874986000,18.178.22.21
3243,66,1649260052.875010000,10.11.219.6
3244,66,1649260052.875028000,10.11.219.6
3245,66,1649260052.875032000,10.11.219.6
3246,-74,1649260052.887721000,52.71.80.12
3247,66,1649260052.887753000,10.11.219.6
3248,-74,1649260052.895278000,119.9.108.180
3249,66,1649260052.895328000,10.11.219.6
3250,236,1649260052.895461000,10.11.219.6
3251,368,1649260052.895477000,10.11.219.6
3252,97,1649260052.896226000,10.11.219.6
3253,583,1649260052.899196000,10.11.219.6
3254,583,1649260052.901304000,10.11.219.6
3255,583,1649260052.903042000,10.11.219.6
3256,74,1649260052.903703000,10.11.219.6
3257,74,1649260052.903786000,10.11.219.6
3258,74,1649260052.903840000,10.11.219.6
3259,-98,1649260052.903871000,69.173.158.64
3260,-1434,1649260052.903872000,69.173.158.64
3261,-1430,1649260052.903873000,69.173.158.64
3262,-720,1649260052.903873000,69.173.158.64
3263,78,1649260052.903901000,10.11.219.6
3264,66,1649260052.903913000,10.11.219.6
3265,66,1649260052.903918000,10.11.219.6
3266,66,1649260052.903924000,10.11.219.6
3267,-74,1649260052.905941000,3.1.165.129
3268,66,1649260052.905976000,10.11.219.6
3269,-66,1649260052.907008000,18.178.22.21
3270,-97,1649260052.907008000,18.178.22.21
3271,66,1649260052.907020000,10.11.219.6
3272,216,1649260052.907491000,10.11.219.6
3273,74,1649260052.907948000,10.11.219.6
3274,-70,1649260052.910225000,103.71.26.126
3275,66,1649260052.910259000,10.11.219.6
3276,583,1649260052.910625000,10.11.219.6
3277,583,1649260052.912676000,10.11.219.6
3278,-550,1649260052.913478000,18.178.22.21
3279,66,1649260052.913509000,10.11.219.6
3280,-66,1649260052.914502000,103.231.99.80
3281,-74,1649260052.914502000,18.182.77.186
3282,66,1649260052.914528000,10.11.219.6
3283,-74,1649260052.915560000,54.150.10.110
3284,66,1649260052.915577000,10.11.219.6
3285,583,1649260052.916511000,10.11.219.6
3286,-2802,1649260052.917461000,103.231.99.80
3287,-333,1649260052.917462000,103.231.99.80
3288,-1434,1649260052.917463000,103.231.99.80
3289,66,1649260052.917471000,10.11.219.6
3290,78,1649260052.917481000,10.11.219.6
3291,66,1649260052.917486000,10.11.219.6
3292,583,1649260052.918441000,10.11.219.6
3293,74,1649260052.918547000,10.11.219.6
3294,-74,1649260052.918970000,31.13.82.36
3295,66,1649260052.918984000,10.11.219.6
3296,-74,1649260052.920216000,103.43.90.56
3297,66,1649260052.920229000,10.11.219.6
3298,-74,1649260052.921964000,142.250.76.130
3299,66,1649260052.921972000,10.11.219.6
3300,192,1649260052.922399000,10.11.219.6
3301,583,1649260052.924135000,10.11.219.6
3302,583,1649260052.925969000,10.11.219.6
3303,-66,1649260052.927328000,18.182.77.186
3304,583,1649260052.927909000,10.11.219.6
3305,74,1649260052.928386000,10.11.219.6
3306,-1434,1649260052.928543000,103.231.99.80
3307,78,1649260052.928549000,10.11.219.6
3308,-1186,1649260052.930023000,69.192.133.13
3309,-5426,1649260052.930024000,18.182.77.186
3310,66,1649260052.930032000,10.11.219.6
3311,66,1649260052.930044000,10.11.219.6
3312,-66,1649260052.931621000,142.250.76.130
3313,-74,1649260052.931622000,142.250.206.194
3314,66,1649260052.931641000,10.11.219.6
3315,-3527,1649260052.932962000,54.150.10.110
3316,66,1649260052.932970000,10.11.219.6
3317,192,1649260052.933374000,10.11.219.6
3318,-66,1649260052.933887000,103.231.99.80
3319,-72,1649260052.934852000,103.231.99.80
3320,-111,1649260052.934853000,103.231.99.80
3321,-122,1649260052.934853000,103.231.99.80
3322,66,1649260052.934862000,10.11.219.6
3323,66,1649260052.934873000,10.11.219.6
3324,66,1649260052.934877000,10.11.219.6
3325,192,1649260052.936734000,10.11.219.6
3326,-66,1649260052.936934000,31.13.82.36
3327,-2802,1649260052.938339000,31.13.82.36
3328,-763,1649260052.938340000,31.13.82.36
3329,66,1649260052.938346000,10.11.219.6
3330,66,1649260052.938355000,10.11.219.6
3331,583,1649260052.938501000,10.11.219.6
3332,74,1649260052.941734000,10.11.219.6
3333,-66,1649260052.942369000,142.250.206.194
3334,-324,1649260052.944577000,18.182.77.186
3335,-135,1649260052.944578000,18.182.77.186
3336,66,1649260052.944592000,10.11.219.6
3337,66,1649260052.944610000,10.11.219.6
3338,-117,1649260052.948827000,54.150.10.110
3339,66,1649260052.948851000,10.11.219.6
3340,-74,1649260052.953269000,103.231.99.243
3341,66,1649260052.953293000,10.11.219.6
3342,583,1649260052.957719000,10.11.219.6
3343,-1434,1649260052.961908000,119.9.108.180
3344,-307,1649260052.961909000,119.9.108.180
3345,-1434,1649260052.961910000,119.9.108.180
3346,66,1649260052.961935000,10.11.219.6
3347,78,1649260052.961954000,10.11.219.6
3348,66,1649260052.961962000,10.11.219.6
3349,185,1649260052.967845000,10.11.219.6
3350,-66,1649260052.969219000,103.231.99.243
3351,130,1649260052.970097000,10.11.219.6
3352,-2802,1649260052.970670000,103.231.99.243
3353,-333,1649260052.970671000,103.231.99.243
3354,-1434,1649260052.970671000,103.231.99.243
3355,66,1649260052.970687000,10.11.219.6
3356,78,1649260052.970706000,10.11.219.6
3357,66,1649260052.970724000,10.11.219.6
3358,-2802,1649260052.971809000,142.250.76.130
3359,-495,1649260052.971810000,142.250.76.130
3360,-1434,1649260052.971810000,142.250.76.130
3361,66,1649260052.971818000,10.11.219.6
3362,78,1649260052.971827000,10.11.219.6
3363,66,1649260052.971830000,10.11.219.6
3364,-646,1649260052.973597000,35.186.254.217
3365,66,1649260052.973606000,10.11.219.6
3366,-141,1649260052.977887000,69.173.158.64
3367,66,1649260052.977974000,10.11.219.6
3368,-74,1649260052.978911000,69.173.158.64
3369,66,1649260052.978971000,10.11.219.6
3370,-2802,1649260052.982648000,142.250.206.194
3371,-495,1649260052.982648000,142.250.206.194
3372,-1434,1649260052.982649000,142.250.206.194
3373,-1434,1649260052.982649000,103.231.99.243
3374,66,1649260052.982663000,10.11.219.6
3375,78,1649260052.982676000,10.11.219.6
3376,66,1649260052.982680000,10.11.219.6
3377,78,1649260052.982683000,10.11.219.6
3378,-355,1649260052.983264000,18.178.22.21
3379,66,1649260052.983272000,10.11.219.6
3380,-66,1649260052.985351000,3.1.165.129
3381,-5490,1649260052.991205000,3.1.165.129
3382,66,1649260052.991220000,10.11.219.6
3383,-66,1649260052.991851000,103.71.26.126
3384,-1434,1649260052.994207000,103.71.26.126
3385,-615,1649260052.994208000,103.71.26.126
3386,-1434,1649260052.994209000,103.71.26.126
3387,66,1649260052.994226000,10.11.219.6
3388,78,1649260052.994241000,10.11.219.6
3389,66,1649260052.994245000,10.11.219.6
3390,-105,1649260053.002578000,209.54.180.3
3391,54,1649260053.002615000,10.11.219.6
3392,-66,1649260053.003621000,103.43.90.56
3393,-2642,1649260053.004882000,103.43.90.56
3394,-234,1649260053.004883000,103.43.90.56
3395,66,1649260053.004901000,10.11.219.6
3396,66,1649260053.004924000,10.11.219.6
3397,-74,1649260053.006776000,3.216.55.148
3398,66,1649260053.006803000,10.11.219.6
3399,236,1649260053.013746000,10.11.219.6
3400,403,1649260053.013773000,10.11.219.6
3401,-66,1649260053.016386000,35.186.254.217
3402,-97,1649260053.016387000,35.186.254.217
3403,66,1649260053.016407000,10.11.219.6
3404,192,1649260053.017944000,10.11.219.6
3405,192,1649260053.020969000,10.11.219.6
3406,159,1649260053.023416000,10.11.219.6
3407,-442,1649260053.026037000,35.186.254.217
3408,66,1649260053.026054000,10.11.219.6
3409,192,1649260053.029959000,10.11.219.6
3410,580,1649260053.030396000,10.11.219.6
3411,97,1649260053.031002000,10.11.219.6
3412,105,1649260053.031454000,10.11.219.6
3413,-66,1649260053.033483000,69.192.133.13
3414,583,1649260053.034122000,10.11.219.6
3415,-66,1649260053.034661000,35.186.254.217
3416,583,1649260053.035865000,10.11.219.6
3417,214,1649260053.036186000,10.11.219.6
3418,-66,1649260053.041131000,103.231.99.243
3419,-117,1649260053.042126000,103.231.99.243
3420,-122,1649260053.042127000,103.231.99.243
3421,66,1649260053.042133000,10.11.219.6
3422,66,1649260053.042141000,10.11.219.6
3423,-66,1649260053.044248000,35.186.254.217
3424,-191,1649260053.049390000,35.186.254.217
3425,66,1649260053.049396000,10.11.219.6
3426,-66,1649260053.075428000,52.71.80.12
3427,-2802,1649260053.077040000,52.71.80.12
3428,-166,1649260053.077040000,52.71.80.12
3429,-2802,1649260053.077041000,52.71.80.12
3430,66,1649260053.077059000,10.11.219.6
3431,78,1649260053.077078000,10.11.219.6
3432,66,1649260053.077082000,10.11.219.6
3433,-676,1649260053.089368000,69.192.133.13
3434,66,1649260053.089382000,10.11.219.6
3435,-66,1649260053.096657000,103.71.26.126
3436,-324,1649260053.096658000,3.1.165.129
3437,-135,1649260053.096659000,3.1.165.129
3438,-117,1649260053.096659000,103.71.26.126
3439,66,1649260053.096678000,10.11.219.6
3440,66,1649260053.096692000,10.11.219.6
3441,66,1649260053.096695000,10.11.219.6
3442,-66,1649260053.102076000,103.43.90.56
3443,-340,1649260053.103170000,103.43.90.56
3444,66,1649260053.103183000,10.11.219.6
3445,192,1649260053.106797000,10.11.219.6
3446,464,1649260053.106844000,10.11.219.6
3447,130,1649260053.107931000,10.11.219.6
3448,513,1649260053.109311000,10.11.219.6
3449,-66,1649260053.109538000,69.192.133.144
3450,105,1649260053.109601000,10.11.219.6
3451,236,1649260053.111444000,10.11.219.6
3452,431,1649260053.111487000,10.11.219.6
3453,243,1649260053.113198000,10.11.219.6
3454,353,1649260053.113220000,10.11.219.6
3455,-98,1649260053.114117000,69.173.158.64
3456,-1434,1649260053.114118000,69.173.158.64
3457,-1430,1649260053.114118000,69.173.158.64
3458,-720,1649260053.114118000,69.173.158.64
3459,78,1649260053.114140000,10.11.219.6
3460,66,1649260053.114154000,10.11.219.6
3461,66,1649260053.114158000,10.11.219.6
3462,66,1649260053.114160000,10.11.219.6
3463,104,1649260053.114739000,10.11.219.6
3464,-66,1649260053.118131000,35.186.254.217
3465,216,1649260053.120057000,10.11.219.6
3466,105,1649260053.121485000,10.11.219.6
3467,105,1649260053.121600000,10.11.219.6
3468,112,1649260053.121627000,10.11.219.6
3469,105,1649260053.121685000,10.11.219.6
3470,105,1649260053.121751000,10.11.219.6
3471,112,1649260053.121777000,10.11.219.6
3472,105,1649260053.121806000,10.11.219.6
3473,112,1649260053.121835000,10.11.219.6
3474,105,1649260053.121956000,10.11.219.6
3475,105,1649260053.121979000,10.11.219.6
3476,112,1649260053.122006000,10.11.219.6
3477,105,1649260053.122031000,10.11.219.6
3478,97,1649260053.122161000,10.11.219.6
3479,66,1649260053.122172000,10.11.219.6
3480,85,1649260053.122282000,10.11.219.6
3481,54,1649260053.122294000,10.11.219.6
3482,85,1649260053.122453000,10.11.219.6
3483,54,1649260053.122465000,10.11.219.6
3484,85,1649260053.122607000,10.11.219.6
3485,54,1649260053.122617000,10.11.219.6
3486,-66,1649260053.122644000,104.244.42.131
3487,85,1649260053.122727000,10.11.219.6
3488,54,1649260053.122739000,10.11.219.6
3489,85,1649260053.122883000,10.11.219.6
3490,54,1649260053.122894000,10.11.219.6
3491,107,1649260053.123041000,10.11.219.6
3492,54,1649260053.123062000,10.11.219.6
3493,85,1649260053.123162000,10.11.219.6
3494,54,1649260053.123172000,10.11.219.6
3495,85,1649260053.123446000,10.11.219.6
3496,54,1649260053.123457000,10.11.219.6
3497,85,1649260053.123566000,10.11.219.6
3498,54,1649260053.123575000,10.11.219.6
3499,97,1649260053.123703000,10.11.219.6
3500,66,1649260053.123713000,10.11.219.6
3501,90,1649260053.125313000,10.11.219.6
3502,66,1649260053.125348000,10.11.219.6
3503,90,1649260053.125509000,10.11.219.6
3504,66,1649260053.125544000,10.11.219.6
3505,90,1649260053.125866000,10.11.219.6
3506,66,1649260053.125878000,10.11.219.6
3507,97,1649260053.126009000,10.11.219.6
3508,66,1649260053.126022000,10.11.219.6
3509,90,1649260053.126170000,10.11.219.6
3510,66,1649260053.126181000,10.11.219.6
3511,97,1649260053.126362000,10.11.219.6
3512,66,1649260053.126374000,10.11.219.6
3513,90,1649260053.126704000,10.11.219.6
3514,66,1649260053.126715000,10.11.219.6
3515,97,1649260053.126910000,10.11.219.6
3516,66,1649260053.126923000,10.11.219.6
3517,90,1649260053.127131000,10.11.219.6
3518,66,1649260053.127142000,10.11.219.6
3519,90,1649260053.127336000,10.11.219.6
3520,66,1649260053.127347000,10.11.219.6
3521,97,1649260053.127503000,10.11.219.6
3522,66,1649260053.127513000,10.11.219.6
3523,90,1649260053.127816000,10.11.219.6
3524,66,1649260053.127828000,10.11.219.6
3525,130,1649260053.128236000,10.11.219.6
3526,85,1649260053.128865000,10.11.219.6
3527,54,1649260053.128887000,10.11.219.6
3528,526,1649260053.129297000,10.11.219.6
3529,74,1649260053.129976000,10.11.219.6
3530,-66,1649260053.130483000,104.244.42.131
3531,-593,1649260053.130483000,104.244.42.131
3532,-66,1649260053.130484000,104.244.42.131
3533,-66,1649260053.130484000,18.65.144.204
3534,-66,1649260053.130484000,18.65.156.177
3535,-66,1649260053.130485000,35.186.254.217
3536,-66,1649260053.130485000,18.65.116.40
3537,-66,1649260053.130485000,18.65.110.227
3538,66,1649260053.130511000,10.11.219.6
3539,-66,1649260053.130556000,18.65.148.123
3540,-66,1649260053.130558000,18.65.116.33
3541,-66,1649260053.130558000,69.192.133.13
3542,-66,1649260053.130559000,3.113.237.168
3543,-104,1649260053.130559000,3.113.237.168
3544,66,1649260053.130606000,10.11.219.6
3545,-413,1649260053.130624000,3.113.237.168
3546,-66,1649260053.130625000,18.65.116.79
3547,-97,1649260053.130625000,69.192.133.13
3548,-66,1649260053.130626000,69.192.133.13
3549,-66,1649260053.130626000,35.186.254.217
3550,-66,1649260053.130626000,35.186.254.217
3551,66,1649260053.130633000,10.11.219.6
3552,66,1649260053.130653000,10.11.219.6
3553,54,1649260053.130674000,10.11.219.6
3554,54,1649260053.130686000,10.11.219.6
3555,66,1649260053.130694000,10.11.219.6
3556,-66,1649260053.130710000,18.65.148.123
3557,-66,1649260053.130710000,18.65.116.33
3558,-66,1649260053.130711000,18.65.116.33
3559,-66,1649260053.130711000,18.65.148.123
3560,-66,1649260053.130711000,18.65.156.177
3561,-66,1649260053.130711000,18.65.156.177
3562,-66,1649260053.130712000,18.65.144.204
3563,66,1649260053.130722000,10.11.219.6
3564,66,1649260053.130730000,10.11.219.6
3565,66,1649260053.130738000,10.11.219.6
3566,112,1649260053.131207000,10.11.219.6
3567,-66,1649260053.131397000,18.65.144.204
3568,-66,1649260053.131398000,18.65.144.204
3569,-66,1649260053.131398000,18.65.144.204
3570,-66,1649260053.131398000,18.65.116.40
3571,-66,1649260053.131399000,18.65.116.40
3572,-66,1649260053.131399000,18.65.110.227
3573,-66,1649260053.131399000,18.65.110.227
3574,66,1649260053.131417000,10.11.219.6
3575,66,1649260053.131432000,10.11.219.6
3576,66,1649260053.131441000,10.11.219.6
3577,66,1649260053.131450000,10.11.219.6
3578,97,1649260053.132282000,10.11.219.6
3579,97,1649260053.133762000,10.11.219.6
3580,66,1649260053.133791000,10.11.219.6
3581,545,1649260053.134017000,10.11.219.6
