index,size,time,ip
0,66,1649212271.029519000,10.11.219.6
1,236,1649212271.029748000,10.11.219.6
2,697,1649212271.029772000,10.11.219.6
3,97,1649212271.031394000,10.11.219.6
4,-66,1649212271.032675000,13.249.146.146
5,-66,1649212271.032676000,13.249.146.146
6,-97,1649212271.032676000,13.249.146.146
7,66,1649212271.032711000,10.11.219.6
8,-66,1649212271.033753000,13.249.146.146
9,130,1649212271.033901000,10.11.219.6
10,499,1649212271.034072000,10.11.219.6
11,-66,1649212271.037023000,18.65.123.116
12,-66,1649212271.037023000,18.65.123.116
13,-610,1649212271.037024000,18.65.123.116
14,66,1649212271.037044000,10.11.219.6
15,90,1649212271.037293000,10.11.219.6
16,66,1649212271.037312000,10.11.219.6
17,-90,1649212271.038207000,18.65.123.116
18,54,1649212271.038301000,10.11.219.6
19,74,1649212271.040579000,10.11.219.6
20,-74,1649212271.044507000,18.65.123.116
21,66,1649212271.044535000,10.11.219.6
22,583,1649212271.046786000,10.11.219.6
23,74,1649212271.047433000,10.11.219.6
24,-66,1649212271.049879000,18.65.123.116
25,-74,1649212271.051254000,18.65.116.14
26,-2802,1649212271.051262000,18.65.123.116
27,66,1649212271.051362000,10.11.219.6
28,66,1649212271.051429000,10.11.219.6
29,282,1649212271.051943000,10.11.219.6
30,-1328,1649212271.052088000,18.65.123.116
31,66,1649212271.052104000,10.11.219.6
32,130,1649212271.054662000,10.11.219.6
33,500,1649212271.055102000,10.11.219.6
34,-66,1649212271.055238000,18.65.116.14
35,-2802,1649212271.056633000,18.65.116.14
36,-1229,1649212271.056633000,18.65.116.14
37,66,1649212271.056663000,10.11.219.6
38,66,1649212271.056690000,10.11.219.6
39,-66,1649212271.057404000,18.65.123.116
40,159,1649212271.057975000,10.11.219.6
41,-66,1649212271.058566000,18.65.123.116
42,-610,1649212271.058567000,18.65.123.116
43,-90,1649212271.058568000,18.65.123.116
44,66,1649212271.058590000,10.11.219.6
45,90,1649212271.059166000,10.11.219.6
46,66,1649212271.059196000,10.11.219.6
47,-66,1649212271.060558000,18.65.116.14
48,74,1649212271.061045000,10.11.219.6
49,-237,1649212271.061658000,18.65.116.14
50,-135,1649212271.061659000,18.65.116.14
51,-54,1649212271.061659000,18.65.123.116
52,66,1649212271.061670000,10.11.219.6
53,66,1649212271.061687000,10.11.219.6
54,243,1649212271.062187000,10.11.219.6
55,375,1649212271.062208000,10.11.219.6
56,104,1649212271.062508000,10.11.219.6
57,-74,1649212271.063789000,18.65.123.116
58,66,1649212271.063807000,10.11.219.6
59,-66,1649212271.064882000,18.65.116.14
60,-104,1649212271.064883000,18.65.116.14
61,-66,1649212271.064883000,18.65.116.14
62,66,1649212271.064898000,10.11.219.6
63,-4170,1649212271.066412000,18.65.116.14
64,-317,1649212271.066413000,18.65.116.14
65,-1434,1649212271.066413000,18.65.116.14
66,-66,1649212271.066414000,18.65.116.14
67,66,1649212271.066424000,10.11.219.6
68,78,1649212271.066438000,10.11.219.6
69,66,1649212271.066443000,10.11.219.6
70,583,1649212271.067078000,10.11.219.6
71,-66,1649212271.070198000,18.65.123.116
72,-2802,1649212271.071497000,18.65.123.116
73,66,1649212271.071511000,10.11.219.6
74,-1328,1649212271.072457000,18.65.123.116
75,66,1649212271.072480000,10.11.219.6
76,130,1649212271.077846000,10.11.219.6
77,494,1649212271.078062000,10.11.219.6
78,-66,1649212271.080902000,18.65.123.116
79,-66,1649212271.080903000,18.65.123.116
80,-5538,1649212271.082567000,18.65.123.116
81,-366,1649212271.082567000,18.65.123.116
82,-1434,1649212271.082568000,18.65.123.116
83,-90,1649212271.082568000,18.65.123.116
84,66,1649212271.082576000,10.11.219.6
85,78,1649212271.082592000,10.11.219.6
86,66,1649212271.082597000,10.11.219.6
87,90,1649212271.082767000,10.11.219.6
88,66,1649212271.082779000,10.11.219.6
89,74,1649212271.084820000,10.11.219.6
90,-54,1649212271.085357000,18.65.123.116
91,-74,1649212271.088471000,18.65.123.116
92,66,1649212271.088558000,10.11.219.6
93,583,1649212271.091441000,10.11.219.6
94,538,1649212271.092479000,10.11.219.6
95,-66,1649212271.094877000,18.65.123.116
96,-1434,1649212271.094878000,18.65.123.116
97,66,1649212271.094896000,10.11.219.6
98,-1434,1649212271.096001000,18.65.123.116
99,-1060,1649212271.096001000,18.65.116.87
100,66,1649212271.096005000,10.11.219.6
101,-1328,1649212271.096987000,18.65.123.116
102,-66,1649212271.096988000,44.242.9.81
103,66,1649212271.097005000,10.11.219.6
104,561,1649212271.099331000,10.11.219.6
105,130,1649212271.099675000,10.11.219.6
106,495,1649212271.099795000,10.11.219.6
107,-66,1649212271.102405000,18.65.123.116
108,-83,1649212271.102406000,18.65.116.87
109,-66,1649212271.102407000,18.65.123.116
110,-1434,1649212271.102407000,18.65.116.87
111,78,1649212271.102438000,10.11.219.6
112,66,1649212271.102472000,10.11.219.6
113,-642,1649212271.103391000,18.65.123.116
114,-90,1649212271.103391000,18.65.123.116
115,66,1649212271.103410000,10.11.219.6
116,90,1649212271.103720000,10.11.219.6
117,66,1649212271.103741000,10.11.219.6
118,74,1649212271.106456000,10.11.219.6
119,-54,1649212271.106519000,18.65.123.116
120,-74,1649212271.109752000,18.65.123.116
121,66,1649212271.109789000,10.11.219.6
122,583,1649212271.113721000,10.11.219.6
123,-66,1649212271.117237000,18.65.123.116
124,-2802,1649212271.118544000,18.65.123.116
125,66,1649212271.118560000,10.11.219.6
126,-1328,1649212271.119471000,18.65.123.116
127,66,1649212271.119486000,10.11.219.6
128,130,1649212271.122431000,10.11.219.6
129,500,1649212271.122575000,10.11.219.6
130,-66,1649212271.124768000,18.65.123.116
131,-66,1649212271.126077000,18.65.123.116
132,-2802,1649212271.131896000,18.65.123.116
133,66,1649212271.131909000,10.11.219.6
134,-2802,1649212271.132022000,18.65.123.116
135,66,1649212271.132026000,10.11.219.6
136,-11000,1649212271.133333000,18.65.123.116
137,66,1649212271.133354000,10.11.219.6
138,-15114,1649212271.133381000,18.65.123.116
139,66,1649212271.133386000,10.11.219.6
140,-6906,1649212271.133400000,18.65.123.116
141,66,1649212271.133403000,10.11.219.6
142,-2802,1649212271.136127000,18.65.123.116
143,66,1649212271.136145000,10.11.219.6
144,-2802,1649212271.136198000,18.65.123.116
145,-1434,1649212271.136198000,18.65.123.116
146,66,1649212271.136206000,10.11.219.6
147,66,1649212271.136213000,10.11.219.6
148,-5538,1649212271.138314000,18.65.123.116
149,66,1649212271.138344000,10.11.219.6
150,-19218,1649212271.138477000,18.65.123.116
151,66,1649212271.138488000,10.11.219.6
152,-4314,1649212271.139686000,18.65.123.116
153,66,1649212271.139704000,10.11.219.6
154,90,1649212271.139880000,10.11.219.6
155,66,1649212271.139897000,10.11.219.6
156,-54,1649212271.142478000,18.65.123.116
157,74,1649212271.159668000,10.11.219.6
158,-74,1649212271.162816000,18.65.123.116
159,66,1649212271.162830000,10.11.219.6
160,583,1649212271.164661000,10.11.219.6
161,-66,1649212271.168077000,18.65.123.116
162,-2802,1649212271.169342000,18.65.123.116
163,66,1649212271.169358000,10.11.219.6
164,-1328,1649212271.170522000,18.65.123.116
165,66,1649212271.170543000,10.11.219.6
166,130,1649212271.176085000,10.11.219.6
167,501,1649212271.176337000,10.11.219.6
168,-66,1649212271.178901000,18.65.123.116
169,-66,1649212271.178903000,18.65.123.116
170,-675,1649212271.180050000,18.65.123.116
171,-90,1649212271.180051000,18.65.123.116
172,66,1649212271.180065000,10.11.219.6
173,90,1649212271.180395000,10.11.219.6
174,66,1649212271.180426000,10.11.219.6
175,74,1649212271.182312000,10.11.219.6
176,-54,1649212271.183220000,18.65.123.116
177,-74,1649212271.185318000,18.65.123.116
178,66,1649212271.185344000,10.11.219.6
179,583,1649212271.188835000,10.11.219.6
180,-66,1649212271.192216000,18.65.123.116
181,-2802,1649212271.193641000,18.65.123.116
182,-1328,1649212271.193642000,18.65.123.116
183,66,1649212271.193651000,10.11.219.6
184,66,1649212271.193667000,10.11.219.6
185,130,1649212271.197018000,10.11.219.6
186,508,1649212271.197228000,10.11.219.6
187,-66,1649212271.199799000,18.65.123.116
188,-66,1649212271.199801000,18.65.123.116
189,-4102,1649212271.200639000,18.65.123.116
190,-90,1649212271.200640000,18.65.123.116
191,66,1649212271.200658000,10.11.219.6
192,90,1649212271.201138000,10.11.219.6
193,66,1649212271.201183000,10.11.219.6
194,-54,1649212271.204286000,18.65.123.116
195,74,1649212271.204420000,10.11.219.6
196,-74,1649212271.207584000,18.65.123.116
197,66,1649212271.207615000,10.11.219.6
198,583,1649212271.211350000,10.11.219.6
199,-66,1649212271.214032000,18.65.123.116
200,-2802,1649212271.219690000,18.65.123.116
201,-1328,1649212271.219691000,18.65.123.116
202,66,1649212271.219711000,10.11.219.6
203,66,1649212271.219737000,10.11.219.6
204,130,1649212271.224770000,10.11.219.6
205,506,1649212271.224966000,10.11.219.6
206,-66,1649212271.226850000,18.65.123.116
207,-66,1649212271.229229000,18.65.123.116
208,-1434,1649212271.229230000,18.65.123.116
209,-86,1649212271.229230000,18.65.123.116
210,-1434,1649212271.229231000,18.65.123.116
211,-90,1649212271.229231000,18.65.123.116
212,66,1649212271.229254000,10.11.219.6
213,78,1649212271.229283000,10.11.219.6
214,66,1649212271.229290000,10.11.219.6
215,90,1649212271.229597000,10.11.219.6
216,66,1649212271.229615000,10.11.219.6
217,74,1649212271.231702000,10.11.219.6
218,-54,1649212271.232250000,18.65.123.116
219,-74,1649212271.235426000,18.65.123.116
220,66,1649212271.235489000,10.11.219.6
221,583,1649212271.239784000,10.11.219.6
222,-1172,1649212271.240852000,13.249.146.146
223,66,1649212271.240898000,10.11.219.6
224,-66,1649212271.244115000,18.65.123.116
225,-2802,1649212271.246087000,18.65.123.116
226,66,1649212271.246100000,10.11.219.6
227,-1328,1649212271.246177000,18.65.123.116
228,-9642,1649212271.246182000,13.249.146.146
229,66,1649212271.246195000,10.11.219.6
230,66,1649212271.246206000,10.11.219.6
231,-2202,1649212271.247306000,13.249.146.146
232,66,1649212271.247321000,10.11.219.6
233,130,1649212271.257721000,10.11.219.6
234,518,1649212271.258037000,10.11.219.6
235,-66,1649212271.261132000,18.65.123.116
236,-66,1649212271.261132000,18.65.123.116
237,-996,1649212271.261132000,18.65.123.116
238,66,1649212271.261159000,10.11.219.6
239,90,1649212271.261502000,10.11.219.6
240,66,1649212271.261522000,10.11.219.6
241,-90,1649212271.262289000,18.65.123.116
242,54,1649212271.262322000,10.11.219.6
243,74,1649212271.264522000,10.11.219.6
244,-74,1649212271.268568000,18.65.123.116
245,66,1649212271.268593000,10.11.219.6
246,583,1649212271.271750000,10.11.219.6
247,-66,1649212271.275184000,18.65.123.116
248,-2802,1649212271.278592000,18.65.123.116
249,-1328,1649212271.278593000,18.65.123.116
250,66,1649212271.278613000,10.11.219.6
251,66,1649212271.278634000,10.11.219.6
252,130,1649212271.282212000,10.11.219.6
253,518,1649212271.282413000,10.11.219.6
254,-66,1649212271.284796000,18.65.123.116
255,-66,1649212271.285777000,18.65.123.116
256,-675,1649212271.285778000,18.65.123.116
257,-90,1649212271.285778000,18.65.123.116
258,66,1649212271.285796000,10.11.219.6
259,90,1649212271.286039000,10.11.219.6
260,66,1649212271.286058000,10.11.219.6
261,-54,1649212271.289247000,18.65.123.116
262,74,1649212271.314365000,10.11.219.6
263,-74,1649212271.316942000,18.65.123.116
264,66,1649212271.316968000,10.11.219.6
265,583,1649212271.319564000,10.11.219.6
266,547,1649212271.321029000,10.11.219.6
267,-66,1649212271.322328000,18.65.123.116
268,-2802,1649212271.327375000,18.65.123.116
269,-1069,1649212271.327376000,18.65.116.87
270,-1328,1649212271.327377000,18.65.123.116
271,66,1649212271.327395000,10.11.219.6
272,66,1649212271.327432000,10.11.219.6
273,74,1649212271.329212000,10.11.219.6
274,74,1649212271.329310000,10.11.219.6
275,74,1649212271.329374000,10.11.219.6
276,74,1649212271.329419000,10.11.219.6
277,74,1649212271.329460000,10.11.219.6
278,570,1649212271.331295000,10.11.219.6
279,130,1649212271.331688000,10.11.219.6
280,517,1649212271.331822000,10.11.219.6
281,-468,1649212271.336456000,18.65.116.87
282,-66,1649212271.336457000,18.65.123.116
283,-66,1649212271.336458000,18.65.123.116
284,-772,1649212271.336458000,18.65.123.116
285,-90,1649212271.336459000,18.65.123.116
286,-1434,1649212271.336460000,18.65.116.87
287,78,1649212271.336541000,10.11.219.6
288,66,1649212271.336605000,10.11.219.6
289,66,1649212271.336625000,10.11.219.6
290,90,1649212271.338087000,10.11.219.6
291,66,1649212271.338190000,10.11.219.6
292,-74,1649212271.340668000,151.101.229.16
293,-54,1649212271.340670000,18.65.123.116
294,-74,1649212271.340671000,151.101.229.16
295,-74,1649212271.340671000,151.101.229.16
296,-74,1649212271.340672000,151.101.229.16
297,-74,1649212271.340672000,151.101.229.16
298,66,1649212271.340820000,10.11.219.6
299,66,1649212271.340928000,10.11.219.6
300,66,1649212271.340957000,10.11.219.6
301,66,1649212271.340972000,10.11.219.6
302,66,1649212271.340988000,10.11.219.6
303,583,1649212271.344894000,10.11.219.6
304,583,1649212271.347387000,10.11.219.6
305,583,1649212271.351101000,10.11.219.6
306,583,1649212271.355080000,10.11.219.6
307,-66,1649212271.356611000,151.101.229.16
308,-1434,1649212271.357816000,151.101.229.16
309,66,1649212271.357829000,10.11.219.6
310,583,1649212271.358528000,10.11.219.6
311,-4129,1649212271.362666000,151.101.229.16
312,-66,1649212271.362666000,151.101.229.16
313,-4170,1649212271.362667000,151.101.229.16
314,-1393,1649212271.362668000,151.101.229.16
315,66,1649212271.362682000,10.11.219.6
316,66,1649212271.362707000,10.11.219.6
317,66,1649212271.362711000,10.11.219.6
318,-66,1649212271.362717000,151.101.229.16
319,-2802,1649212271.364646000,151.101.229.16
320,66,1649212271.364653000,10.11.219.6
321,-2761,1649212271.364670000,151.101.229.16
322,66,1649212271.364674000,10.11.219.6
323,-66,1649212271.366476000,151.101.229.16
324,130,1649212271.366694000,10.11.219.6
325,236,1649212271.368584000,10.11.219.6
326,897,1649212271.368625000,10.11.219.6
327,130,1649212271.368892000,10.11.219.6
328,-2802,1649212271.369353000,151.101.229.16
329,-2761,1649212271.369354000,151.101.229.16
330,66,1649212271.369368000,10.11.219.6
331,66,1649212271.369381000,10.11.219.6
332,-66,1649212271.370178000,151.101.229.16
333,236,1649212271.371083000,10.11.219.6
334,394,1649212271.371185000,10.11.219.6
335,-2802,1649212271.372818000,151.101.229.16
336,-2761,1649212271.372819000,151.101.229.16
337,66,1649212271.372840000,10.11.219.6
338,66,1649212271.372855000,10.11.219.6
339,130,1649212271.374195000,10.11.219.6
340,253,1649212271.375154000,10.11.219.6
341,178,1649212271.375724000,10.11.219.6
342,90,1649212271.376021000,10.11.219.6
343,66,1649212271.376035000,10.11.219.6
344,130,1649212271.376447000,10.11.219.6
345,253,1649212271.376996000,10.11.219.6
346,333,1649212271.377493000,10.11.219.6
347,-66,1649212271.377538000,151.101.229.16
348,90,1649212271.377797000,10.11.219.6
349,66,1649212271.377813000,10.11.219.6
350,130,1649212271.378733000,10.11.219.6
351,253,1649212271.378933000,10.11.219.6
352,443,1649212271.379166000,10.11.219.6
353,90,1649212271.379436000,10.11.219.6
354,66,1649212271.379449000,10.11.219.6
355,-66,1649212271.380207000,151.101.229.16
356,-66,1649212271.380208000,151.101.229.16
357,-125,1649212271.380208000,151.101.229.16
358,-2802,1649212271.380209000,151.101.229.16
359,66,1649212271.380227000,10.11.219.6
360,66,1649212271.380239000,10.11.219.6
361,97,1649212271.380264000,10.11.219.6
362,-66,1649212271.385991000,151.101.229.16
363,-2802,1649212271.385992000,151.101.229.16
364,66,1649212271.386023000,10.11.219.6
365,-1434,1649212271.386540000,151.101.229.16
366,-6906,1649212271.386541000,151.101.229.16
367,-6906,1649212271.386543000,151.101.229.16
368,66,1649212271.386553000,10.11.219.6
369,66,1649212271.386573000,10.11.219.6
370,66,1649212271.386579000,10.11.219.6
371,-66,1649212271.386601000,151.101.229.16
372,-125,1649212271.386601000,151.101.229.16
373,-6906,1649212271.386603000,151.101.229.16
374,-66,1649212271.386604000,151.101.229.16
375,66,1649212271.386612000,10.11.219.6
376,66,1649212271.386619000,10.11.219.6
377,-4170,1649212271.386640000,151.101.229.16
378,-2802,1649212271.386641000,151.101.229.16
379,66,1649212271.386645000,10.11.219.6
380,66,1649212271.386651000,10.11.219.6
381,97,1649212271.386778000,10.11.219.6
382,-1434,1649212271.387690000,151.101.229.16
383,-1335,1649212271.387691000,151.101.229.16
384,-2802,1649212271.387692000,151.101.229.16
385,66,1649212271.387701000,10.11.219.6
386,66,1649212271.387717000,10.11.219.6
387,66,1649212271.387724000,10.11.219.6
388,-1434,1649212271.391671000,151.101.229.16
389,-66,1649212271.391671000,151.101.229.16
390,-1434,1649212271.391672000,151.101.229.16
391,66,1649212271.391692000,10.11.219.6
392,66,1649212271.391717000,10.11.219.6
393,-2739,1649212271.391841000,151.101.229.16
394,-4170,1649212271.391844000,151.101.229.16
395,-66,1649212271.391844000,151.101.229.16
396,-125,1649212271.391845000,151.101.229.16
397,-4170,1649212271.391846000,151.101.229.16
398,66,1649212271.391856000,10.11.219.6
399,54,1649212271.391894000,10.11.219.6
400,-66,1649212271.391929000,151.101.229.16
401,-66,1649212271.391930000,151.101.229.16
402,-90,1649212271.391930000,151.101.229.16
403,-66,1649212271.391931000,151.101.229.16
404,-66,1649212271.391931000,151.101.229.16
405,-4170,1649212271.391932000,151.101.229.16
406,54,1649212271.391943000,10.11.219.6
407,54,1649212271.391950000,10.11.219.6
408,54,1649212271.391955000,10.11.219.6
409,54,1649212271.391960000,10.11.219.6
410,-66,1649212271.391990000,151.101.229.16
411,-125,1649212271.391991000,151.101.229.16
412,-66,1649212271.391991000,151.101.229.16
413,-4170,1649212271.391992000,151.101.229.16
414,-1434,1649212271.391992000,151.101.229.16
415,54,1649212271.392002000,10.11.219.6
416,66,1649212271.392058000,10.11.219.6
417,-2802,1649212271.393257000,151.101.229.16
418,-2802,1649212271.393258000,151.101.229.16
419,-66,1649212271.393258000,151.101.229.16
420,-66,1649212271.393259000,151.101.229.16
421,-66,1649212271.393259000,151.101.229.16
422,66,1649212271.393275000,10.11.219.6
423,54,1649212271.393309000,10.11.219.6
424,54,1649212271.393317000,10.11.219.6
425,66,1649212271.393343000,10.11.219.6
426,-90,1649212271.395083000,151.101.229.16
427,-66,1649212271.395084000,151.101.229.16
428,-66,1649212271.395084000,151.101.229.16
429,-66,1649212271.395084000,151.101.229.16
430,-125,1649212271.395085000,151.101.229.16
431,-66,1649212271.395085000,151.101.229.16
432,-2802,1649212271.395085000,151.101.229.16
433,54,1649212271.395106000,10.11.219.6
434,54,1649212271.395129000,10.11.219.6
435,54,1649212271.395141000,10.11.219.6
436,66,1649212271.395154000,10.11.219.6
437,-4170,1649212271.395198000,151.101.229.16
438,-66,1649212271.395199000,151.101.229.16
439,-66,1649212271.395199000,151.101.229.16
440,-6906,1649212271.395200000,151.101.229.16
441,54,1649212271.395209000,10.11.219.6
442,54,1649212271.395216000,10.11.219.6
443,-90,1649212271.395240000,151.101.229.16
444,-66,1649212271.395240000,151.101.229.16
445,-2802,1649212271.395241000,151.101.229.16
446,-2802,1649212271.395241000,151.101.229.16
447,54,1649212271.395245000,10.11.219.6
448,54,1649212271.395250000,10.11.219.6
449,66,1649212271.395282000,10.11.219.6
450,-4170,1649212271.397813000,151.101.229.16
451,-66,1649212271.397814000,151.101.229.16
452,66,1649212271.397832000,10.11.219.6
453,-2802,1649212271.399829000,151.101.229.16
454,66,1649212271.399841000,10.11.219.6
455,-1434,1649212271.399947000,151.101.229.16
456,-2802,1649212271.399949000,151.101.229.16
457,-6906,1649212271.399951000,151.101.229.16
458,66,1649212271.399958000,10.11.219.6
459,66,1649212271.399965000,10.11.219.6
460,66,1649212271.399968000,10.11.219.6
461,-5538,1649212271.399984000,151.101.229.16
462,66,1649212271.400229000,10.11.219.6
463,-6906,1649212271.401811000,151.101.229.16
464,-4170,1649212271.401813000,151.101.229.16
465,66,1649212271.401833000,10.11.219.6
466,66,1649212271.401859000,10.11.219.6
467,-1434,1649212271.401885000,151.101.229.16
468,-5520,1649212271.401886000,151.101.229.16
469,-66,1649212271.401886000,151.101.229.16
470,66,1649212271.401891000,10.11.219.6
471,66,1649212271.401897000,10.11.219.6
472,-5538,1649212271.405292000,151.101.229.16
473,-5538,1649212271.405298000,151.101.229.16
474,66,1649212271.405358000,10.11.219.6
475,66,1649212271.405429000,10.11.219.6
476,-2802,1649212271.411093000,151.101.229.16
477,-4170,1649212271.411094000,151.101.229.16
478,-1434,1649212271.411095000,151.101.229.16
479,66,1649212271.411114000,10.11.219.6
480,66,1649212271.411146000,10.11.219.6
481,66,1649212271.411151000,10.11.219.6
482,-5538,1649212271.411237000,151.101.229.16
483,-6906,1649212271.411239000,151.101.229.16
484,66,1649212271.411247000,10.11.219.6
485,66,1649212271.411255000,10.11.219.6
486,-8274,1649212271.411281000,151.101.229.16
487,66,1649212271.411286000,10.11.219.6
488,-8274,1649212271.412758000,151.101.229.16
489,-1603,1649212271.412758000,13.249.146.146
490,66,1649212271.412777000,10.11.219.6
491,66,1649212271.412790000,10.11.219.6
492,-262,1649212271.412801000,13.249.146.146
493,-1434,1649212271.412802000,13.249.146.146
494,78,1649212271.412807000,10.11.219.6
495,66,1649212271.412819000,10.11.219.6
496,-1434,1649212271.415093000,151.101.229.16
497,-1434,1649212271.415094000,13.249.146.146
498,66,1649212271.415107000,10.11.219.6
499,66,1649212271.415129000,10.11.219.6
500,-6388,1649212271.415263000,13.249.146.146
501,-9642,1649212271.415265000,151.101.229.16
502,66,1649212271.415271000,10.11.219.6
503,66,1649212271.415281000,10.11.219.6
504,-3898,1649212271.415297000,13.249.146.146
505,-1278,1649212271.415298000,13.249.146.146
506,66,1649212271.415301000,10.11.219.6
507,66,1649212271.415306000,10.11.219.6
508,-5538,1649212271.417125000,151.101.229.16
509,-1095,1649212271.417126000,151.101.229.16
510,-1375,1649212271.417127000,13.249.146.146
511,-1434,1649212271.417128000,151.101.229.16
512,66,1649212271.417154000,10.11.219.6
513,78,1649212271.417181000,10.11.219.6
514,66,1649212271.417186000,10.11.219.6
515,66,1649212271.417194000,10.11.219.6
516,-5538,1649212271.539230000,13.249.146.146
517,66,1649212271.539242000,10.11.219.6
518,-11000,1649212271.539378000,13.249.146.146
519,66,1649212271.539382000,10.11.219.6
520,-341,1649212271.539401000,13.249.146.146
521,-1434,1649212271.539401000,13.249.146.146
522,-5538,1649212271.539402000,13.249.146.146
523,78,1649212271.539421000,10.11.219.6
524,66,1649212271.539430000,10.11.219.6
525,66,1649212271.539433000,10.11.219.6
526,-5538,1649212271.541182000,13.249.146.146
527,66,1649212271.541190000,10.11.219.6
528,-3817,1649212271.541550000,13.249.146.146
529,-16472,1649212271.541553000,13.249.146.146
530,66,1649212271.541560000,10.11.219.6
531,66,1649212271.541572000,10.11.219.6
532,-100,1649212271.541576000,13.249.146.146
533,66,1649212271.541578000,10.11.219.6
534,-329,1649212271.542438000,13.249.146.146
535,-1434,1649212271.542438000,13.249.146.146
536,78,1649212271.542450000,10.11.219.6
537,66,1649212271.542464000,10.11.219.6
538,-5538,1649212271.609655000,13.249.146.146
539,66,1649212271.609709000,10.11.219.6
540,-8274,1649212271.609831000,13.249.146.146
541,-1424,1649212271.609831000,13.249.146.146
542,-1434,1649212271.609832000,13.249.146.146
543,66,1649212271.609841000,10.11.219.6
544,78,1649212271.609854000,10.11.219.6
545,66,1649212271.609858000,10.11.219.6
546,-8274,1649212271.609869000,13.249.146.146
547,66,1649212271.609871000,10.11.219.6
548,-2530,1649212271.611038000,13.249.146.146
549,-2802,1649212271.611040000,13.249.146.146
550,66,1649212271.611048000,10.11.219.6
551,66,1649212271.611059000,10.11.219.6
552,-5538,1649212271.611071000,13.249.146.146
553,66,1649212271.611073000,10.11.219.6
554,-5538,1649212271.613441000,13.249.146.146
555,66,1649212271.613450000,10.11.219.6
556,-1424,1649212271.613602000,13.249.146.146
557,-1434,1649212271.613602000,13.249.146.146
558,-10738,1649212271.613604000,13.249.146.146
559,78,1649212271.613611000,10.11.219.6
560,66,1649212271.613619000,10.11.219.6
561,66,1649212271.613622000,10.11.219.6
562,-5538,1649212271.613637000,13.249.146.146
563,66,1649212271.613646000,10.11.219.6
564,-11000,1649212271.615647000,13.249.146.146
565,66,1649212271.615662000,10.11.219.6
566,-539,1649212271.615695000,13.249.146.146
567,-1434,1649212271.615696000,13.249.146.146
568,78,1649212271.615706000,10.11.219.6
569,66,1649212271.615722000,10.11.219.6
570,74,1649212271.624840000,10.11.219.6
571,-2036,1649212271.635969000,13.249.146.146
572,66,1649212271.635985000,10.11.219.6
573,-829,1649212271.638267000,13.249.146.146
574,-1434,1649212271.638269000,13.249.146.146
575,78,1649212271.638315000,10.11.219.6
576,66,1649212271.638364000,10.11.219.6
577,-2802,1649212271.649801000,13.249.146.146
578,66,1649212271.649823000,10.11.219.6
579,-6356,1649212271.649869000,13.249.146.146
580,66,1649212271.649873000,10.11.219.6
581,211,1649212271.657721000,10.11.219.6
582,198,1649212271.659028000,10.11.219.6
583,-66,1649212271.668652000,151.101.229.16
584,-5538,1649212271.678479000,151.101.229.16
585,66,1649212271.678503000,10.11.219.6
586,-2802,1649212271.678540000,151.101.229.16
587,-2708,1649212271.678541000,151.101.229.16
588,-66,1649212271.678541000,151.101.229.16
589,-2802,1649212271.678542000,151.101.229.16
590,-421,1649212271.678543000,151.101.229.16
591,66,1649212271.678549000,10.11.219.6
592,66,1649212271.678555000,10.11.219.6
593,66,1649212271.678566000,10.11.219.6
594,-1434,1649212271.678573000,151.101.229.16
595,78,1649212271.678575000,10.11.219.6
596,66,1649212271.678583000,10.11.219.6
597,169,1649212271.690166000,10.11.219.6
598,74,1649212271.697519000,10.11.219.6
599,200,1649212271.697646000,10.11.219.6
600,-66,1649212271.701571000,151.101.229.16
601,-2802,1649212271.703474000,151.101.229.16
602,66,1649212271.703491000,10.11.219.6
603,-5538,1649212271.703551000,151.101.229.16
604,-1295,1649212271.703552000,151.101.229.16
605,66,1649212271.703562000,10.11.219.6
606,66,1649212271.703576000,10.11.219.6
607,-5538,1649212271.705521000,13.249.146.146
608,66,1649212271.705549000,10.11.219.6
609,-2802,1649212271.707763000,13.249.146.146
610,66,1649212271.707772000,10.11.219.6
611,-8264,1649212271.707852000,13.249.146.146
612,-1434,1649212271.707852000,13.249.146.146
613,-339,1649212271.707853000,13.249.146.146
614,66,1649212271.707859000,10.11.219.6
615,66,1649212271.707876000,10.11.219.6
616,78,1649212271.707884000,10.11.219.6
617,-1434,1649212271.707894000,13.249.146.146
618,66,1649212271.707900000,10.11.219.6
619,-66,1649212271.708566000,151.101.229.16
620,-74,1649212271.710624000,151.101.229.16
621,-5538,1649212271.710625000,151.101.229.16
622,66,1649212271.710649000,10.11.219.6
623,66,1649212271.710668000,10.11.219.6
624,-2802,1649212271.710690000,151.101.229.16
625,-2802,1649212271.710690000,151.101.229.16
626,66,1649212271.710696000,10.11.219.6
627,66,1649212271.710701000,10.11.219.6
628,583,1649212271.712408000,10.11.219.6
629,-2802,1649212271.712973000,151.101.229.16
630,-1031,1649212271.712974000,151.101.229.16
631,-1434,1649212271.712974000,151.101.229.16
632,-8274,1649212271.712975000,151.101.229.16
633,66,1649212271.712986000,10.11.219.6
634,78,1649212271.712998000,10.11.219.6
635,66,1649212271.713004000,10.11.219.6
636,66,1649212271.713007000,10.11.219.6
637,-5538,1649212271.713024000,151.101.229.16
638,66,1649212271.713029000,10.11.219.6
639,-2802,1649212271.713042000,151.101.229.16
640,66,1649212271.713045000,10.11.219.6
641,-8274,1649212271.714763000,151.101.229.16
642,-2802,1649212271.714764000,151.101.229.16
643,66,1649212271.714776000,10.11.219.6
644,66,1649212271.714797000,10.11.219.6
645,-5538,1649212271.716851000,151.101.229.16
646,-2445,1649212271.716853000,151.101.229.16
647,66,1649212271.716877000,10.11.219.6
648,66,1649212271.716904000,10.11.219.6
649,-66,1649212271.724997000,151.101.229.16
650,-4170,1649212271.726614000,151.101.229.16
651,-1377,1649212271.726614000,151.101.229.16
652,66,1649212271.726634000,10.11.219.6
653,66,1649212271.726646000,10.11.219.6
654,130,1649212271.729563000,10.11.219.6
655,253,1649212271.729843000,10.11.219.6
656,90,1649212271.730382000,10.11.219.6
657,66,1649212271.730411000,10.11.219.6
658,193,1649212271.730617000,10.11.219.6
659,-66,1649212271.741605000,151.101.229.16
660,-66,1649212271.741606000,151.101.229.16
661,-125,1649212271.741606000,151.101.229.16
662,-66,1649212271.741606000,151.101.229.16
663,-90,1649212271.741607000,151.101.229.16
664,-66,1649212271.741607000,151.101.229.16
665,-66,1649212271.741607000,151.101.229.16
666,54,1649212271.741638000,10.11.219.6
667,54,1649212271.741658000,10.11.219.6
668,54,1649212271.741661000,10.11.219.6
669,54,1649212271.741663000,10.11.219.6
670,54,1649212271.741665000,10.11.219.6
671,-66,1649212271.743455000,151.101.229.16
672,-12378,1649212271.743464000,151.101.229.16
673,66,1649212271.743504000,10.11.219.6
674,-555,1649212271.743530000,151.101.229.16
675,-1434,1649212271.743530000,151.101.229.16
676,78,1649212271.743536000,10.11.219.6
677,66,1649212271.743543000,10.11.219.6
678,-74,1649212271.746452000,44.233.46.194
679,66,1649212271.746481000,10.11.219.6
680,583,1649212271.749050000,10.11.219.6
681,-66,1649212271.870100000,44.233.46.194
682,-5511,1649212271.873012000,44.233.46.194
683,66,1649212271.873055000,10.11.219.6
684,192,1649212271.879138000,10.11.219.6
685,-407,1649212271.983499000,13.249.146.146
686,66,1649212271.983527000,10.11.219.6
687,-1249,1649212271.991353000,13.249.146.146
688,-460,1649212271.991354000,13.249.146.146
689,-1434,1649212271.991355000,13.249.146.146
690,66,1649212271.991378000,10.11.219.6
691,78,1649212271.991408000,10.11.219.6
692,66,1649212271.991416000,10.11.219.6
693,-2802,1649212271.994387000,13.249.146.146
694,66,1649212271.994405000,10.11.219.6
695,-10881,1649212271.994470000,13.249.146.146
696,66,1649212271.994479000,10.11.219.6
697,-2802,1649212271.997517000,13.249.146.146
698,66,1649212271.997534000,10.11.219.6
699,-4170,1649212271.997583000,13.249.146.146
700,-884,1649212271.997583000,13.249.146.146
701,-1434,1649212271.997584000,13.249.146.146
702,66,1649212271.997595000,10.11.219.6
703,78,1649212271.997601000,10.11.219.6
704,66,1649212271.997613000,10.11.219.6
705,-6906,1649212271.998754000,13.249.146.146
706,66,1649212271.998765000,10.11.219.6
707,-5538,1649212272.000742000,13.249.146.146
708,66,1649212272.000759000,10.11.219.6
709,-1434,1649212272.000990000,13.249.146.146
710,-1424,1649212272.000990000,13.249.146.146
711,-1434,1649212272.000991000,13.249.146.146
712,-11010,1649212272.000993000,13.249.146.146
713,66,1649212272.001008000,10.11.219.6
714,78,1649212272.001025000,10.11.219.6
715,66,1649212272.001032000,10.11.219.6
716,66,1649212272.001036000,10.11.219.6
717,-409,1649212272.001047000,13.249.146.146
718,-1434,1649212272.001048000,13.249.146.146
719,78,1649212272.001051000,10.11.219.6
720,66,1649212272.001057000,10.11.219.6
721,-324,1649212272.003053000,44.233.46.194
722,-135,1649212272.003054000,44.233.46.194
723,-6906,1649212272.003056000,13.249.146.146
724,-884,1649212272.003056000,13.249.146.146
725,66,1649212272.003084000,10.11.219.6
726,66,1649212272.003113000,10.11.219.6
727,66,1649212272.003120000,10.11.219.6
728,78,1649212272.003127000,10.11.219.6
729,-1434,1649212272.003135000,13.249.146.146
730,66,1649212272.003140000,10.11.219.6
731,202,1649212272.005827000,10.11.219.6
732,74,1649212272.005887000,10.11.219.6
733,-66,1649212272.017359000,151.101.229.16
734,-74,1649212272.018518000,151.101.229.16
735,-508,1649212272.018519000,151.101.229.16
736,66,1649212272.018549000,10.11.219.6
737,66,1649212272.018570000,10.11.219.6
738,243,1649212272.053834000,10.11.219.6
739,507,1649212272.053873000,10.11.219.6
740,156,1649212272.054180000,10.11.219.6
741,156,1649212272.055398000,10.11.219.6
742,157,1649212272.055956000,10.11.219.6
743,156,1649212272.056251000,10.11.219.6
744,246,1649212272.056419000,10.11.219.6
745,156,1649212272.056607000,10.11.219.6
746,174,1649212272.056929000,10.11.219.6
747,104,1649212272.057190000,10.11.219.6
748,583,1649212272.060444000,10.11.219.6
749,189,1649212272.060658000,10.11.219.6
750,244,1649212272.061005000,10.11.219.6
751,155,1649212272.061345000,10.11.219.6
752,-66,1649212272.065069000,151.101.229.16
753,-973,1649212272.067605000,151.101.229.16
754,-66,1649212272.067606000,151.101.229.16
755,-66,1649212272.067606000,151.101.229.16
756,-66,1649212272.067606000,151.101.229.16
757,-1325,1649212272.067607000,151.101.229.16
758,-66,1649212272.067607000,151.101.229.16
759,-66,1649212272.067608000,151.101.229.16
760,-66,1649212272.067608000,151.101.229.16
761,66,1649212272.067667000,10.11.219.6
762,-1089,1649212272.069048000,151.101.229.16
763,-1195,1649212272.069049000,151.101.229.16
764,-1086,1649212272.069049000,151.101.229.16
765,-326,1649212272.069050000,151.101.229.16
766,-1401,1649212272.069050000,151.101.229.16
767,-1097,1649212272.069051000,151.101.229.16
768,66,1649212272.069077000,10.11.219.6
769,66,1649212272.069098000,10.11.219.6
770,-66,1649212272.071869000,151.101.229.16
771,-66,1649212272.071875000,151.101.229.16
772,-66,1649212272.071875000,151.101.229.16
773,-849,1649212272.073813000,151.101.229.16
774,-1434,1649212272.073814000,151.101.229.16
775,78,1649212272.073836000,10.11.219.6
776,66,1649212272.073865000,10.11.219.6
777,-8274,1649212272.073899000,151.101.229.16
778,-166,1649212272.073900000,151.101.229.16
779,-295,1649212272.073900000,151.101.229.16
780,66,1649212272.073906000,10.11.219.6
781,-2802,1649212272.073919000,151.101.229.16
782,66,1649212272.073922000,10.11.219.6
783,-2802,1649212272.075607000,151.101.229.16
784,66,1649212272.075619000,10.11.219.6
785,-2802,1649212272.075724000,151.101.229.16
786,-2802,1649212272.075724000,151.101.229.16
787,-8126,1649212272.075726000,151.101.229.16
788,66,1649212272.075732000,10.11.219.6
789,66,1649212272.075741000,10.11.219.6
790,66,1649212272.075746000,10.11.219.6
791,-2761,1649212272.075755000,151.101.229.16
792,66,1649212272.075763000,10.11.219.6
793,-66,1649212272.077816000,151.101.229.16
794,-8274,1649212272.077818000,151.101.229.16
795,-8274,1649212272.077820000,151.101.229.16
796,66,1649212272.077849000,10.11.219.6
797,66,1649212272.077960000,10.11.219.6
798,-5410,1649212272.078865000,151.101.229.16
799,66,1649212272.078881000,10.11.219.6
800,130,1649212272.081606000,10.11.219.6
801,253,1649212272.081910000,10.11.219.6
802,90,1649212272.082809000,10.11.219.6
803,66,1649212272.082845000,10.11.219.6
804,-2802,1649212272.092297000,13.249.146.146
805,66,1649212272.092318000,10.11.219.6
806,-13736,1649212272.092400000,13.249.146.146
807,66,1649212272.092407000,10.11.219.6
808,251,1649212272.094139000,10.11.219.6
809,-13746,1649212272.094363000,13.249.146.146
810,66,1649212272.094374000,10.11.219.6
811,-223,1649212272.094402000,13.249.146.146
812,-66,1649212272.094403000,151.101.229.16
813,-66,1649212272.094403000,151.101.229.16
814,-125,1649212272.094403000,151.101.229.16
815,-1434,1649212272.094404000,13.249.146.146
816,78,1649212272.094414000,10.11.219.6
817,54,1649212272.094439000,10.11.219.6
818,66,1649212272.094456000,10.11.219.6
819,-66,1649212272.095275000,151.101.229.16
820,-66,1649212272.095276000,151.101.229.16
821,-90,1649212272.095276000,151.101.229.16
822,-66,1649212272.095277000,151.101.229.16
823,54,1649212272.095296000,10.11.219.6
824,54,1649212272.095318000,10.11.219.6
825,54,1649212272.095325000,10.11.219.6
826,54,1649212272.095328000,10.11.219.6
827,-66,1649212272.106144000,151.101.229.16
828,-2802,1649212272.106145000,151.101.229.16
829,66,1649212272.106175000,10.11.219.6
830,-5538,1649212272.106215000,151.101.229.16
831,66,1649212272.106263000,10.11.219.6
832,-5538,1649212272.107676000,151.101.229.16
833,-1049,1649212272.107676000,151.101.229.16
834,-1434,1649212272.107677000,151.101.229.16
835,66,1649212272.107691000,10.11.219.6
836,78,1649212272.107714000,10.11.219.6
837,66,1649212272.107721000,10.11.219.6
838,-958,1649212272.109462000,151.101.229.16
839,66,1649212272.152722000,10.11.219.6
840,-66,1649212272.174886000,44.233.46.194
841,-104,1649212272.174887000,44.233.46.194
842,66,1649212272.174908000,10.11.219.6
843,-236,1649212272.177216000,44.233.46.194
844,-104,1649212272.177217000,44.233.46.194
845,66,1649212272.177230000,10.11.219.6
846,66,1649212272.177251000,10.11.219.6
847,190,1649212272.190903000,10.11.219.6
848,623,1649212272.191099000,10.11.219.6
849,207,1649212272.191361000,10.11.219.6
850,1407,1649212272.191685000,10.11.219.6
851,177,1649212272.193628000,10.11.219.6
852,176,1649212272.196214000,10.11.219.6
853,184,1649212272.196363000,10.11.219.6
854,180,1649212272.197498000,10.11.219.6
855,174,1649212272.198235000,10.11.219.6
856,169,1649212272.198536000,10.11.219.6
857,-66,1649212272.201640000,151.101.229.16
858,527,1649212272.201664000,10.11.219.6
859,-66,1649212272.202730000,151.101.229.16
860,-66,1649212272.202731000,151.101.229.16
861,-66,1649212272.202731000,151.101.229.16
862,-683,1649212272.205611000,151.101.229.16
863,-1434,1649212272.205612000,151.101.229.16
864,66,1649212272.205635000,10.11.219.6
865,66,1649212272.205666000,10.11.219.6
866,-12378,1649212272.205774000,151.101.229.16
867,66,1649212272.205782000,10.11.219.6
868,-905,1649212272.205805000,151.101.229.16
869,-1434,1649212272.205805000,151.101.229.16
870,-6906,1649212272.205806000,151.101.229.16
871,78,1649212272.205813000,10.11.219.6
872,66,1649212272.205820000,10.11.219.6
873,66,1649212272.205828000,10.11.219.6
874,-9081,1649212272.207423000,151.101.229.16
875,-1434,1649212272.207426000,151.101.229.16
876,66,1649212272.207438000,10.11.219.6
877,66,1649212272.207459000,10.11.219.6
878,-6906,1649212272.209991000,151.101.229.16
879,66,1649212272.210007000,10.11.219.6
880,-7726,1649212272.210149000,151.101.229.16
881,-13746,1649212272.210151000,151.101.229.16
882,66,1649212272.210163000,10.11.219.6
883,66,1649212272.210177000,10.11.219.6
884,-2802,1649212272.212143000,151.101.229.16
885,66,1649212272.212157000,10.11.219.6
886,-2802,1649212272.212317000,151.101.229.16
887,-19218,1649212272.212321000,151.101.229.16
888,66,1649212272.212330000,10.11.219.6
889,66,1649212272.212338000,10.11.219.6
890,-66,1649212272.212344000,151.101.229.16
891,-2802,1649212272.215081000,151.101.229.16
892,66,1649212272.215098000,10.11.219.6
893,-16482,1649212272.215248000,151.101.229.16
894,66,1649212272.215257000,10.11.219.6
895,-5538,1649212272.215291000,151.101.229.16
896,66,1649212272.215297000,10.11.219.6
897,-2802,1649212272.219241000,151.101.229.16
898,66,1649212272.219260000,10.11.219.6
899,-11010,1649212272.219390000,151.101.229.16
900,66,1649212272.219397000,10.11.219.6
901,-66,1649212272.219439000,151.101.229.16
902,-66,1649212272.219439000,151.101.229.16
903,-13746,1649212272.219442000,151.101.229.16
904,66,1649212272.219459000,10.11.219.6
905,-2802,1649212272.220868000,151.101.229.16
906,-66,1649212272.220869000,151.101.229.16
907,-66,1649212272.220869000,151.101.229.16
908,-66,1649212272.220870000,151.101.229.16
909,-66,1649212272.220870000,151.101.229.16
910,66,1649212272.220897000,10.11.219.6
911,-66,1649212272.224233000,44.233.46.194
912,-2802,1649212272.224235000,151.101.229.16
913,-2802,1649212272.224236000,151.101.229.16
914,66,1649212272.224263000,10.11.219.6
915,66,1649212272.224287000,10.11.219.6
916,-4170,1649212272.224404000,151.101.229.16
917,-16482,1649212272.224407000,151.101.229.16
918,66,1649212272.224414000,10.11.219.6
919,66,1649212272.224424000,10.11.219.6
920,-2802,1649212272.227003000,151.101.229.16
921,66,1649212272.227024000,10.11.219.6
922,-1434,1649212272.227139000,151.101.229.16
923,-9642,1649212272.227142000,151.101.229.16
924,66,1649212272.227151000,10.11.219.6
925,66,1649212272.227160000,10.11.219.6
926,-13746,1649212272.229802000,151.101.229.16
927,66,1649212272.229818000,10.11.219.6
928,-19218,1649212272.229876000,151.101.229.16
929,66,1649212272.229880000,10.11.219.6
930,-1434,1649212272.231848000,151.101.229.16
931,-17850,1649212272.231852000,151.101.229.16
932,66,1649212272.231876000,10.11.219.6
933,66,1649212272.231905000,10.11.219.6
934,-5538,1649212272.234660000,151.101.229.16
935,-21954,1649212272.234666000,151.101.229.16
936,66,1649212272.234685000,10.11.219.6
937,66,1649212272.234703000,10.11.219.6
938,-2802,1649212272.236689000,151.101.229.16
939,66,1649212272.236717000,10.11.219.6
940,-16482,1649212272.236857000,151.101.229.16
941,66,1649212272.236868000,10.11.219.6
942,-5538,1649212272.236891000,151.101.229.16
943,66,1649212272.236896000,10.11.219.6
944,-2802,1649212272.239955000,151.101.229.16
945,66,1649212272.239969000,10.11.219.6
946,-19218,1649212272.240124000,151.101.229.16
947,66,1649212272.240129000,10.11.219.6
948,-2802,1649212272.240144000,151.101.229.16
949,66,1649212272.240148000,10.11.219.6
950,-2802,1649212272.242373000,151.101.229.16
951,66,1649212272.242390000,10.11.219.6
952,-21954,1649212272.242549000,151.101.229.16
953,66,1649212272.242555000,10.11.219.6
954,-5538,1649212272.244587000,151.101.229.16
955,66,1649212272.244605000,10.11.219.6
956,-4170,1649212272.244734000,151.101.229.16
957,-15114,1649212272.244738000,151.101.229.16
958,66,1649212272.244748000,10.11.219.6
959,66,1649212272.244757000,10.11.219.6
960,-5538,1649212272.246984000,151.101.229.16
961,66,1649212272.247003000,10.11.219.6
962,-6906,1649212272.247140000,151.101.229.16
963,-12378,1649212272.247143000,151.101.229.16
964,66,1649212272.247155000,10.11.219.6
965,66,1649212272.247162000,10.11.219.6
966,-2802,1649212272.249393000,151.101.229.16
967,66,1649212272.249408000,10.11.219.6
968,-13746,1649212272.249548000,151.101.229.16
969,66,1649212272.249552000,10.11.219.6
970,-8274,1649212272.249579000,151.101.229.16
971,66,1649212272.249581000,10.11.219.6
972,-5538,1649212272.251815000,151.101.229.16
973,66,1649212272.251837000,10.11.219.6
974,-19218,1649212272.251980000,151.101.229.16
975,66,1649212272.251986000,10.11.219.6
976,-2802,1649212272.254152000,151.101.229.16
977,66,1649212272.254170000,10.11.219.6
978,-23322,1649212272.254392000,151.101.229.16
979,66,1649212272.254400000,10.11.219.6
980,-2802,1649212272.257024000,151.101.229.16
981,66,1649212272.257043000,10.11.219.6
982,-4170,1649212272.257183000,151.101.229.16
983,-6906,1649212272.257184000,151.101.229.16
984,66,1649212272.257194000,10.11.219.6
985,66,1649212272.257204000,10.11.219.6
986,-11010,1649212272.257231000,151.101.229.16
987,66,1649212272.257234000,10.11.219.6
988,-5538,1649212272.259214000,151.101.229.16
989,66,1649212272.259234000,10.11.219.6
990,-16482,1649212272.259353000,151.101.229.16
991,66,1649212272.259357000,10.11.219.6
992,-2802,1649212272.259370000,151.101.229.16
993,66,1649212272.259373000,10.11.219.6
994,-2802,1649212272.261903000,151.101.229.16
995,66,1649212272.261925000,10.11.219.6
996,-21954,1649212272.262073000,151.101.229.16
997,66,1649212272.262080000,10.11.219.6
998,-1434,1649212272.264528000,151.101.229.16
999,-1434,1649212272.264530000,151.101.229.16
1000,66,1649212272.264551000,10.11.219.6
1001,66,1649212272.264579000,10.11.219.6
1002,-1434,1649212272.264673000,151.101.229.16
1003,-12378,1649212272.264676000,151.101.229.16
1004,66,1649212272.264683000,10.11.219.6
1005,66,1649212272.264691000,10.11.219.6
1006,-11010,1649212272.267043000,151.101.229.16
1007,66,1649212272.267070000,10.11.219.6
1008,-12378,1649212272.267203000,151.101.229.16
1009,66,1649212272.267208000,10.11.219.6
1010,-8274,1649212272.267244000,151.101.229.16
1011,66,1649212272.267247000,10.11.219.6
1012,-2802,1649212272.270410000,151.101.229.16
1013,66,1649212272.270427000,10.11.219.6
1014,-9642,1649212272.270585000,151.101.229.16
1015,-8274,1649212272.270587000,151.101.229.16
1016,66,1649212272.270595000,10.11.219.6
1017,66,1649212272.270606000,10.11.219.6
1018,-2802,1649212272.270627000,151.101.229.16
1019,-903,1649212272.270627000,151.101.229.16
1020,-1434,1649212272.270628000,151.101.229.16
1021,66,1649212272.270633000,10.11.219.6
1022,78,1649212272.270640000,10.11.219.6
1023,66,1649212272.270645000,10.11.219.6
1024,841,1649212272.505258000,10.11.219.6
1025,-66,1649212272.508479000,13.249.146.146
1026,194,1649212272.513677000,10.11.219.6
1027,181,1649212272.514382000,10.11.219.6
1028,-66,1649212272.524815000,151.101.229.16
1029,-2802,1649212272.527679000,151.101.229.16
1030,66,1649212272.527712000,10.11.219.6
1031,-5538,1649212272.527806000,151.101.229.16
1032,-7899,1649212272.527807000,151.101.229.16
1033,66,1649212272.527819000,10.11.219.6
1034,66,1649212272.527840000,10.11.219.6
1035,-2802,1649212272.527852000,151.101.229.16
1036,66,1649212272.527860000,10.11.219.6
1037,-2802,1649212272.529902000,151.101.229.16
1038,66,1649212272.529918000,10.11.219.6
1039,-2802,1649212272.530040000,151.101.229.16
1040,-8274,1649212272.530042000,151.101.229.16
1041,66,1649212272.530053000,10.11.219.6
1042,66,1649212272.530069000,10.11.219.6
1043,-66,1649212272.530098000,151.101.229.16
1044,-8274,1649212272.530100000,151.101.229.16
1045,66,1649212272.530112000,10.11.219.6
1046,-8274,1649212272.532958000,151.101.229.16
1047,-2802,1649212272.532959000,151.101.229.16
1048,66,1649212272.532983000,10.11.219.6
1049,66,1649212272.533008000,10.11.219.6
1050,-5538,1649212272.534391000,151.101.229.16
1051,-528,1649212272.534393000,151.101.229.16
1052,66,1649212272.534461000,10.11.219.6
1053,66,1649212272.534541000,10.11.219.6
1054,-126,1649212272.549871000,13.249.146.146
1055,66,1649212272.549892000,10.11.219.6
1056,-2802,1649212272.551804000,13.249.146.146
1057,-184,1649212272.551805000,13.249.146.146
1058,-1434,1649212272.551806000,13.249.146.146
1059,-1434,1649212272.551806000,13.249.146.146
1060,66,1649212272.551834000,10.11.219.6
1061,78,1649212272.551867000,10.11.219.6
1062,66,1649212272.551874000,10.11.219.6
1063,66,1649212272.551879000,10.11.219.6
1064,-605,1649212272.553768000,13.249.146.146
1065,-1434,1649212272.553771000,13.249.146.146
1066,-2606,1649212272.553774000,13.249.146.146
1067,-3646,1649212272.553777000,13.249.146.146
1068,78,1649212272.553859000,10.11.219.6
1069,66,1649212272.553948000,10.11.219.6
1070,66,1649212272.553970000,10.11.219.6
1071,66,1649212272.553981000,10.11.219.6
1072,-2802,1649212272.563773000,13.249.146.146
1073,66,1649212272.563793000,10.11.219.6
1074,-4170,1649212272.563844000,13.249.146.146
1075,-884,1649212272.563845000,13.249.146.146
1076,-1434,1649212272.563845000,13.249.146.146
1077,66,1649212272.563859000,10.11.219.6
1078,78,1649212272.563868000,10.11.219.6
1079,66,1649212272.563873000,10.11.219.6
1080,164,1649212272.598529000,10.11.219.6
1081,262,1649212272.598775000,10.11.219.6
1082,160,1649212272.605253000,10.11.219.6
1083,160,1649212272.605576000,10.11.219.6
1084,160,1649212272.606219000,10.11.219.6
1085,160,1649212272.607011000,10.11.219.6
1086,160,1649212272.607738000,10.11.219.6
1087,160,1649212272.609479000,10.11.219.6
1088,254,1649212272.610079000,10.11.219.6
1089,-66,1649212272.610308000,151.101.229.16
1090,-66,1649212272.610309000,151.101.229.16
1091,160,1649212272.610659000,10.11.219.6
1092,159,1649212272.610947000,10.11.219.6
1093,152,1649212272.610978000,10.11.219.6
1094,-1434,1649212272.612024000,151.101.229.16
1095,-273,1649212272.612025000,151.101.229.16
1096,-1434,1649212272.612026000,151.101.229.16
1097,-2315,1649212272.612027000,151.101.229.16
1098,-4628,1649212272.612028000,151.101.229.16
1099,66,1649212272.612047000,10.11.219.6
1100,78,1649212272.612070000,10.11.219.6
1101,66,1649212272.612080000,10.11.219.6
1102,66,1649212272.612099000,10.11.219.6
1103,-66,1649212272.616362000,151.101.229.16
1104,-66,1649212272.616363000,151.101.229.16
1105,-293,1649212272.618076000,151.101.229.16
1106,-1434,1649212272.618076000,151.101.229.16
1107,-366,1649212272.618077000,151.101.229.16
1108,66,1649212272.618106000,10.11.219.6
1109,78,1649212272.618134000,10.11.219.6
1110,-1434,1649212272.618170000,151.101.229.16
1111,-66,1649212272.618170000,151.101.229.16
1112,-5538,1649212272.618171000,151.101.229.16
1113,-544,1649212272.618172000,151.101.229.16
1114,-1434,1649212272.618172000,151.101.229.16
1115,66,1649212272.618182000,10.11.219.6
1116,78,1649212272.618193000,10.11.219.6
1117,66,1649212272.618198000,10.11.219.6
1118,-2960,1649212272.620515000,151.101.229.16
1119,-66,1649212272.620517000,151.101.229.16
1120,-66,1649212272.620518000,151.101.229.16
1121,-4070,1649212272.620521000,151.101.229.16
1122,66,1649212272.620570000,10.11.219.6
1123,-1434,1649212272.620657000,151.101.229.16
1124,66,1649212272.620673000,10.11.219.6
1125,-2668,1649212272.620733000,151.101.229.16
1126,66,1649212272.620954000,10.11.219.6
1127,-66,1649212272.622072000,151.101.229.16
1128,-66,1649212272.622073000,151.101.229.16
1129,-4170,1649212272.622074000,151.101.229.16
1130,-268,1649212272.622074000,151.101.229.16
1131,-1434,1649212272.622075000,151.101.229.16
1132,66,1649212272.622100000,10.11.219.6
1133,78,1649212272.622119000,10.11.219.6
1134,66,1649212272.622126000,10.11.219.6
1135,-66,1649212272.623690000,151.101.229.16
1136,-1434,1649212272.623691000,151.101.229.16
1137,-79,1649212272.623691000,151.101.229.16
1138,-1434,1649212272.623692000,151.101.229.16
1139,-3984,1649212272.623693000,151.101.229.16
1140,-1434,1649212272.623693000,151.101.229.16
1141,78,1649212272.623724000,10.11.219.6
1142,-353,1649212272.623749000,151.101.229.16
1143,-1434,1649212272.623750000,151.101.229.16
1144,66,1649212272.623750000,10.11.219.6
1145,78,1649212272.623763000,10.11.219.6
1146,66,1649212272.623766000,10.11.219.6
1147,-66,1649212272.625299000,151.101.229.16
1148,-66,1649212272.625300000,151.101.229.16
1149,-2762,1649212272.625300000,151.101.229.16
1150,-3960,1649212272.625301000,151.101.229.16
1151,66,1649212272.625326000,10.11.219.6
1152,66,1649212272.625344000,10.11.219.6
1153,-2802,1649212272.648587000,13.249.146.146
1154,66,1649212272.648603000,10.11.219.6
1155,-13736,1649212272.648673000,13.249.146.146
1156,66,1649212272.648679000,10.11.219.6
1157,-100,1649212272.648692000,13.249.146.146
1158,66,1649212272.648695000,10.11.219.6
1159,-335,1649212272.650132000,13.249.146.146
1160,-1434,1649212272.650133000,13.249.146.146
1161,-8274,1649212272.650135000,13.249.146.146
1162,78,1649212272.650150000,10.11.219.6
1163,66,1649212272.650168000,10.11.219.6
1164,66,1649212272.650173000,10.11.219.6
1165,-2802,1649212272.652123000,13.249.146.146
1166,66,1649212272.652140000,10.11.219.6
1167,-5528,1649212272.652245000,13.249.146.146
1168,-100,1649212272.652245000,13.249.146.146
1169,-10704,1649212272.652247000,13.249.146.146
1170,66,1649212272.652255000,10.11.219.6
1171,66,1649212272.652268000,10.11.219.6
1172,66,1649212272.652276000,10.11.219.6
1173,-2802,1649212272.663311000,13.249.146.146
1174,66,1649212272.663338000,10.11.219.6
1175,-13736,1649212272.663459000,13.249.146.146
1176,66,1649212272.663468000,10.11.219.6
1177,-5538,1649212272.663506000,13.249.146.146
1178,-119,1649212272.663506000,13.249.146.146
1179,-1434,1649212272.663506000,13.249.146.146
1180,66,1649212272.663515000,10.11.219.6
1181,78,1649212272.663523000,10.11.219.6
1182,66,1649212272.663530000,10.11.219.6
1183,164,1649212272.688580000,10.11.219.6
1184,160,1649212272.693059000,10.11.219.6
1185,214,1649212272.693653000,10.11.219.6
1186,-66,1649212272.699393000,151.101.229.16
1187,-554,1649212272.700757000,151.101.229.16
1188,66,1649212272.701577000,10.11.219.6
1189,214,1649212272.702013000,10.11.219.6
1190,214,1649212272.703443000,10.11.219.6
1191,-66,1649212272.703688000,151.101.229.16
1192,-66,1649212272.704815000,151.101.229.16
1193,214,1649212272.705372000,10.11.219.6
1194,213,1649212272.706305000,10.11.219.6
1195,215,1649212272.706406000,10.11.219.6
1196,214,1649212272.707686000,10.11.219.6
1197,-414,1649212272.710339000,151.101.229.16
1198,-5212,1649212272.710343000,151.101.229.16
1199,-2802,1649212272.710382000,13.249.146.146
1200,-567,1649212272.710383000,13.249.146.146
1201,-1434,1649212272.710383000,13.249.146.146
1202,-138,1649212272.710384000,13.249.146.146
1203,66,1649212272.710401000,10.11.219.6
1204,78,1649212272.710427000,10.11.219.6
1205,66,1649212272.710432000,10.11.219.6
1206,66,1649212272.710436000,10.11.219.6
1207,66,1649212272.710692000,10.11.219.6
1208,160,1649212272.710908000,10.11.219.6
1209,161,1649212272.711751000,10.11.219.6
1210,254,1649212272.711931000,10.11.219.6
1211,351,1649212272.712545000,10.11.219.6
1212,-66,1649212272.712978000,151.101.229.16
1213,167,1649212272.712991000,10.11.219.6
1214,269,1649212272.713365000,10.11.219.6
1215,-66,1649212272.714950000,151.101.229.16
1216,-4170,1649212272.717126000,151.101.229.16
1217,-260,1649212272.717127000,151.101.229.16
1218,-1434,1649212272.717128000,151.101.229.16
1219,-1434,1649212272.717129000,151.101.229.16
1220,78,1649212272.717223000,10.11.219.6
1221,66,1649212272.717293000,10.11.219.6
1222,-2802,1649212272.717384000,151.101.229.16
1223,-699,1649212272.717385000,151.101.229.16
1224,-1434,1649212272.717387000,151.101.229.16
1225,66,1649212272.717407000,10.11.219.6
1226,78,1649212272.717426000,10.11.219.6
1227,66,1649212272.717436000,10.11.219.6
1228,-66,1649212272.718639000,151.101.229.16
1229,-66,1649212272.718640000,151.101.229.16
1230,-66,1649212272.718640000,151.101.229.16
1231,-2802,1649212272.718641000,151.101.229.16
1232,-454,1649212272.718641000,151.101.229.16
1233,-1434,1649212272.718642000,151.101.229.16
1234,78,1649212272.718676000,10.11.219.6
1235,66,1649212272.718702000,10.11.219.6
1236,-2802,1649212272.720433000,151.101.229.16
1237,-897,1649212272.720436000,151.101.229.16
1238,-1434,1649212272.720442000,151.101.229.16
1239,-66,1649212272.720443000,151.101.229.16
1240,-267,1649212272.720444000,151.101.229.16
1241,-6420,1649212272.720450000,151.101.229.16
1242,78,1649212272.720557000,10.11.219.6
1243,66,1649212272.720624000,10.11.219.6
1244,66,1649212272.720980000,10.11.219.6
1245,-6906,1649212272.722149000,151.101.229.16
1246,-416,1649212272.722149000,151.101.229.16
1247,-1434,1649212272.722150000,151.101.229.16
1248,66,1649212272.722160000,10.11.219.6
1249,78,1649212272.722174000,10.11.219.6
1250,66,1649212272.722179000,10.11.219.6
1251,-66,1649212272.723427000,151.101.229.16
1252,-2402,1649212272.723428000,151.101.229.16
1253,66,1649212272.723438000,10.11.219.6
1254,-66,1649212272.724913000,151.101.229.16
1255,-2742,1649212272.724914000,151.101.229.16
1256,-66,1649212272.724915000,151.101.229.16
1257,-66,1649212272.724915000,151.101.229.16
1258,66,1649212272.724987000,10.11.219.6
1259,167,1649212272.725740000,10.11.219.6
1260,240,1649212272.726082000,10.11.219.6
1261,-66,1649212272.726839000,151.101.229.16
1262,-66,1649212272.726840000,151.101.229.16
1263,-2561,1649212272.726841000,151.101.229.16
1264,-9642,1649212272.726843000,151.101.229.16
1265,153,1649212272.726869000,10.11.219.6
1266,66,1649212272.727060000,10.11.219.6
1267,-1215,1649212272.729283000,151.101.229.16
1268,-1434,1649212272.729284000,151.101.229.16
1269,66,1649212272.729317000,10.11.219.6
1270,-1398,1649212272.729393000,151.101.229.16
1271,-9642,1649212272.729395000,151.101.229.16
1272,-2802,1649212272.729412000,151.101.229.16
1273,-838,1649212272.729412000,151.101.229.16
1274,-1434,1649212272.729413000,151.101.229.16
1275,78,1649212272.729422000,10.11.219.6
1276,66,1649212272.729430000,10.11.219.6
1277,-66,1649212272.737645000,151.101.229.16
1278,-66,1649212272.737647000,151.101.229.16
1279,-66,1649212272.739192000,151.101.229.16
1280,-1294,1649212272.739193000,151.101.229.16
1281,-4170,1649212272.739194000,151.101.229.16
1282,-736,1649212272.739194000,151.101.229.16
1283,-1434,1649212272.739195000,151.101.229.16
1284,66,1649212272.739223000,10.11.219.6
1285,78,1649212272.739247000,10.11.219.6
1286,66,1649212272.739256000,10.11.219.6
1287,-136,1649212272.740023000,151.101.229.16
1288,-1434,1649212272.740024000,151.101.229.16
1289,-165,1649212272.740024000,151.101.229.16
1290,-1434,1649212272.740025000,151.101.229.16
1291,78,1649212272.740037000,10.11.219.6
1292,66,1649212272.740051000,10.11.219.6
1293,78,1649212272.740056000,10.11.219.6
1294,66,1649212272.740060000,10.11.219.6
1295,188,1649212272.756847000,10.11.219.6
1296,155,1649212272.765114000,10.11.219.6
1297,-66,1649212272.768724000,151.101.229.16
1298,-328,1649212272.768725000,151.101.229.16
1299,-1434,1649212272.768726000,151.101.229.16
1300,78,1649212272.768751000,10.11.219.6
1301,66,1649212272.768771000,10.11.219.6
1302,-66,1649212272.775918000,151.101.229.16
1303,-1055,1649212272.778271000,151.101.229.16
1304,166,1649212272.789685000,10.11.219.6
1305,-66,1649212272.800593000,151.101.229.16
1306,-1100,1649212272.801914000,151.101.229.16
1307,66,1649212272.802011000,10.11.219.6
1308,66,1649212272.820735000,10.11.219.6
1309,155,1649212272.838805000,10.11.219.6
1310,-66,1649212272.849810000,151.101.229.16
1311,-1367,1649212272.852140000,151.101.229.16
1312,66,1649212272.852211000,10.11.219.6
1313,184,1649212272.865410000,10.11.219.6
1314,180,1649212272.868266000,10.11.219.6
1315,-66,1649212272.876555000,151.101.229.16
1316,-15114,1649212272.880170000,151.101.229.16
1317,66,1649212272.880194000,10.11.219.6
1318,-901,1649212272.880215000,151.101.229.16
1319,-6867,1649212272.880216000,151.101.229.16
1320,-66,1649212272.880216000,151.101.229.16
1321,-1329,1649212272.880217000,151.101.229.16
1322,66,1649212272.880222000,10.11.219.6
1323,66,1649212272.880225000,10.11.219.6
1324,66,1649212272.880231000,10.11.219.6
1325,-1049,1649212272.882013000,13.249.146.146
1326,66,1649212272.882042000,10.11.219.6
1327,240,1649212272.890648000,10.11.219.6
1328,-1434,1649212272.894998000,13.249.146.146
1329,-729,1649212272.894999000,13.249.146.146
1330,-1434,1649212272.894999000,13.249.146.146
1331,66,1649212272.895021000,10.11.219.6
1332,78,1649212272.895048000,10.11.219.6
1333,66,1649212272.895056000,10.11.219.6
1334,-2802,1649212272.899659000,13.249.146.146
1335,66,1649212272.899676000,10.11.219.6
1336,-6356,1649212272.901999000,13.249.146.146
1337,-2802,1649212272.901999000,13.249.146.146
1338,66,1649212272.902070000,10.11.219.6
1339,-11010,1649212272.902131000,13.249.146.146
1340,66,1649212272.902169000,10.11.219.6
1341,-2792,1649212272.904569000,13.249.146.146
1342,-9531,1649212272.904571000,13.249.146.146
1343,66,1649212272.904587000,10.11.219.6
1344,-66,1649212272.904784000,151.101.229.16
1345,-14420,1649212272.904836000,151.101.229.16
1346,66,1649212272.904929000,10.11.219.6
1347,66,1649212272.905697000,10.11.219.6
1348,177,1649212272.914939000,10.11.219.6
1349,166,1649212272.915199000,10.11.219.6
1350,74,1649212272.917602000,10.11.219.6
1351,-66,1649212272.925990000,151.101.229.16
1352,-66,1649212272.925991000,151.101.229.16
1353,-4170,1649212272.928211000,151.101.229.16
1354,-1434,1649212272.928212000,151.101.229.16
1355,66,1649212272.928285000,10.11.219.6
1356,-2802,1649212272.928615000,151.101.229.16
1357,-908,1649212272.928615000,151.101.229.16
1358,-12378,1649212272.928617000,151.101.229.16
1359,66,1649212272.928622000,10.11.219.6
1360,78,1649212272.928632000,10.11.219.6
1361,66,1649212272.928636000,10.11.219.6
1362,-945,1649212272.928664000,151.101.229.16
1363,-1434,1649212272.928664000,151.101.229.16
1364,-1434,1649212272.928665000,151.101.229.16
1365,-5538,1649212272.928666000,151.101.229.16
1366,78,1649212272.928670000,10.11.219.6
1367,66,1649212272.928677000,10.11.219.6
1368,66,1649212272.928682000,10.11.219.6
1369,66,1649212272.928933000,10.11.219.6
1370,-2802,1649212272.931015000,151.101.229.16
1371,66,1649212272.931025000,10.11.219.6
1372,-6906,1649212272.931373000,151.101.229.16
1373,-87,1649212272.931373000,151.101.229.16
1374,-1434,1649212272.931373000,151.101.229.16
1375,-19218,1649212272.931376000,151.101.229.16
1376,78,1649212272.931389000,10.11.219.6
1377,66,1649212272.931403000,10.11.219.6
1378,66,1649212272.931412000,10.11.219.6
1379,-1434,1649212272.933561000,151.101.229.16
1380,-6906,1649212272.933563000,151.101.229.16
1381,66,1649212272.933592000,10.11.219.6
1382,-7341,1649212272.934767000,151.101.229.16
1383,66,1649212272.934771000,10.11.219.6
1384,171,1649212272.958474000,10.11.219.6
1385,-66,1649212272.969935000,151.101.229.16
1386,-391,1649212272.969937000,151.101.229.16
1387,66,1649212272.970126000,10.11.219.6
1388,-66,1649212273.040665000,52.119.167.229
1389,54,1649212273.040801000,10.11.219.6
1390,571,1649212273.043599000,10.11.219.6
1391,157,1649212273.058991000,10.11.219.6
1392,-66,1649212273.069781000,151.101.229.16
1393,-2802,1649212273.073044000,151.101.229.16
1394,66,1649212273.073104000,10.11.219.6
1395,-6906,1649212273.073144000,151.101.229.16
1396,-6570,1649212273.073146000,151.101.229.16
1397,66,1649212273.073185000,10.11.219.6
1398,-5538,1649212273.075593000,151.101.229.16
1399,66,1649212273.075655000,10.11.219.6
1400,-4170,1649212273.075835000,151.101.229.16
1401,-9642,1649212273.075836000,151.101.229.16
1402,66,1649212273.075843000,10.11.219.6
1403,-9642,1649212273.075879000,151.101.229.16
1404,66,1649212273.075878000,10.11.219.6
1405,66,1649212273.075945000,10.11.219.6
1406,-9642,1649212273.077338000,151.101.229.16
1407,-4170,1649212273.077339000,151.101.229.16
1408,66,1649212273.077353000,10.11.219.6
1409,66,1649212273.077410000,10.11.219.6
1410,-2802,1649212273.079307000,151.101.229.16
1411,66,1649212273.079322000,10.11.219.6
1412,-2802,1649212273.081439000,151.101.229.16
1413,-9642,1649212273.081441000,151.101.229.16
1414,66,1649212273.081455000,10.11.219.6
1415,-9642,1649212273.081478000,151.101.229.16
1416,66,1649212273.081502000,10.11.219.6
1417,-9642,1649212273.081569000,151.101.229.16
1418,-8274,1649212273.081571000,151.101.229.16
1419,66,1649212273.081593000,10.11.219.6
1420,-1434,1649212273.083531000,151.101.229.16
1421,-1434,1649212273.083532000,151.101.229.16
1422,66,1649212273.083562000,10.11.219.6
1423,-5538,1649212273.083708000,151.101.229.16
1424,-9642,1649212273.083713000,151.101.229.16
1425,-6906,1649212273.083735000,151.101.229.16
1426,66,1649212273.083777000,10.11.219.6
1427,-2802,1649212273.085922000,151.101.229.16
1428,-2802,1649212273.085923000,151.101.229.16
1429,-505,1649212273.085924000,151.101.229.16
1430,-1434,1649212273.085924000,151.101.229.16
1431,66,1649212273.085944000,10.11.219.6
1432,78,1649212273.085965000,10.11.219.6
1433,66,1649212273.085971000,10.11.219.6
1434,157,1649212273.129373000,10.11.219.6
1435,440,1649212273.131526000,10.11.219.6
1436,-66,1649212273.134828000,13.249.146.146
1437,-66,1649212273.140615000,151.101.229.16
1438,-5538,1649212273.142165000,151.101.229.16
1439,66,1649212273.142234000,10.11.219.6
1440,-5538,1649212273.144410000,151.101.229.16
1441,66,1649212273.144425000,10.11.219.6
1442,-2802,1649212273.144545000,151.101.229.16
1443,-1013,1649212273.144545000,151.101.229.16
1444,-1434,1649212273.144546000,151.101.229.16
1445,-13746,1649212273.144554000,151.101.229.16
1446,66,1649212273.144561000,10.11.219.6
1447,78,1649212273.144574000,10.11.219.6
1448,66,1649212273.144586000,10.11.219.6
1449,66,1649212273.144592000,10.11.219.6
1450,-2802,1649212273.145603000,151.101.229.16
1451,66,1649212273.145619000,10.11.219.6
1452,-5538,1649212273.145653000,151.101.229.16
1453,-299,1649212273.145653000,151.101.229.16
1454,-1434,1649212273.145654000,151.101.229.16
1455,66,1649212273.145662000,10.11.219.6
1456,78,1649212273.145674000,10.11.219.6
1457,66,1649212273.145683000,10.11.219.6
1458,-54,1649212273.164450000,52.119.167.229
1459,-54,1649212273.167653000,52.119.167.229
1460,-5956,1649212273.170232000,52.119.167.229
1461,54,1649212273.170275000,10.11.219.6
1462,180,1649212273.175588000,10.11.219.6
1463,-105,1649212273.299058000,52.119.167.229
1464,54,1649212273.299079000,10.11.219.6
1465,524,1649212273.299511000,10.11.219.6
1466,190,1649212273.346997000,10.11.219.6
1467,-66,1649212273.349449000,13.249.146.146
1468,-1434,1649212273.353034000,13.249.146.146
1469,-330,1649212273.353038000,13.249.146.146
1470,-1434,1649212273.353042000,13.249.146.146
1471,66,1649212273.353122000,10.11.219.6
1472,78,1649212273.353192000,10.11.219.6
1473,66,1649212273.353212000,10.11.219.6
1474,178,1649212273.406217000,10.11.219.6
1475,-66,1649212273.417061000,151.101.229.16
1476,-988,1649212273.418109000,151.101.229.16
1477,66,1649212273.418143000,10.11.219.6
1478,-503,1649212273.450363000,52.119.167.229
1479,54,1649212273.450461000,10.11.219.6
1480,1372,1649212273.506573000,10.11.219.6
1481,1434,1649212273.507976000,10.11.219.6
1482,356,1649212273.507994000,10.11.219.6
1483,982,1649212273.508475000,10.11.219.6
1484,74,1649212273.519025000,10.11.219.6
1485,74,1649212273.522314000,10.11.219.6
1486,149,1649212273.524761000,10.11.219.6
1487,-74,1649212273.526117000,18.65.156.177
1488,66,1649212273.526151000,10.11.219.6
1489,583,1649212273.528175000,10.11.219.6
1490,-66,1649212273.540134000,18.65.156.177
1491,-5538,1649212273.540142000,18.65.156.177
1492,-568,1649212273.540147000,18.65.156.177
1493,-66,1649212273.540148000,151.101.229.16
1494,-2802,1649212273.540150000,151.101.229.16
1495,66,1649212273.540295000,10.11.219.6
1496,66,1649212273.540359000,10.11.219.6
1497,-221,1649212273.540397000,151.101.229.16
1498,-1434,1649212273.540400000,151.101.229.16
1499,78,1649212273.540430000,10.11.219.6
1500,66,1649212273.540463000,10.11.219.6
1501,-84,1649212273.540555000,13.249.146.146
1502,-1434,1649212273.540558000,13.249.146.146
1503,-97,1649212273.540559000,13.249.146.146
1504,78,1649212273.540593000,10.11.219.6
1505,66,1649212273.540622000,10.11.219.6
1506,66,1649212273.540640000,10.11.219.6
1507,130,1649212273.547039000,10.11.219.6
1508,236,1649212273.547310000,10.11.219.6
1509,385,1649212273.547578000,10.11.219.6
1510,-66,1649212273.551244000,18.65.156.177
1511,-128,1649212273.551246000,18.65.156.177
1512,-66,1649212273.551247000,18.65.156.177
1513,-97,1649212273.551247000,18.65.156.177
1514,-66,1649212273.551248000,18.65.156.177
1515,-8274,1649212273.551250000,18.65.156.177
1516,66,1649212273.551284000,10.11.219.6
1517,66,1649212273.551324000,10.11.219.6
1518,66,1649212273.551336000,10.11.219.6
1519,-149,1649212273.551344000,18.65.156.177
1520,78,1649212273.551350000,10.11.219.6
1521,-1434,1649212273.551368000,18.65.156.177
1522,66,1649212273.551375000,10.11.219.6
1523,97,1649212273.553019000,10.11.219.6
1524,-66,1649212273.555732000,18.65.156.177
1525,581,1649212273.568657000,10.11.219.6
1526,74,1649212273.583596000,10.11.219.6
1527,-74,1649212273.587043000,18.65.121.59
1528,66,1649212273.587194000,10.11.219.6
1529,583,1649212273.590701000,10.11.219.6
1530,-66,1649212273.593447000,18.65.121.59
1531,-5538,1649212273.594925000,18.65.121.59
1532,66,1649212273.594943000,10.11.219.6
1533,-567,1649212273.595630000,18.65.121.59
1534,66,1649212273.595636000,10.11.219.6
1535,130,1649212273.607918000,10.11.219.6
1536,501,1649212273.608853000,10.11.219.6
1537,-66,1649212273.610670000,18.65.121.59
1538,-66,1649212273.611971000,18.65.121.59
1539,-5538,1649212273.615835000,18.65.121.59
1540,66,1649212273.615864000,10.11.219.6
1541,-11000,1649212273.615969000,18.65.121.59
1542,66,1649212273.615980000,10.11.219.6
1543,-8274,1649212273.616005000,18.65.121.59
1544,66,1649212273.616009000,10.11.219.6
1545,-6906,1649212273.618087000,18.65.121.59
1546,-9642,1649212273.618097000,18.65.121.59
1547,66,1649212273.618170000,10.11.219.6
1548,66,1649212273.618252000,10.11.219.6
1549,-670,1649212273.618285000,13.249.146.146
1550,66,1649212273.618297000,10.11.219.6
1551,-97,1649212273.620736000,13.249.146.146
1552,-2802,1649212273.620738000,18.65.121.59
1553,66,1649212273.620761000,10.11.219.6
1554,66,1649212273.620795000,10.11.219.6
1555,-7977,1649212273.620848000,18.65.121.59
1556,66,1649212273.620853000,10.11.219.6
1557,273,1649212273.626781000,10.11.219.6
1558,-66,1649212273.629208000,44.233.46.194
1559,-66,1649212273.629209000,44.233.46.194
1560,-235,1649212273.632392000,44.233.46.194
1561,-104,1649212273.632393000,44.233.46.194
1562,66,1649212273.632420000,10.11.219.6
1563,66,1649212273.632445000,10.11.219.6
1564,-66,1649212273.638448000,151.101.229.16
1565,-5538,1649212273.638452000,151.101.229.16
1566,66,1649212273.638525000,10.11.219.6
1567,-368,1649212273.638628000,151.101.229.16
1568,-1434,1649212273.638631000,151.101.229.16
1569,78,1649212273.638645000,10.11.219.6
1570,66,1649212273.638660000,10.11.219.6
1571,-3895,1649212273.639630000,151.101.229.16
1572,66,1649212273.639639000,10.11.219.6
1573,171,1649212273.646246000,10.11.219.6
1574,-66,1649212273.647504000,52.94.215.173
1575,54,1649212273.647534000,10.11.219.6
1576,-236,1649212273.651836000,44.233.46.194
1577,-104,1649212273.651837000,44.233.46.194
1578,66,1649212273.651857000,10.11.219.6
1579,66,1649212273.651878000,10.11.219.6
1580,571,1649212273.657634000,10.11.219.6
1581,-66,1649212273.663382000,151.101.229.16
1582,-8274,1649212273.663394000,151.101.229.16
1583,66,1649212273.663512000,10.11.219.6
1584,-860,1649212273.663623000,151.101.229.16
1585,-1434,1649212273.663624000,151.101.229.16
1586,78,1649212273.663646000,10.11.219.6
1587,66,1649212273.663677000,10.11.219.6
1588,171,1649212273.671227000,10.11.219.6
1589,-66,1649212273.683099000,151.101.229.16
1590,-2542,1649212273.685109000,151.101.229.16
1591,66,1649212273.685123000,10.11.219.6
1592,-7991,1649212273.685175000,151.101.229.16
1593,66,1649212273.685181000,10.11.219.6
1594,222,1649212273.692880000,10.11.219.6
1595,352,1649212273.693095000,10.11.219.6
1596,-235,1649212273.693630000,44.233.46.194
1597,-104,1649212273.693631000,44.233.46.194
1598,66,1649212273.693655000,10.11.219.6
1599,66,1649212273.693676000,10.11.219.6
1600,-66,1649212273.704839000,151.101.229.16
1601,-2802,1649212273.704842000,151.101.229.16
1602,-519,1649212273.704843000,151.101.229.16
1603,-1434,1649212273.704843000,151.101.229.16
1604,-66,1649212273.704843000,151.101.229.16
1605,78,1649212273.704943000,10.11.219.6
1606,66,1649212273.705034000,10.11.219.6
1607,-13746,1649212273.707219000,151.101.229.16
1608,-918,1649212273.707273000,151.101.229.16
1609,-1434,1649212273.707274000,151.101.229.16
1610,-8274,1649212273.707276000,151.101.229.16
1611,78,1649212273.707298000,10.11.219.6
1612,66,1649212273.707321000,10.11.219.6
1613,66,1649212273.707342000,10.11.219.6
1614,-2802,1649212273.709312000,151.101.229.16
1615,66,1649212273.709333000,10.11.219.6
1616,-4170,1649212273.709486000,151.101.229.16
1617,-87,1649212273.709486000,151.101.229.16
1618,-1434,1649212273.709487000,151.101.229.16
1619,-15114,1649212273.709492000,151.101.229.16
1620,78,1649212273.709508000,10.11.219.6
1621,66,1649212273.709518000,10.11.219.6
1622,-87,1649212273.709526000,151.101.229.16
1623,-1434,1649212273.709526000,151.101.229.16
1624,78,1649212273.709529000,10.11.219.6
1625,66,1649212273.709534000,10.11.219.6
1626,-2802,1649212273.712307000,151.101.229.16
1627,66,1649212273.712324000,10.11.219.6
1628,-21954,1649212273.712487000,151.101.229.16
1629,66,1649212273.712886000,10.11.219.6
1630,466,1649212273.713126000,10.11.219.6
1631,163,1649212273.713268000,10.11.219.6
1632,-11010,1649212273.713680000,151.101.229.16
1633,66,1649212273.713698000,10.11.219.6
1634,-2802,1649212273.716046000,151.101.229.16
1635,66,1649212273.716065000,10.11.219.6
1636,-11010,1649212273.716196000,151.101.229.16
1637,-11010,1649212273.716231000,151.101.229.16
1638,66,1649212273.716551000,10.11.219.6
1639,-3797,1649212273.717691000,151.101.229.16
1640,66,1649212273.717708000,10.11.219.6
1641,-66,1649212273.727293000,151.101.229.16
1642,-920,1649212273.727294000,151.101.229.16
1643,66,1649212273.772780000,10.11.219.6
1644,-54,1649212273.775145000,52.94.215.173
1645,-54,1649212273.789695000,52.94.215.173
1646,-6079,1649212273.790725000,52.94.215.173
1647,54,1649212273.790744000,10.11.219.6
1648,180,1649212273.796105000,10.11.219.6
1649,154,1649212273.806313000,10.11.219.6
1650,154,1649212273.806927000,10.11.219.6
1651,178,1649212273.807281000,10.11.219.6
1652,147,1649212273.807634000,10.11.219.6
1653,148,1649212273.808994000,10.11.219.6
1654,149,1649212273.809103000,10.11.219.6
1655,204,1649212273.811320000,10.11.219.6
1656,-66,1649212273.818226000,151.101.229.16
1657,-66,1649212273.818227000,151.101.229.16
1658,-66,1649212273.818227000,151.101.229.16
1659,-66,1649212273.819041000,151.101.229.16
1660,-832,1649212273.821630000,151.101.229.16
1661,-712,1649212273.821633000,151.101.229.16
1662,-5322,1649212273.821635000,151.101.229.16
1663,-1434,1649212273.821636000,151.101.229.16
1664,66,1649212273.821692000,10.11.219.6
1665,66,1649212273.821753000,10.11.219.6
1666,66,1649212273.821784000,10.11.219.6
1667,-1434,1649212273.821891000,151.101.229.16
1668,-581,1649212273.821892000,151.101.229.16
1669,-1434,1649212273.821893000,151.101.229.16
1670,-66,1649212273.821894000,151.101.229.16
1671,-66,1649212273.821894000,151.101.229.16
1672,-5538,1649212273.821896000,151.101.229.16
1673,66,1649212273.821911000,10.11.219.6
1674,78,1649212273.821936000,10.11.219.6
1675,66,1649212273.821946000,10.11.219.6
1676,66,1649212273.821972000,10.11.219.6
1677,-2802,1649212273.823816000,151.101.229.16
1678,66,1649212273.823830000,10.11.219.6
1679,-5538,1649212273.823911000,151.101.229.16
1680,66,1649212273.823917000,10.11.219.6
1681,-899,1649212273.826414000,151.101.229.16
1682,-1434,1649212273.826415000,151.101.229.16
1683,-9642,1649212273.826417000,151.101.229.16
1684,78,1649212273.826437000,10.11.219.6
1685,66,1649212273.826462000,10.11.219.6
1686,66,1649212273.826477000,10.11.219.6
1687,-4170,1649212273.826571000,151.101.229.16
1688,-13746,1649212273.826573000,151.101.229.16
1689,66,1649212273.826579000,10.11.219.6
1690,66,1649212273.826588000,10.11.219.6
1691,-4170,1649212273.826602000,151.101.229.16
1692,66,1649212273.826605000,10.11.219.6
1693,-2802,1649212273.828836000,151.101.229.16
1694,66,1649212273.828855000,10.11.219.6
1695,-6906,1649212273.829025000,151.101.229.16
1696,-66,1649212273.829025000,151.101.229.16
1697,-13746,1649212273.829028000,151.101.229.16
1698,66,1649212273.829037000,10.11.219.6
1699,-2802,1649212273.829059000,151.101.229.16
1700,66,1649212273.829062000,10.11.219.6
1701,66,1649212273.829076000,10.11.219.6
1702,-11010,1649212273.830831000,151.101.229.16
1703,66,1649212273.830844000,10.11.219.6
1704,-2802,1649212273.832912000,151.101.229.16
1705,66,1649212273.832927000,10.11.219.6
1706,-11010,1649212273.833067000,151.101.229.16
1707,66,1649212273.833072000,10.11.219.6
1708,-11010,1649212273.833104000,151.101.229.16
1709,66,1649212273.833108000,10.11.219.6
1710,-2802,1649212273.835559000,151.101.229.16
1711,-8274,1649212273.835569000,151.101.229.16
1712,66,1649212273.835662000,10.11.219.6
1713,66,1649212273.835752000,10.11.219.6
1714,-1434,1649212273.835915000,151.101.229.16
1715,-12378,1649212273.835921000,151.101.229.16
1716,66,1649212273.835936000,10.11.219.6
1717,66,1649212273.835945000,10.11.219.6
1718,-1434,1649212273.837945000,151.101.229.16
1719,-13746,1649212273.837948000,151.101.229.16
1720,66,1649212273.837969000,10.11.219.6
1721,66,1649212273.837991000,10.11.219.6
1722,-11010,1649212273.838024000,151.101.229.16
1723,66,1649212273.838830000,10.11.219.6
1724,-2802,1649212273.840224000,151.101.229.16
1725,-2802,1649212273.840225000,151.101.229.16
1726,-880,1649212273.840230000,151.101.229.16
1727,-235,1649212273.840231000,44.233.46.194
1728,-104,1649212273.840231000,44.233.46.194
1729,-1434,1649212273.840232000,151.101.229.16
1730,66,1649212273.840250000,10.11.219.6
1731,66,1649212273.840275000,10.11.219.6
1732,66,1649212273.840283000,10.11.219.6
1733,78,1649212273.840287000,10.11.219.6
1734,66,1649212273.840291000,10.11.219.6
1735,66,1649212273.840296000,10.11.219.6
1736,74,1649212273.863599000,10.11.219.6
1737,518,1649212273.908983000,10.11.219.6
1738,400,1649212273.911429000,10.11.219.6
1739,-105,1649212273.924230000,52.94.215.173
1740,54,1649212273.924251000,10.11.219.6
1741,1414,1649212273.924484000,10.11.219.6
1742,1414,1649212273.924495000,10.11.219.6
1743,534,1649212273.925131000,10.11.219.6
1744,74,1649212273.946073000,10.11.219.6
1745,-66,1649212273.971397000,13.249.146.146
1746,74,1649212273.972245000,10.11.219.6
1747,74,1649212273.975519000,10.11.219.6
1748,-66,1649212273.989881000,52.94.215.169
1749,54,1649212273.989922000,10.11.219.6
1750,571,1649212273.993214000,10.11.219.6
1751,-669,1649212274.017072000,13.249.146.146
1752,-97,1649212274.017073000,13.249.146.146
1753,66,1649212274.017099000,10.11.219.6
1754,66,1649212274.017132000,10.11.219.6
1755,-235,1649212274.035185000,44.233.46.194
1756,-104,1649212274.035186000,44.233.46.194
1757,66,1649212274.035222000,10.11.219.6
1758,66,1649212274.035243000,10.11.219.6
1759,-54,1649212274.052267000,52.94.215.173
1760,-681,1649212274.064044000,52.94.215.173
1761,-66,1649212274.064045000,52.94.215.169
1762,54,1649212274.064077000,10.11.219.6
1763,54,1649212274.064105000,10.11.219.6
1764,571,1649212274.067479000,10.11.219.6
1765,203,1649212274.079762000,10.11.219.6
1766,161,1649212274.080492000,10.11.219.6
1767,-66,1649212274.091436000,151.101.229.16
1768,-1434,1649212274.091437000,151.101.229.16
1769,66,1649212274.091460000,10.11.219.6
1770,-3539,1649212274.092683000,151.101.229.16
1771,-66,1649212274.092684000,54.240.252.146
1772,-66,1649212274.092684000,151.101.229.16
1773,-537,1649212274.092684000,151.101.229.16
1774,66,1649212274.092698000,10.11.219.6
1775,54,1649212274.092728000,10.11.219.6
1776,78,1649212274.092739000,10.11.219.6
1777,-1434,1649212274.093478000,151.101.229.16
1778,66,1649212274.093495000,10.11.219.6
1779,-66,1649212274.094546000,54.240.252.146
1780,54,1649212274.094565000,10.11.219.6
1781,571,1649212274.096567000,10.11.219.6
1782,571,1649212274.100314000,10.11.219.6
1783,-54,1649212274.118086000,52.94.215.169
1784,-54,1649212274.121371000,52.94.215.169
1785,-5950,1649212274.125205000,52.94.215.169
1786,54,1649212274.125227000,10.11.219.6
1787,180,1649212274.130576000,10.11.219.6
1788,-54,1649212274.180655000,52.94.215.169
1789,-54,1649212274.184925000,52.94.215.169
1790,-2774,1649212274.187290000,52.94.215.169
1791,54,1649212274.187317000,10.11.219.6
1792,-3230,1649212274.187462000,52.94.215.169
1793,54,1649212274.187469000,10.11.219.6
1794,180,1649212274.192298000,10.11.219.6
1795,74,1649212274.194902000,10.11.219.6
1796,1005,1649212274.204198000,10.11.219.6
1797,-66,1649212274.207218000,13.249.146.146
1798,-54,1649212274.209305000,54.240.252.146
1799,-54,1649212274.213505000,54.240.252.146
1800,-5931,1649212274.215156000,54.240.252.146
1801,54,1649212274.215178000,10.11.219.6
1802,-54,1649212274.216695000,54.240.252.146
1803,180,1649212274.220767000,10.11.219.6
1804,553,1649212274.221221000,10.11.219.6
1805,833,1649212274.221508000,10.11.219.6
1806,442,1649212274.221892000,10.11.219.6
1807,-54,1649212274.224253000,54.240.252.146
1808,-5931,1649212274.225783000,54.240.252.146
1809,54,1649212274.225808000,10.11.219.6
1810,180,1649212274.232371000,10.11.219.6
1811,74,1649212274.235408000,10.11.219.6
1812,152,1649212274.250844000,10.11.219.6
1813,-105,1649212274.259574000,52.94.215.169
1814,54,1649212274.259592000,10.11.219.6
1815,672,1649212274.259953000,10.11.219.6
1816,-66,1649212274.261693000,151.101.229.16
1817,74,1649212274.262716000,10.11.219.6
1818,-2594,1649212274.262956000,151.101.229.16
1819,66,1649212274.262975000,10.11.219.6
1820,74,1649212274.263440000,10.11.219.6
1821,211,1649212274.265349000,10.11.219.6
1822,-66,1649212274.276652000,151.101.229.16
1823,-5538,1649212274.279108000,151.101.229.16
1824,66,1649212274.279127000,10.11.219.6
1825,-9642,1649212274.279170000,151.101.229.16
1826,-1101,1649212274.279171000,151.101.229.16
1827,66,1649212274.279180000,10.11.219.6
1828,66,1649212274.279189000,10.11.219.6
1829,-5538,1649212274.281822000,151.101.229.16
1830,66,1649212274.281842000,10.11.219.6
1831,-9642,1649212274.281990000,151.101.229.16
1832,-11010,1649212274.281993000,151.101.229.16
1833,66,1649212274.282006000,10.11.219.6
1834,66,1649212274.282019000,10.11.219.6
1835,-4170,1649212274.286117000,151.101.229.16
1836,-6906,1649212274.286134000,151.101.229.16
1837,66,1649212274.286198000,10.11.219.6
1838,66,1649212274.286288000,10.11.219.6
1839,-8274,1649212274.286417000,151.101.229.16
1840,-5538,1649212274.286418000,151.101.229.16
1841,66,1649212274.286427000,10.11.219.6
1842,66,1649212274.286437000,10.11.219.6
1843,-2802,1649212274.287201000,151.101.229.16
1844,66,1649212274.287209000,10.11.219.6
1845,-6906,1649212274.289833000,151.101.229.16
1846,-6906,1649212274.289839000,151.101.229.16
1847,-5538,1649212274.289900000,151.101.229.16
1848,-2802,1649212274.292051000,151.101.229.16
1849,-11010,1649212274.292054000,151.101.229.16
1850,-4170,1649212274.292147000,151.101.229.16
1851,-13469,1649212274.292154000,151.101.229.16
1852,66,1649212274.299797000,10.11.219.6
1853,74,1649212274.302187000,10.11.219.6
1854,-105,1649212274.308890000,52.94.215.169
1855,54,1649212274.308911000,10.11.219.6
1856,673,1649212274.309233000,10.11.219.6
1857,74,1649212274.310204000,10.11.219.6
1858,-66,1649212274.323889000,52.94.215.169
1859,54,1649212274.323932000,10.11.219.6
1860,571,1649212274.327297000,10.11.219.6
1861,-2136,1649212274.328368000,13.249.146.146
1862,-97,1649212274.328373000,13.249.146.146
1863,66,1649212274.328396000,10.11.219.6
1864,66,1649212274.328415000,10.11.219.6
1865,-105,1649212274.336804000,54.240.252.146
1866,54,1649212274.336825000,10.11.219.6
1867,593,1649212274.337207000,10.11.219.6
1868,-66,1649212274.343206000,44.233.46.194
1869,-235,1649212274.344301000,44.233.46.194
1870,-104,1649212274.344302000,44.233.46.194
1871,-235,1649212274.344303000,44.233.46.194
1872,-104,1649212274.344303000,44.233.46.194
1873,66,1649212274.344329000,10.11.219.6
1874,-234,1649212274.345397000,44.233.46.194
1875,-104,1649212274.345398000,44.233.46.194
1876,-234,1649212274.345398000,44.233.46.194
1877,-104,1649212274.345399000,44.233.46.194
1878,74,1649212274.345950000,10.11.219.6
1879,66,1649212274.346078000,10.11.219.6
1880,-66,1649212274.354005000,52.94.215.169
1881,54,1649212274.354033000,10.11.219.6
1882,-105,1649212274.354962000,54.240.252.146
1883,54,1649212274.354981000,10.11.219.6
1884,571,1649212274.365022000,10.11.219.6
1885,593,1649212274.366412000,10.11.219.6
1886,-66,1649212274.386841000,52.94.215.173
1887,54,1649212274.386893000,10.11.219.6
1888,571,1649212274.395771000,10.11.219.6
1889,203,1649212274.397991000,10.11.219.6
1890,-66,1649212274.409595000,151.101.229.16
1891,-2802,1649212274.418770000,151.101.229.16
1892,66,1649212274.420251000,10.11.219.6
1893,-12378,1649212274.420740000,151.101.229.16
1894,-1085,1649212274.420809000,151.101.229.16
1895,-15114,1649212274.420959000,151.101.229.16
1896,-11010,1649212274.421086000,151.101.229.16
1897,66,1649212274.421604000,10.11.219.6
1898,-4170,1649212274.422781000,151.101.229.16
1899,-1434,1649212274.422782000,151.101.229.16
1900,66,1649212274.422923000,10.11.219.6
1901,-6906,1649212274.423158000,151.101.229.16
1902,-684,1649212274.423159000,151.101.229.16
1903,-1434,1649212274.423160000,151.101.229.16
1904,-9574,1649212274.423168000,52.94.215.169
1905,66,1649212274.423179000,10.11.219.6
1906,78,1649212274.423205000,10.11.219.6
1907,66,1649212274.423214000,10.11.219.6
1908,54,1649212274.423226000,10.11.219.6
1909,-4134,1649212274.424197000,52.94.215.169
1910,54,1649212274.424214000,10.11.219.6
1911,-66,1649212274.425717000,52.94.215.169
1912,54,1649212274.425747000,10.11.219.6
1913,571,1649212274.428958000,10.11.219.6
1914,-66,1649212274.432142000,52.94.234.174
1915,54,1649212274.432194000,10.11.219.6
1916,-66,1649212274.436422000,52.94.215.169
1917,54,1649212274.436461000,10.11.219.6
1918,571,1649212274.439680000,10.11.219.6
1919,571,1649212274.446615000,10.11.219.6
1920,-54,1649212274.453855000,52.94.215.169
1921,-54,1649212274.457493000,52.94.215.169
1922,-5494,1649212274.460752000,52.94.215.169
1923,54,1649212274.460779000,10.11.219.6
1924,-510,1649212274.460808000,52.94.215.169
1925,-689,1649212274.460809000,54.240.252.146
1926,54,1649212274.460816000,10.11.219.6
1927,54,1649212274.460826000,10.11.219.6
1928,-1797,1649212274.466166000,52.94.215.169
1929,-2774,1649212274.466167000,52.94.215.169
1930,54,1649212274.466193000,10.11.219.6
1931,54,1649212274.466212000,10.11.219.6
1932,-8214,1649212274.466573000,52.94.215.169
1933,54,1649212274.466580000,10.11.219.6
1934,180,1649212274.466663000,10.11.219.6
1935,755,1649212274.466843000,10.11.219.6
1936,-66,1649212274.467984000,54.240.252.146
1937,54,1649212274.468010000,10.11.219.6
1938,-54,1649212274.471097000,52.94.215.169
1939,571,1649212274.474931000,10.11.219.6
1940,-54,1649212274.481779000,52.94.215.169
1941,-2774,1649212274.484944000,52.94.215.169
1942,54,1649212274.484976000,10.11.219.6
1943,-3230,1649212274.485016000,52.94.215.169
1944,54,1649212274.485025000,10.11.219.6
1945,180,1649212274.489153000,10.11.219.6
1946,74,1649212274.495922000,10.11.219.6
1947,-689,1649212274.496744000,54.240.252.146
1948,54,1649212274.496762000,10.11.219.6
1949,223,1649212274.499706000,10.11.219.6
1950,-74,1649212274.499717000,18.65.106.74
1951,66,1649212274.499741000,10.11.219.6
1952,583,1649212274.502341000,10.11.219.6
1953,755,1649212274.503852000,10.11.219.6
1954,-66,1649212274.505080000,18.65.106.74
1955,-5538,1649212274.506550000,18.65.106.74
1956,66,1649212274.506570000,10.11.219.6
1957,-567,1649212274.507314000,18.65.106.74
1958,66,1649212274.507325000,10.11.219.6
1959,130,1649212274.510210000,10.11.219.6
1960,531,1649212274.510359000,10.11.219.6
1961,-54,1649212274.510732000,52.94.215.173
1962,-66,1649212274.512543000,151.101.229.16
1963,-2802,1649212274.512544000,151.101.229.16
1964,66,1649212274.512569000,10.11.219.6
1965,-2802,1649212274.513817000,151.101.229.16
1966,-252,1649212274.513818000,151.101.229.16
1967,-66,1649212274.513818000,18.65.106.74
1968,-66,1649212274.513818000,18.65.106.74
1969,-1434,1649212274.513818000,151.101.229.16
1970,66,1649212274.513836000,10.11.219.6
1971,78,1649212274.513842000,10.11.219.6
1972,66,1649212274.513848000,10.11.219.6
1973,-2802,1649212274.514954000,18.65.106.74
1974,-542,1649212274.514955000,18.65.106.74
1975,-1434,1649212274.514955000,18.65.106.74
1976,66,1649212274.514975000,10.11.219.6
1977,78,1649212274.514995000,10.11.219.6
1978,66,1649212274.515003000,10.11.219.6
1979,-54,1649212274.522899000,52.94.215.173
1980,-2774,1649212274.522900000,52.94.215.173
1981,54,1649212274.522918000,10.11.219.6
1982,-3359,1649212274.522953000,52.94.215.173
1983,54,1649212274.522957000,10.11.219.6
1984,180,1649212274.528623000,10.11.219.6
1985,-54,1649212274.548946000,52.94.215.169
1986,546,1649212274.550223000,10.11.219.6
1987,-54,1649212274.554376000,52.94.215.169
1988,-8214,1649212274.554386000,52.94.215.169
1989,54,1649212274.554479000,10.11.219.6
1990,-5494,1649212274.554534000,52.94.215.169
1991,54,1649212274.554540000,10.11.219.6
1992,399,1649212274.554883000,10.11.219.6
1993,404,1649212274.555623000,10.11.219.6
1994,-5950,1649212274.555827000,52.94.215.169
1995,54,1649212274.555839000,10.11.219.6
1996,180,1649212274.560669000,10.11.219.6
1997,402,1649212274.561193000,10.11.219.6
1998,436,1649212274.561417000,10.11.219.6
1999,298,1649212274.562662000,10.11.219.6
2000,413,1649212274.562810000,10.11.219.6
2001,-54,1649212274.562881000,52.94.215.169
2002,-66,1649212274.565014000,13.249.146.146
2003,-54,1649212274.573606000,52.94.215.169
2004,682,1649212274.576875000,10.11.219.6
2005,-2774,1649212274.577104000,52.94.215.169
2006,54,1649212274.577114000,10.11.219.6
2007,-3230,1649212274.578054000,52.94.215.169
2008,54,1649212274.578067000,10.11.219.6
2009,456,1649212274.578207000,10.11.219.6
2010,-66,1649212274.581063000,13.249.146.146
2011,180,1649212274.581444000,10.11.219.6
2012,456,1649212274.581826000,10.11.219.6
2013,-12294,1649212274.583536000,52.94.215.169
2014,54,1649212274.583552000,10.11.219.6
2015,-1414,1649212274.584380000,52.94.215.169
2016,54,1649212274.584392000,10.11.219.6
2017,-696,1649212274.590750000,54.240.252.146
2018,-54,1649212274.590750000,54.240.252.146
2019,-105,1649212274.596041000,52.94.215.169
2020,54,1649212274.596059000,10.11.219.6
2021,672,1649212274.596321000,10.11.219.6
2022,-54,1649212274.598163000,54.240.252.146
2023,-2774,1649212274.600762000,54.240.252.146
2024,54,1649212274.600775000,10.11.219.6
2025,-3211,1649212274.600802000,54.240.252.146
2026,54,1649212274.600807000,10.11.219.6
2027,-54,1649212274.601359000,52.94.234.174
2028,180,1649212274.604062000,10.11.219.6
2029,-105,1649212274.606740000,52.94.215.169
2030,54,1649212274.606764000,10.11.219.6
2031,795,1649212274.607010000,10.11.219.6
2032,-54,1649212274.608862000,52.94.234.174
2033,-150,1649212274.609955000,52.94.234.174
2034,54,1649212274.609973000,10.11.219.6
2035,-5022,1649212274.611464000,52.94.234.174
2036,-392,1649212274.611465000,52.94.234.174
2037,-63,1649212274.611465000,52.94.234.174
2038,54,1649212274.611482000,10.11.219.6
2039,54,1649212274.611500000,10.11.219.6
2040,54,1649212274.611512000,10.11.219.6
2041,204,1649212274.616017000,10.11.219.6
2042,158,1649212274.616479000,10.11.219.6
2043,249,1649212274.616686000,10.11.219.6
2044,249,1649212274.617054000,10.11.219.6
2045,249,1649212274.617342000,10.11.219.6
2046,-66,1649212274.627116000,151.101.229.16
2047,-66,1649212274.629186000,151.101.229.16
2048,-15114,1649212274.629188000,151.101.229.16
2049,66,1649212274.629234000,10.11.219.6
2050,-66,1649212274.631839000,151.101.229.16
2051,-399,1649212274.631840000,151.101.229.16
2052,-1434,1649212274.631840000,151.101.229.16
2053,78,1649212274.631858000,10.11.219.6
2054,66,1649212274.631871000,10.11.219.6
2055,54,1649212274.632725000,10.11.219.6
2056,-8274,1649212274.636681000,151.101.229.16
2057,66,1649212274.636747000,10.11.219.6
2058,-6906,1649212274.636849000,151.101.229.16
2059,-15114,1649212274.636852000,151.101.229.16
2060,66,1649212274.636857000,10.11.219.6
2061,-66,1649212274.636876000,151.101.229.16
2062,-15114,1649212274.636878000,151.101.229.16
2063,66,1649212274.636907000,10.11.219.6
2064,-2802,1649212274.638936000,151.101.229.16
2065,66,1649212274.638948000,10.11.219.6
2066,-12378,1649212274.639140000,151.101.229.16
2067,-11010,1649212274.639157000,151.101.229.16
2068,66,1649212274.639178000,10.11.219.6
2069,-2802,1649212274.641576000,151.101.229.16
2070,66,1649212274.641594000,10.11.219.6
2071,-1434,1649212274.641727000,151.101.229.16
2072,-15114,1649212274.641730000,151.101.229.16
2073,-5538,1649212274.641751000,151.101.229.16
2074,66,1649212274.641772000,10.11.219.6
2075,-2802,1649212274.644214000,151.101.229.16
2076,66,1649212274.644225000,10.11.219.6
2077,-6906,1649212274.644434000,151.101.229.16
2078,-4170,1649212274.644436000,151.101.229.16
2079,-12378,1649212274.644468000,151.101.229.16
2080,66,1649212274.644483000,10.11.219.6
2081,-2802,1649212274.646859000,151.101.229.16
2082,66,1649212274.646874000,10.11.219.6
2083,-696,1649212274.646960000,54.240.252.146
2084,-12378,1649212274.646962000,151.101.229.16
2085,-140,1649212274.646981000,151.101.229.16
2086,-63,1649212274.646981000,52.94.234.174
2087,-1434,1649212274.646982000,151.101.229.16
2088,66,1649212274.646986000,10.11.219.6
2089,66,1649212274.646992000,10.11.219.6
2090,78,1649212274.646995000,10.11.219.6
2091,66,1649212274.647000000,10.11.219.6
2092,-105,1649212274.650899000,52.94.215.173
2093,54,1649212274.650924000,10.11.219.6
2094,1414,1649212274.651257000,10.11.219.6
2095,446,1649212274.651265000,10.11.219.6
2096,-667,1649212274.670197000,13.249.146.146
2097,-97,1649212274.670198000,13.249.146.146
2098,66,1649212274.670216000,10.11.219.6
2099,66,1649212274.670238000,10.11.219.6
2100,-235,1649212274.674719000,44.233.46.194
2101,-104,1649212274.674722000,44.233.46.194
2102,66,1649212274.675431000,10.11.219.6
2103,-66,1649212274.676728000,44.233.46.194
2104,-235,1649212274.678777000,44.233.46.194
2105,-104,1649212274.678778000,44.233.46.194
2106,66,1649212274.678993000,10.11.219.6
2107,-235,1649212274.679848000,44.233.46.194
2108,-104,1649212274.679849000,44.233.46.194
2109,66,1649212274.679960000,10.11.219.6
2110,-66,1649212274.683018000,44.233.46.194
2111,-105,1649212274.685312000,52.94.215.169
2112,-15014,1649212274.685317000,52.94.215.169
2113,54,1649212274.685343000,10.11.219.6
2114,54,1649212274.685367000,10.11.219.6
2115,600,1649212274.686083000,10.11.219.6
2116,-235,1649212274.686335000,44.233.46.194
2117,-104,1649212274.686335000,44.233.46.194
2118,-236,1649212274.686336000,44.233.46.194
2119,-104,1649212274.686336000,44.233.46.194
2120,66,1649212274.686632000,10.11.219.6
2121,-236,1649212274.688428000,44.233.46.194
2122,-104,1649212274.688429000,44.233.46.194
2123,66,1649212274.688579000,10.11.219.6
2124,54,1649212274.692733000,10.11.219.6
2125,-2774,1649212274.701582000,52.94.215.169
2126,54,1649212274.701602000,10.11.219.6
2127,-13654,1649212274.701694000,52.94.215.169
2128,54,1649212274.701706000,10.11.219.6
2129,-766,1649212274.702534000,13.249.146.146
2130,-1434,1649212274.702535000,13.249.146.146
2131,-97,1649212274.702535000,13.249.146.146
2132,-235,1649212274.702535000,44.233.46.194
2133,-104,1649212274.702536000,44.233.46.194
2134,78,1649212274.702550000,10.11.219.6
2135,66,1649212274.702564000,10.11.219.6
2136,66,1649212274.702571000,10.11.219.6
2137,66,1649212274.702882000,10.11.219.6
2138,-235,1649212274.704504000,44.233.46.194
2139,-104,1649212274.704505000,44.233.46.194
2140,66,1649212274.705166000,10.11.219.6
2141,-105,1649212274.708755000,52.94.215.169
2142,54,1649212274.708774000,10.11.219.6
2143,566,1649212274.709262000,10.11.219.6
2144,269,1649212274.720246000,10.11.219.6
2145,186,1649212274.720921000,10.11.219.6
2146,-105,1649212274.727451000,54.240.252.146
2147,54,1649212274.727470000,10.11.219.6
2148,-66,1649212274.731822000,151.101.229.16
2149,-66,1649212274.731822000,151.101.229.16
2150,-2802,1649212274.734186000,151.101.229.16
2151,-176,1649212274.734187000,151.101.229.16
2152,-1434,1649212274.734187000,151.101.229.16
2153,-710,1649212274.734188000,151.101.229.16
2154,-1434,1649212274.734188000,151.101.229.16
2155,78,1649212274.734215000,10.11.219.6
2156,66,1649212274.734235000,10.11.219.6
2157,78,1649212274.734240000,10.11.219.6
2158,66,1649212274.734252000,10.11.219.6
2159,252,1649212274.745258000,10.11.219.6
2160,-2774,1649212274.746484000,52.94.215.169
2161,54,1649212274.746506000,10.11.219.6
2162,-10934,1649212274.746559000,52.94.215.169
2163,54,1649212274.746564000,10.11.219.6
2164,-66,1649212274.757450000,151.101.229.16
2165,-5538,1649212274.763882000,151.101.229.16
2166,66,1649212274.763955000,10.11.219.6
2167,-9642,1649212274.763962000,151.101.229.16
2168,66,1649212274.764026000,10.11.219.6
2169,-1044,1649212274.765345000,151.101.229.16
2170,-15114,1649212274.765348000,151.101.229.16
2171,-1434,1649212274.765378000,151.101.229.16
2172,66,1649212274.765560000,10.11.219.6
2173,-13746,1649212274.768168000,151.101.229.16
2174,66,1649212274.768187000,10.11.219.6
2175,-6906,1649212274.768231000,151.101.229.16
2176,66,1649212274.768942000,10.11.219.6
2177,-8274,1649212274.770194000,151.101.229.16
2178,-13746,1649212274.770197000,151.101.229.16
2179,66,1649212274.770317000,10.11.219.6
2180,-1434,1649212274.770608000,151.101.229.16
2181,-54,1649212274.770609000,52.94.215.169
2182,-6906,1649212274.770610000,151.101.229.16
2183,66,1649212274.770637000,10.11.219.6
2184,74,1649212274.771616000,10.11.219.6
2185,74,1649212274.771949000,10.11.219.6
2186,-2802,1649212274.773190000,151.101.229.16
2187,66,1649212274.773202000,10.11.219.6
2188,-5538,1649212274.773643000,151.101.229.16
2189,-15114,1649212274.773646000,151.101.229.16
2190,-6906,1649212274.773670000,151.101.229.16
2191,66,1649212274.773691000,10.11.219.6
2192,-2802,1649212274.775956000,151.101.229.16
2193,66,1649212274.775969000,10.11.219.6
2194,-5538,1649212274.776348000,151.101.229.16
2195,-4170,1649212274.776349000,151.101.229.16
2196,-15114,1649212274.776356000,151.101.229.16
2197,-2802,1649212274.776389000,151.101.229.16
2198,66,1649212274.776657000,10.11.219.6
2199,-2802,1649212274.778244000,151.101.229.16
2200,66,1649212274.778259000,10.11.219.6
2201,-9642,1649212274.778526000,151.101.229.16
2202,-15114,1649212274.778529000,151.101.229.16
2203,66,1649212274.778553000,10.11.219.6
2204,-2802,1649212274.781068000,151.101.229.16
2205,66,1649212274.781084000,10.11.219.6
2206,-12378,1649212274.781411000,151.101.229.16
2207,66,1649212274.781432000,10.11.219.6
2208,-54,1649212274.781448000,52.94.215.173
2209,-4170,1649212274.781449000,151.101.229.16
2210,-11010,1649212274.781452000,151.101.229.16
2211,66,1649212274.781492000,10.11.219.6
2212,-4170,1649212274.783457000,151.101.229.16
2213,-1434,1649212274.783458000,151.101.229.16
2214,66,1649212274.783478000,10.11.219.6
2215,-13746,1649212274.783769000,151.101.229.16
2216,-11010,1649212274.783801000,151.101.229.16
2217,66,1649212274.783815000,10.11.219.6
2218,-4170,1649212274.785798000,151.101.229.16
2219,-1434,1649212274.785799000,151.101.229.16
2220,66,1649212274.785820000,10.11.219.6
2221,-13746,1649212274.785908000,151.101.229.16
2222,-4170,1649212274.785923000,151.101.229.16
2223,66,1649212274.785923000,10.11.219.6
2224,66,1649212274.785996000,10.11.219.6
2225,-5538,1649212274.788068000,151.101.229.16
2226,66,1649212274.788083000,10.11.219.6
2227,-9642,1649212274.790530000,151.101.229.16
2228,-15114,1649212274.790533000,151.101.229.16
2229,-2802,1649212274.790574000,151.101.229.16
2230,66,1649212274.790631000,10.11.219.6
2231,-12378,1649212274.790666000,151.101.229.16
2232,-1434,1649212274.790677000,151.101.229.16
2233,66,1649212274.790712000,10.11.219.6
2234,-13746,1649212274.792809000,151.101.229.16
2235,66,1649212274.792826000,10.11.219.6
2236,-2802,1649212274.792868000,151.101.229.16
2237,66,1649212274.792930000,10.11.219.6
2238,-1434,1649212274.793021000,151.101.229.16
2239,-54,1649212274.793021000,52.94.234.174
2240,-60,1649212274.793021000,52.94.234.174
2241,-123,1649212274.793022000,52.94.234.174
2242,-15114,1649212274.793024000,151.101.229.16
2243,54,1649212274.793048000,10.11.219.6
2244,54,1649212274.793057000,10.11.219.6
2245,66,1649212274.793061000,10.11.219.6
2246,-659,1649212274.793080000,52.94.215.173
2247,-105,1649212274.793081000,52.94.215.173
2248,-4170,1649212274.793082000,151.101.229.16
2249,54,1649212274.793087000,10.11.219.6
2250,54,1649212274.793094000,10.11.219.6
2251,66,1649212274.793106000,10.11.219.6
2252,507,1649212274.793913000,10.11.219.6
2253,-2802,1649212274.795699000,151.101.229.16
2254,66,1649212274.795714000,10.11.219.6
2255,-8274,1649212274.796060000,151.101.229.16
2256,-15114,1649212274.796063000,151.101.229.16
2257,-4170,1649212274.796090000,151.101.229.16
2258,66,1649212274.796092000,10.11.219.6
2259,66,1649212274.796152000,10.11.219.6
2260,-11010,1649212274.798023000,151.101.229.16
2261,66,1649212274.798045000,10.11.219.6
2262,-4170,1649212274.798089000,151.101.229.16
2263,-4170,1649212274.798090000,151.101.229.16
2264,66,1649212274.798131000,10.11.219.6
2265,-2802,1649212274.800877000,151.101.229.16
2266,66,1649212274.800892000,10.11.219.6
2267,-11010,1649212274.801229000,151.101.229.16
2268,66,1649212274.801236000,10.11.219.6
2269,-16482,1649212274.801287000,151.101.229.16
2270,66,1649212274.801292000,10.11.219.6
2271,177,1649212274.858019000,10.11.219.6
2272,228,1649212274.917059000,10.11.219.6
2273,1355,1649212274.917101000,10.11.219.6
2274,1434,1649212274.917192000,10.11.219.6
2275,1434,1649212274.917197000,10.11.219.6
2276,-1434,1649212274.919660000,151.101.229.16
2277,-1434,1649212274.919661000,151.101.229.16
2278,172,1649212274.919693000,10.11.219.6
2279,-5538,1649212274.919740000,151.101.229.16
2280,66,1649212274.919749000,10.11.219.6
2281,-2802,1649212274.926903000,151.101.229.16
2282,66,1649212274.926919000,10.11.219.6
2283,-8274,1649212274.927086000,151.101.229.16
2284,-11010,1649212274.927089000,151.101.229.16
2285,66,1649212274.927098000,10.11.219.6
2286,66,1649212274.927113000,10.11.219.6
2287,-13746,1649212274.927149000,151.101.229.16
2288,66,1649212274.927154000,10.11.219.6
2289,-5538,1649212274.929087000,151.101.229.16
2290,66,1649212274.929099000,10.11.219.6
2291,-13746,1649212274.929228000,151.101.229.16
2292,66,1649212274.929232000,10.11.219.6
2293,-5538,1649212274.929258000,151.101.229.16
2294,66,1649212274.929265000,10.11.219.6
2295,-26058,1649212274.933996000,151.101.229.16
2296,66,1649212274.934011000,10.11.219.6
2297,-1098,1649212274.934032000,52.94.215.169
2298,54,1649212274.934046000,10.11.219.6
2299,-19218,1649212274.934108000,151.101.229.16
2300,66,1649212274.934160000,10.11.219.6
2301,739,1649212274.934600000,10.11.219.6
2302,-8274,1649212274.936057000,151.101.229.16
2303,66,1649212274.936136000,10.11.219.6
2304,-5538,1649212274.936355000,151.101.229.16
2305,-11010,1649212274.936360000,151.101.229.16
2306,66,1649212274.936570000,10.11.219.6
2307,-5538,1649212274.937971000,151.101.229.16
2308,66,1649212274.937989000,10.11.219.6
2309,-15114,1649212274.938343000,151.101.229.16
2310,-4170,1649212274.938366000,151.101.229.16
2311,66,1649212274.938388000,10.11.219.6
2312,-24690,1649212274.940735000,151.101.229.16
2313,66,1649212274.940804000,10.11.219.6
2314,-4170,1649212274.942930000,151.101.229.16
2315,-20586,1649212274.942937000,151.101.229.16
2316,66,1649212274.942952000,10.11.219.6
2317,66,1649212274.943026000,10.11.219.6
2318,-11010,1649212274.943900000,151.101.229.16
2319,66,1649212274.943923000,10.11.219.6
2320,-24690,1649212274.946196000,151.101.229.16
2321,66,1649212274.946274000,10.11.219.6
2322,74,1649212274.990755000,10.11.219.6
2323,247,1649212274.993144000,10.11.219.6
2324,840,1649212274.993189000,10.11.219.6
2325,74,1649212274.993743000,10.11.219.6
2326,74,1649212275.022147000,10.11.219.6
2327,854,1649212275.028744000,10.11.219.6
2328,697,1649212275.043296000,10.11.219.6
2329,282,1649212275.063872000,10.11.219.6
2330,1434,1649212275.063903000,10.11.219.6
2331,1434,1649212275.063907000,10.11.219.6
2332,1434,1649212275.063914000,10.11.219.6
2333,1434,1649212275.063917000,10.11.219.6
2334,289,1649212275.063925000,10.11.219.6
2335,600,1649212275.064729000,10.11.219.6
2336,-8274,1649212275.065420000,151.101.229.16
2337,66,1649212275.065482000,10.11.219.6
2338,-16482,1649212275.066000000,151.101.229.16
2339,66,1649212275.066058000,10.11.219.6
2340,1434,1649212275.066649000,10.11.219.6
2341,1434,1649212275.066655000,10.11.219.6
2342,-2802,1649212275.069212000,151.101.229.16
2343,66,1649212275.069226000,10.11.219.6
2344,-12378,1649212275.069378000,151.101.229.16
2345,-9642,1649212275.069402000,151.101.229.16
2346,66,1649212275.069404000,10.11.219.6
2347,66,1649212275.069414000,10.11.219.6
2348,-2802,1649212275.071693000,151.101.229.16
2349,66,1649212275.071699000,10.11.219.6
2350,-20586,1649212275.071884000,151.101.229.16
2351,-1434,1649212275.071901000,151.101.229.16
2352,66,1649212275.071933000,10.11.219.6
2353,-11010,1649212275.073126000,151.101.229.16
2354,66,1649212275.073132000,10.11.219.6
2355,-2802,1649212275.075890000,151.101.229.16
2356,66,1649212275.075905000,10.11.219.6
2357,289,1649212275.076716000,10.11.219.6
2358,-2802,1649212275.077943000,151.101.229.16
2359,66,1649212275.077972000,10.11.219.6
2360,-13746,1649212275.078373000,151.101.229.16
2361,-15014,1649212275.078412000,52.94.215.169
2362,54,1649212275.078419000,10.11.219.6
2363,-1414,1649212275.078434000,52.94.215.169
2364,54,1649212275.078437000,10.11.219.6
2365,66,1649212275.078475000,10.11.219.6
2366,-2774,1649212275.081283000,52.94.215.169
2367,54,1649212275.081303000,10.11.219.6
2368,-12227,1649212275.081443000,52.94.215.169
2369,54,1649212275.081451000,10.11.219.6
2370,-533,1649212275.081478000,52.94.215.169
2371,-540,1649212275.081478000,52.94.215.169
2372,-8274,1649212275.081480000,151.101.229.16
2373,54,1649212275.081496000,10.11.219.6
2374,54,1649212275.081504000,10.11.219.6
2375,66,1649212275.081510000,10.11.219.6
2376,1007,1649212275.081839000,10.11.219.6
2377,842,1649212275.082066000,10.11.219.6
2378,-2802,1649212275.084128000,151.101.229.16
2379,-2774,1649212275.084130000,52.94.215.169
2380,-4134,1649212275.084130000,52.94.215.169
2381,-1414,1649212275.084131000,52.94.215.169
2382,66,1649212275.084157000,10.11.219.6
2383,66,1649212275.084181000,10.11.219.6
2384,66,1649212275.084187000,10.11.219.6
2385,66,1649212275.084192000,10.11.219.6
2386,-4134,1649212275.084229000,52.94.215.169
2387,-5494,1649212275.084230000,52.94.215.169
2388,-4134,1649212275.084231000,52.94.215.169
2389,66,1649212275.084237000,10.11.219.6
2390,66,1649212275.084243000,10.11.219.6
2391,66,1649212275.084248000,10.11.219.6
2392,600,1649212275.084657000,10.11.219.6
2393,567,1649212275.084805000,10.11.219.6
2394,-2774,1649212275.085994000,52.94.215.169
2395,66,1649212275.086016000,10.11.219.6
2396,-66,1649212275.086352000,52.94.215.173
2397,-66,1649212275.086353000,52.94.215.173
2398,-283,1649212275.086353000,52.94.234.174
2399,-533,1649212275.086354000,52.94.215.169
2400,-66,1649212275.086355000,13.249.146.146
2401,54,1649212275.086381000,10.11.219.6
2402,54,1649212275.086396000,10.11.219.6
2403,54,1649212275.086406000,10.11.219.6
2404,66,1649212275.086415000,10.11.219.6
2405,-66,1649212275.086452000,13.249.146.146
2406,-66,1649212275.086453000,13.249.146.146
2407,-8274,1649212275.086460000,151.101.229.16
2408,-2774,1649212275.086497000,52.94.215.169
2409,-8274,1649212275.086499000,151.101.229.16
2410,54,1649212275.086505000,10.11.219.6
2411,66,1649212275.086551000,10.11.219.6
2412,-2802,1649212275.089190000,151.101.229.16
2413,66,1649212275.089209000,10.11.219.6
2414,-21954,1649212275.089374000,151.101.229.16
2415,-66,1649212275.089391000,151.101.229.16
2416,-66,1649212275.089391000,151.101.229.16
2417,571,1649212275.090596000,10.11.219.6
2418,-12378,1649212275.091061000,151.101.229.16
2419,-1434,1649212275.091082000,151.101.229.16
2420,-11010,1649212275.091600000,151.101.229.16
2421,-2802,1649212275.093747000,151.101.229.16
2422,-13746,1649212275.093925000,151.101.229.16
2423,-8274,1649212275.093936000,151.101.229.16
2424,-2802,1649212275.096558000,151.101.229.16
2425,-1434,1649212275.096732000,151.101.229.16
2426,-7773,1649212275.096733000,151.101.229.16
2427,-12186,1649212275.096778000,151.101.229.16
2428,-66,1649212275.096784000,151.101.229.16
2429,-5538,1649212275.098771000,151.101.229.16
2430,-19218,1649212275.098913000,151.101.229.16
2431,-2802,1649212275.100954000,151.101.229.16
2432,-4170,1649212275.101264000,151.101.229.16
2433,-17850,1649212275.101280000,151.101.229.16
2434,571,1649212275.102328000,10.11.219.6
2435,66,1649212275.102574000,10.11.219.6
2436,66,1649212275.102779000,10.11.219.6
2437,-15114,1649212275.102889000,151.101.229.16
2438,66,1649212275.102901000,10.11.219.6
2439,-66,1649212275.102912000,151.101.229.16
2440,-275,1649212275.102912000,151.101.229.16
2441,-8274,1649212275.103215000,151.101.229.16
2442,66,1649212275.103238000,10.11.219.6
2443,-2802,1649212275.106015000,151.101.229.16
2444,74,1649212275.106034000,10.11.219.6
2445,66,1649212275.106050000,10.11.219.6
2446,-2227,1649212275.106164000,151.101.229.16
2447,-19218,1649212275.106167000,151.101.229.16
2448,66,1649212275.106174000,10.11.219.6
2449,66,1649212275.106206000,10.11.219.6
2450,-11010,1649212275.107234000,151.101.229.16
2451,66,1649212275.107241000,10.11.219.6
2452,-1434,1649212275.110501000,151.101.229.16
2453,-896,1649212275.110502000,151.101.229.16
2454,-21954,1649212275.110670000,151.101.229.16
2455,66,1649212275.110854000,10.11.219.6
2456,-11010,1649212275.111735000,151.101.229.16
2457,66,1649212275.111748000,10.11.219.6
2458,-66,1649212275.111768000,151.101.229.16
2459,159,1649212275.128289000,10.11.219.6
2460,205,1649212275.128507000,10.11.219.6
2461,191,1649212275.138805000,10.11.219.6
2462,455,1649212275.141126000,10.11.219.6
2463,755,1649212275.149944000,10.11.219.6
2464,1066,1649212275.196737000,10.11.219.6
2465,722,1649212275.212915000,10.11.219.6
2466,-2802,1649212275.221251000,151.101.229.16
2467,66,1649212275.221347000,10.11.219.6
2468,-8274,1649212275.223842000,151.101.229.16
2469,66,1649212275.223867000,10.11.219.6
2470,-20586,1649212275.224018000,151.101.229.16
2471,-1434,1649212275.224029000,151.101.229.16
2472,66,1649212275.224052000,10.11.219.6
2473,-2802,1649212275.226221000,151.101.229.16
2474,66,1649212275.226233000,10.11.219.6
2475,-21954,1649212275.226399000,151.101.229.16
2476,66,1649212275.226432000,10.11.219.6
2477,-2802,1649212275.228896000,151.101.229.16
2478,66,1649212275.228908000,10.11.219.6
2479,-4170,1649212275.229065000,151.101.229.16
2480,-17850,1649212275.229068000,151.101.229.16
2481,66,1649212275.229105000,10.11.219.6
2482,-2802,1649212275.231610000,151.101.229.16
2483,66,1649212275.231625000,10.11.219.6
2484,-11010,1649212275.231762000,151.101.229.16
2485,-11010,1649212275.231793000,151.101.229.16
2486,66,1649212275.231792000,10.11.219.6
2487,66,1649212275.231837000,10.11.219.6
2488,-5538,1649212275.236406000,151.101.229.16
2489,66,1649212275.236420000,10.11.219.6
2490,-16482,1649212275.236565000,151.101.229.16
2491,-2802,1649212275.236582000,151.101.229.16
2492,66,1649212275.236605000,10.11.219.6
2493,-2802,1649212275.239245000,151.101.229.16
2494,66,1649212275.239256000,10.11.219.6
2495,-21954,1649212275.239431000,151.101.229.16
2496,66,1649212275.239463000,10.11.219.6
2497,-2802,1649212275.242031000,151.101.229.16
2498,66,1649212275.242053000,10.11.219.6
2499,-1434,1649212275.242179000,151.101.229.16
2500,-20586,1649212275.242183000,151.101.229.16
2501,66,1649212275.242214000,10.11.219.6
2502,-5538,1649212275.244765000,151.101.229.16
2503,66,1649212275.244782000,10.11.219.6
2504,-6906,1649212275.244939000,151.101.229.16
2505,-12378,1649212275.244942000,151.101.229.16
2506,66,1649212275.244982000,10.11.219.6
2507,1434,1649212275.252731000,10.11.219.6
2508,161,1649212275.254674000,10.11.219.6
2509,203,1649212275.256112000,10.11.219.6
2510,739,1649212275.288765000,10.11.219.6
2511,-5538,1649212275.350272000,151.101.229.16
2512,-5538,1649212275.350339000,151.101.229.16
2513,66,1649212275.350433000,10.11.219.6
2514,74,1649212275.353102000,10.11.219.6
2515,-5538,1649212275.353281000,151.101.229.16
2516,-2802,1649212275.353432000,151.101.229.16
2517,-1098,1649212275.353433000,52.94.215.169
2518,-13638,1649212275.353443000,151.101.229.16
2519,66,1649212275.353463000,10.11.219.6
2520,-1434,1649212275.353486000,151.101.229.16
2521,66,1649212275.353522000,10.11.219.6
2522,-5538,1649212275.356041000,151.101.229.16
2523,66,1649212275.356060000,10.11.219.6
2524,-17850,1649212275.356198000,151.101.229.16
2525,-66,1649212275.356209000,151.101.229.16
2526,-1434,1649212275.356210000,151.101.229.16
2527,66,1649212275.356232000,10.11.219.6
2528,-1434,1649212275.358685000,151.101.229.16
2529,-4170,1649212275.358686000,151.101.229.16
2530,66,1649212275.358712000,10.11.219.6
2531,-12378,1649212275.358805000,151.101.229.16
2532,66,1649212275.358814000,10.11.219.6
2533,-6906,1649212275.358818000,151.101.229.16
2534,66,1649212275.358826000,10.11.219.6
2535,66,1649212275.358904000,10.11.219.6
2536,-9126,1649212275.361673000,151.101.229.16
2537,-1434,1649212275.361674000,151.101.229.16
2538,66,1649212275.361790000,10.11.219.6
2539,-13746,1649212275.361792000,151.101.229.16
2540,-87,1649212275.361797000,151.101.229.16
2541,78,1649212275.361811000,10.11.219.6
2542,-1434,1649212275.363821000,151.101.229.16
2543,-1434,1649212275.363822000,151.101.229.16
2544,66,1649212275.363855000,10.11.219.6
2545,-21954,1649212275.364009000,151.101.229.16
2546,66,1649212275.364071000,10.11.219.6
2547,176,1649212275.366359000,10.11.219.6
2548,-1434,1649212275.366474000,151.101.229.16
2549,-1434,1649212275.366477000,151.101.229.16
2550,66,1649212275.366525000,10.11.219.6
2551,-21954,1649212275.366690000,151.101.229.16
2552,66,1649212275.366821000,10.11.219.6
2553,-1434,1649212275.368894000,151.101.229.16
2554,-23322,1649212275.368899000,151.101.229.16
2555,66,1649212275.368990000,10.11.219.6
2556,-1434,1649212275.371073000,151.101.229.16
2557,-4170,1649212275.371074000,151.101.229.16
2558,66,1649212275.371096000,10.11.219.6
2559,-19218,1649212275.371240000,151.101.229.16
2560,66,1649212275.371273000,10.11.219.6
2561,-1434,1649212275.373786000,151.101.229.16
2562,-1434,1649212275.373787000,151.101.229.16
2563,-1434,1649212275.373958000,151.101.229.16
2564,-20586,1649212275.373961000,151.101.229.16
2565,66,1649212275.373970000,10.11.219.6
2566,66,1649212275.374037000,10.11.219.6
2567,-4170,1649212275.376006000,151.101.229.16
2568,-4170,1649212275.376008000,151.101.229.16
2569,66,1649212275.376023000,10.11.219.6
2570,66,1649212275.376119000,10.11.219.6
2571,-11010,1649212275.376132000,151.101.229.16
2572,-5538,1649212275.376144000,151.101.229.16
2573,66,1649212275.376169000,10.11.219.6
2574,-5538,1649212275.378693000,151.101.229.16
2575,66,1649212275.378701000,10.11.219.6
2576,-13746,1649212275.378845000,151.101.229.16
2577,-5538,1649212275.378871000,151.101.229.16
2578,66,1649212275.378897000,10.11.219.6
2579,203,1649212275.380724000,10.11.219.6
2580,-2802,1649212275.380819000,151.101.229.16
2581,66,1649212275.380835000,10.11.219.6
2582,-16482,1649212275.381095000,151.101.229.16
2583,-5538,1649212275.381125000,151.101.229.16
2584,66,1649212275.381159000,10.11.219.6
2585,-5538,1649212275.383550000,151.101.229.16
2586,66,1649212275.383572000,10.11.219.6
2587,-4170,1649212275.383819000,151.101.229.16
2588,-15114,1649212275.383823000,151.101.229.16
2589,66,1649212275.383873000,10.11.219.6
2590,-945,1649212275.385914000,151.101.229.16
2591,-4290,1649212275.385916000,151.101.229.16
2592,-19218,1649212275.385921000,151.101.229.16
2593,66,1649212275.386015000,10.11.219.6
2594,-2802,1649212275.388140000,151.101.229.16
2595,66,1649212275.388160000,10.11.219.6
2596,-11010,1649212275.388313000,151.101.229.16
2597,-11010,1649212275.388352000,151.101.229.16
2598,66,1649212275.388350000,10.11.219.6
2599,66,1649212275.388410000,10.11.219.6
2600,-5538,1649212275.390777000,151.101.229.16
2601,66,1649212275.390798000,10.11.219.6
2602,-15114,1649212275.390925000,151.101.229.16
2603,-4170,1649212275.390937000,151.101.229.16
2604,66,1649212275.390977000,10.11.219.6
2605,-5538,1649212275.393413000,151.101.229.16
2606,66,1649212275.393420000,10.11.219.6
2607,-19218,1649212275.393569000,151.101.229.16
2608,66,1649212275.393591000,10.11.219.6
2609,-4170,1649212275.395883000,151.101.229.16
2610,-1434,1649212275.395884000,151.101.229.16
2611,66,1649212275.395893000,10.11.219.6
2612,-19218,1649212275.396055000,151.101.229.16
2613,66,1649212275.396088000,10.11.219.6
2614,-5538,1649212275.398678000,151.101.229.16
2615,66,1649212275.398705000,10.11.219.6
2616,-2802,1649212275.398820000,151.101.229.16
2617,-2802,1649212275.398821000,151.101.229.16
2618,-13746,1649212275.398838000,151.101.229.16
2619,66,1649212275.398964000,10.11.219.6
2620,808,1649212275.401309000,10.11.219.6
2621,-13746,1649212275.401723000,151.101.229.16
2622,66,1649212275.401741000,10.11.219.6
2623,-540,1649212275.401789000,52.94.215.169
2624,-66,1649212275.401790000,52.94.215.173
2625,-54,1649212275.401790000,52.94.215.169
2626,-1414,1649212275.401791000,52.94.215.169
2627,66,1649212275.401807000,10.11.219.6
2628,54,1649212275.401828000,10.11.219.6
2629,66,1649212275.401843000,10.11.219.6
2630,-66,1649212275.402109000,44.233.46.194
2631,-66,1649212275.402110000,44.233.46.194
2632,-108,1649212275.402111000,44.233.46.194
2633,-945,1649212275.402111000,151.101.229.16
2634,-66,1649212275.402112000,44.233.46.194
2635,-66,1649212275.402112000,44.233.46.194
2636,-66,1649212275.402113000,52.94.215.173
2637,-540,1649212275.402113000,52.94.215.169
2638,1434,1649212275.402142000,10.11.219.6
2639,1434,1649212275.402153000,10.11.219.6
2640,1434,1649212275.402173000,10.11.219.6
2641,1434,1649212275.402178000,10.11.219.6
2642,78,1649212275.402192000,10.11.219.6
2643,54,1649212275.402213000,10.11.219.6
2644,54,1649212275.402223000,10.11.219.6
2645,-54,1649212275.402259000,52.94.215.169
2646,-66,1649212275.402260000,44.233.46.194
2647,-66,1649212275.402260000,52.94.215.173
2648,-288,1649212275.402261000,13.249.146.146
2649,-1434,1649212275.402261000,13.249.146.146
2650,-97,1649212275.402262000,13.249.146.146
2651,-1414,1649212275.402263000,52.94.215.169
2652,-2774,1649212275.402264000,52.94.215.169
2653,54,1649212275.402281000,10.11.219.6
2654,78,1649212275.402293000,10.11.219.6
2655,66,1649212275.402301000,10.11.219.6
2656,66,1649212275.402307000,10.11.219.6
2657,66,1649212275.402316000,10.11.219.6
2658,66,1649212275.402323000,10.11.219.6
2659,1434,1649212275.403136000,10.11.219.6
2660,1434,1649212275.403146000,10.11.219.6
2661,1434,1649212275.403161000,10.11.219.6
2662,1434,1649212275.403166000,10.11.219.6
2663,-2774,1649212275.405086000,52.94.215.169
2664,66,1649212275.405098000,10.11.219.6
2665,-54,1649212275.405303000,52.94.215.173
2666,-10415,1649212275.405305000,52.94.215.169
2667,54,1649212275.405314000,10.11.219.6
2668,-54,1649212275.405340000,52.94.215.173
2669,-6079,1649212275.405341000,52.94.215.173
2670,-54,1649212275.405341000,52.94.215.173
2671,-2774,1649212275.405342000,52.94.215.169
2672,54,1649212275.405348000,10.11.219.6
2673,66,1649212275.405352000,10.11.219.6
2674,-4134,1649212275.405355000,52.94.215.169
2675,54,1649212275.405357000,10.11.219.6
2676,1434,1649212275.405942000,10.11.219.6
2677,1434,1649212275.405945000,10.11.219.6
2678,1434,1649212275.405951000,10.11.219.6
2679,1434,1649212275.405952000,10.11.219.6
2680,571,1649212275.406011000,10.11.219.6
2681,-5494,1649212275.407999000,52.94.215.169
2682,-5072,1649212275.408124000,52.94.215.169
2683,-540,1649212275.408125000,52.94.215.169
2684,-533,1649212275.408125000,52.94.215.169
2685,54,1649212275.408153000,10.11.219.6
2686,54,1649212275.408175000,10.11.219.6
2687,-66,1649212275.408236000,13.249.146.146
2688,-66,1649212275.408237000,52.119.163.144
2689,-66,1649212275.408237000,151.101.229.16
2690,-11010,1649212275.408240000,151.101.229.16
2691,54,1649212275.408265000,10.11.219.6
2692,66,1649212275.408277000,10.11.219.6
2693,1434,1649212275.408623000,10.11.219.6
2694,1434,1649212275.408628000,10.11.219.6
2695,1434,1649212275.408636000,10.11.219.6
2696,1434,1649212275.408639000,10.11.219.6
2697,-8274,1649212275.410293000,151.101.229.16
2698,-4170,1649212275.410886000,151.101.229.16
2699,-66,1649212275.410887000,151.101.229.16
2700,-66,1649212275.410887000,151.101.229.16
2701,-66,1649212275.410887000,151.101.229.16
2702,-66,1649212275.410887000,151.101.229.16
2703,-1071,1649212275.410888000,151.101.229.16
2704,66,1649212275.410919000,10.11.219.6
2705,-9642,1649212275.410955000,151.101.229.16
2706,-2802,1649212275.410956000,151.101.229.16
2707,66,1649212275.410960000,10.11.219.6
2708,66,1649212275.410965000,10.11.219.6
2709,1434,1649212275.411497000,10.11.219.6
2710,1434,1649212275.411507000,10.11.219.6
2711,-1434,1649212275.413502000,151.101.229.16
2712,-899,1649212275.413503000,151.101.229.16
2713,-1434,1649212275.413503000,151.101.229.16
2714,-1434,1649212275.413503000,151.101.229.16
2715,66,1649212275.413523000,10.11.219.6
2716,78,1649212275.413569000,10.11.219.6
2717,66,1649212275.413575000,10.11.219.6
2718,66,1649212275.413581000,10.11.219.6
2719,-8274,1649212275.413652000,151.101.229.16
2720,-11010,1649212275.413654000,151.101.229.16
2721,66,1649212275.413661000,10.11.219.6
2722,180,1649212275.415509000,10.11.219.6
2723,780,1649212275.415720000,10.11.219.6
2724,784,1649212275.415815000,10.11.219.6
2725,66,1649212275.417046000,10.11.219.6
2726,54,1649212275.417546000,10.11.219.6
2727,571,1649212275.422778000,10.11.219.6
2728,571,1649212275.426846000,10.11.219.6
2729,571,1649212275.433534000,10.11.219.6
2730,152,1649212275.439799000,10.11.219.6
2731,842,1649212275.448788000,10.11.219.6
2732,181,1649212275.452997000,10.11.219.6
2733,755,1649212275.512737000,10.11.219.6
2734,755,1649212275.517074000,10.11.219.6
2735,-1434,1649212275.520736000,151.101.229.16
2736,66,1649212275.520752000,10.11.219.6
2737,-1434,1649212275.520769000,151.101.229.16
2738,66,1649212275.520772000,10.11.219.6
2739,-1434,1649212275.520778000,151.101.229.16
2740,66,1649212275.520780000,10.11.219.6
2741,-1434,1649212275.520783000,151.101.229.16
2742,189,1649212275.520791000,10.11.219.6
2743,-1434,1649212275.520803000,151.101.229.16
2744,66,1649212275.520806000,10.11.219.6
2745,-1434,1649212275.520809000,151.101.229.16
2746,66,1649212275.520812000,10.11.219.6
2747,-1434,1649212275.520818000,151.101.229.16
2748,-1434,1649212275.520820000,151.101.229.16
2749,-1434,1649212275.520824000,151.101.229.16
2750,-1434,1649212275.520825000,151.101.229.16
2751,66,1649212275.520825000,10.11.219.6
2752,-1434,1649212275.520828000,151.101.229.16
2753,-1434,1649212275.520829000,151.101.229.16
2754,-1434,1649212275.520832000,151.101.229.16
2755,-1434,1649212275.520834000,151.101.229.16
2756,-54,1649212275.520835000,52.94.215.173
2757,-1434,1649212275.520842000,151.101.229.16
2758,78,1649212275.520846000,10.11.219.6
2759,-1434,1649212275.520850000,151.101.229.16
2760,78,1649212275.520853000,10.11.219.6
2761,66,1649212275.521757000,10.11.219.6
2762,74,1649212275.524111000,10.11.219.6
2763,-13746,1649212275.525874000,151.101.229.16
2764,78,1649212275.525892000,10.11.219.6
2765,-8274,1649212275.525924000,151.101.229.16
2766,78,1649212275.527037000,10.11.219.6
2767,-4170,1649212275.527500000,151.101.229.16
2768,-6906,1649212275.527502000,151.101.229.16
2769,66,1649212275.527516000,10.11.219.6
2770,78,1649212275.528628000,10.11.219.6
2771,-2802,1649212275.534836000,151.101.229.16
2772,66,1649212275.534852000,10.11.219.6
2773,-1434,1649212275.534983000,151.101.229.16
2774,-9642,1649212275.534985000,151.101.229.16
2775,-9642,1649212275.535030000,151.101.229.16
2776,-6079,1649212275.535032000,52.94.215.173
2777,54,1649212275.535040000,10.11.219.6
2778,78,1649212275.536110000,10.11.219.6
2779,-9642,1649212275.536663000,151.101.229.16
2780,-4170,1649212275.536664000,151.101.229.16
2781,-11010,1649212275.537105000,151.101.229.16
2782,78,1649212275.537795000,10.11.219.6
2783,-2802,1649212275.539024000,151.101.229.16
2784,-9642,1649212275.539611000,151.101.229.16
2785,-6906,1649212275.539613000,151.101.229.16
2786,-5538,1649212275.539642000,151.101.229.16
2787,78,1649212275.540149000,10.11.219.6
2788,-2802,1649212275.541460000,151.101.229.16
2789,-1434,1649212275.542049000,151.101.229.16
2790,-97,1649212275.542050000,13.249.146.146
2791,-9642,1649212275.542052000,151.101.229.16
2792,78,1649212275.542073000,10.11.219.6
2793,-6906,1649212275.542121000,151.101.229.16
2794,-4170,1649212275.542122000,151.101.229.16
2795,-5538,1649212275.544313000,151.101.229.16
2796,-8274,1649212275.544428000,151.101.229.16
2797,78,1649212275.545552000,10.11.219.6
2798,-9642,1649212275.546544000,151.101.229.16
2799,-4170,1649212275.546546000,151.101.229.16
2800,66,1649212275.546675000,10.11.219.6
2801,-19218,1649212275.547054000,151.101.229.16
2802,78,1649212275.547676000,10.11.219.6
2803,-2802,1649212275.548991000,151.101.229.16
2804,-1434,1649212275.549586000,151.101.229.16
2805,-54,1649212275.549587000,52.94.215.169
2806,-19218,1649212275.549590000,151.101.229.16
2807,-1434,1649212275.549609000,151.101.229.16
2808,78,1649212275.550117000,10.11.219.6
2809,180,1649212275.555557000,10.11.219.6
2810,198,1649212275.555845000,10.11.219.6
2811,310,1649212275.556079000,10.11.219.6
2812,178,1649212275.574063000,10.11.219.6
2813,677,1649212275.603466000,10.11.219.6
2814,678,1649212275.607215000,10.11.219.6
2815,-1434,1649212275.653259000,151.101.229.16
2816,-1414,1649212275.653260000,52.94.215.169
2817,656,1649212275.653283000,10.11.219.6
2818,54,1649212275.653306000,10.11.219.6
2819,-590,1649212275.653435000,52.94.215.169
2820,-696,1649212275.653436000,54.240.252.146
2821,-2178,1649212275.653436000,13.249.146.146
2822,-97,1649212275.653437000,13.249.146.146
2823,-1434,1649212275.653437000,151.101.229.16
2824,-16482,1649212275.653440000,151.101.229.16
2825,54,1649212275.653447000,10.11.219.6
2826,54,1649212275.653459000,10.11.219.6
2827,66,1649212275.653465000,10.11.219.6
2828,66,1649212275.653469000,10.11.219.6
2829,78,1649212275.653474000,10.11.219.6
2830,755,1649212275.654427000,10.11.219.6
2831,78,1649212275.654588000,10.11.219.6
2832,-11010,1649212275.654761000,151.101.229.16
2833,78,1649212275.655885000,10.11.219.6
2834,-5538,1649212275.656796000,151.101.229.16
2835,-2802,1649212275.656798000,151.101.229.16
2836,-16482,1649212275.657307000,151.101.229.16
2837,78,1649212275.657924000,10.11.219.6
2838,-2802,1649212275.659146000,151.101.229.16
2839,-6906,1649212275.659864000,151.101.229.16
2840,-66,1649212275.659865000,151.101.229.16
2841,-66,1649212275.659865000,151.101.229.16
2842,-15114,1649212275.659868000,151.101.229.16
2843,78,1649212275.660271000,10.11.219.6
2844,-17850,1649212275.662419000,151.101.229.16
2845,-6906,1649212275.662473000,151.101.229.16
2846,78,1649212275.663575000,10.11.219.6
2847,-13746,1649212275.664221000,151.101.229.16
2848,-11010,1649212275.664685000,151.101.229.16
2849,78,1649212275.665411000,10.11.219.6
2850,-5538,1649212275.666545000,151.101.229.16
2851,66,1649212275.666574000,10.11.219.6
2852,-5538,1649212275.667004000,151.101.229.16
2853,-4170,1649212275.667006000,151.101.229.16
2854,-4170,1649212275.667007000,151.101.229.16
2855,66,1649212275.667023000,10.11.219.6
2856,66,1649212275.667043000,10.11.219.6
2857,66,1649212275.667049000,10.11.219.6
2858,-2802,1649212275.667065000,151.101.229.16
2859,-2802,1649212275.667066000,151.101.229.16
2860,66,1649212275.667071000,10.11.219.6
2861,66,1649212275.667076000,10.11.219.6
2862,-2802,1649212275.669510000,151.101.229.16
2863,66,1649212275.669530000,10.11.219.6
2864,-2802,1649212275.669677000,151.101.229.16
2865,-2802,1649212275.669678000,151.101.229.16
2866,-2802,1649212275.669678000,151.101.229.16
2867,-2802,1649212275.669679000,151.101.229.16
2868,66,1649212275.669691000,10.11.219.6
2869,66,1649212275.669700000,10.11.219.6
2870,66,1649212275.669705000,10.11.219.6
2871,66,1649212275.669709000,10.11.219.6
2872,-66,1649212275.669733000,151.101.229.16
2873,-2802,1649212275.669734000,151.101.229.16
2874,-2802,1649212275.669735000,151.101.229.16
2875,-2802,1649212275.669735000,151.101.229.16
2876,-2802,1649212275.669736000,151.101.229.16
2877,66,1649212275.669745000,10.11.219.6
2878,66,1649212275.669751000,10.11.219.6
2879,66,1649212275.669756000,10.11.219.6
2880,66,1649212275.669760000,10.11.219.6
2881,-24690,1649212275.672630000,151.101.229.16
2882,78,1649212275.673762000,10.11.219.6
2883,-2461,1649212275.674260000,151.101.229.16
2884,-78,1649212275.674261000,151.101.229.16
2885,-793,1649212275.674261000,151.101.229.16
2886,-2802,1649212275.674262000,151.101.229.16
2887,-2802,1649212275.674262000,151.101.229.16
2888,66,1649212275.674279000,10.11.219.6
2889,-2802,1649212275.674311000,151.101.229.16
2890,-1434,1649212275.674311000,151.101.229.16
2891,66,1649212275.674485000,10.11.219.6
2892,-1434,1649212275.674744000,151.101.229.16
2893,-2802,1649212275.674745000,151.101.229.16
2894,-2802,1649212275.674746000,151.101.229.16
2895,-2802,1649212275.674747000,151.101.229.16
2896,-1434,1649212275.674748000,151.101.229.16
2897,78,1649212275.675422000,10.11.219.6
2898,-1434,1649212275.676691000,151.101.229.16
2899,-1434,1649212275.676692000,151.101.229.16
2900,-1434,1649212275.677322000,151.101.229.16
2901,-2802,1649212275.677323000,151.101.229.16
2902,-2802,1649212275.677323000,151.101.229.16
2903,-2802,1649212275.677324000,151.101.229.16
2904,-2802,1649212275.677325000,151.101.229.16
2905,-2802,1649212275.677367000,151.101.229.16
2906,-4170,1649212275.677368000,151.101.229.16
2907,-2802,1649212275.677369000,151.101.229.16
2908,78,1649212275.677834000,10.11.219.6
2909,-2802,1649212275.679828000,151.101.229.16
2910,-2802,1649212275.679829000,151.101.229.16
2911,-2802,1649212275.679831000,151.101.229.16
2912,-2802,1649212275.679891000,151.101.229.16
2913,-2802,1649212275.679892000,151.101.229.16
2914,-2802,1649212275.679893000,151.101.229.16
2915,-2802,1649212275.679894000,151.101.229.16
2916,-2802,1649212275.679911000,151.101.229.16
2917,-2802,1649212275.679911000,151.101.229.16
2918,74,1649212275.680922000,10.11.219.6
2919,78,1649212275.680952000,10.11.219.6
2920,-2802,1649212275.681491000,151.101.229.16
2921,-2802,1649212275.681493000,151.101.229.16
2922,-2802,1649212275.681494000,151.101.229.16
2923,-2802,1649212275.681494000,151.101.229.16
2924,-2802,1649212275.681536000,151.101.229.16
2925,-2802,1649212275.681863000,151.101.229.16
2926,-2802,1649212275.681864000,151.101.229.16
2927,-2802,1649212275.681865000,151.101.229.16
2928,-2802,1649212275.681866000,151.101.229.16
2929,74,1649212275.682492000,10.11.219.6
2930,78,1649212275.682647000,10.11.219.6
2931,-2802,1649212275.686767000,151.101.229.16
2932,-2802,1649212275.686950000,151.101.229.16
2933,-2802,1649212275.686951000,151.101.229.16
2934,-4170,1649212275.686952000,151.101.229.16
2935,-2802,1649212275.686953000,151.101.229.16
2936,-2802,1649212275.686989000,151.101.229.16
2937,-2802,1649212275.686990000,151.101.229.16
2938,-2802,1649212275.686991000,151.101.229.16
2939,-2802,1649212275.686991000,151.101.229.16
2940,-2802,1649212275.687012000,151.101.229.16
2941,-2802,1649212275.687013000,151.101.229.16
2942,-1434,1649212275.687013000,151.101.229.16
2943,78,1649212275.687898000,10.11.219.6
2944,-1434,1649212275.688612000,151.101.229.16
2945,-2802,1649212275.688613000,151.101.229.16
2946,-2802,1649212275.688614000,151.101.229.16
2947,-2802,1649212275.688615000,151.101.229.16
2948,-1434,1649212275.688615000,151.101.229.16
2949,-1434,1649212275.689190000,151.101.229.16
2950,-2802,1649212275.689191000,151.101.229.16
2951,-2802,1649212275.689192000,151.101.229.16
2952,-2802,1649212275.689193000,151.101.229.16
2953,-2802,1649212275.689193000,151.101.229.16
2954,-2802,1649212275.689214000,151.101.229.16
2955,-1434,1649212275.689214000,151.101.229.16
2956,78,1649212275.689740000,10.11.219.6
2957,185,1649212275.693442000,10.11.219.6
2958,-1434,1649212275.696578000,151.101.229.16
2959,-1434,1649212275.696579000,151.101.229.16
2960,-1434,1649212275.696741000,151.101.229.16
2961,-2802,1649212275.696742000,151.101.229.16
2962,-2802,1649212275.696743000,151.101.229.16
2963,-2802,1649212275.696743000,151.101.229.16
2964,-4170,1649212275.696744000,151.101.229.16
2965,-2802,1649212275.696774000,151.101.229.16
2966,-2802,1649212275.696775000,151.101.229.16
2967,-2802,1649212275.696775000,151.101.229.16
2968,-2802,1649212275.696776000,151.101.229.16
2969,78,1649212275.697711000,10.11.219.6
2970,-2802,1649212275.698404000,151.101.229.16
2971,-2802,1649212275.698405000,151.101.229.16
2972,-2802,1649212275.698406000,151.101.229.16
2973,-2802,1649212275.698407000,151.101.229.16
2974,-2802,1649212275.698760000,151.101.229.16
2975,-2802,1649212275.698761000,151.101.229.16
2976,-2802,1649212275.698762000,151.101.229.16
2977,-2802,1649212275.698762000,151.101.229.16
2978,-2802,1649212275.698778000,151.101.229.16
2979,78,1649212275.699534000,10.11.219.6
2980,-2802,1649212275.700416000,151.101.229.16
2981,-2802,1649212275.700417000,151.101.229.16
2982,-2802,1649212275.700984000,151.101.229.16
2983,-2802,1649212275.700985000,151.101.229.16
2984,-2802,1649212275.700985000,151.101.229.16
2985,-2802,1649212275.700986000,151.101.229.16
2986,-2802,1649212275.701012000,151.101.229.16
2987,-2802,1649212275.701012000,151.101.229.16
2988,-1414,1649212275.701013000,52.94.215.173
2989,-1434,1649212275.701013000,151.101.229.16
2990,66,1649212275.701026000,10.11.219.6
2991,78,1649212275.701536000,10.11.219.6
2992,-1434,1649212275.703738000,151.101.229.16
2993,-1434,1649212275.703739000,151.101.229.16
2994,-2802,1649212275.703740000,151.101.229.16
2995,-2802,1649212275.703863000,151.101.229.16
2996,-2802,1649212275.703864000,151.101.229.16
2997,-2802,1649212275.703865000,151.101.229.16
2998,-2802,1649212275.703865000,151.101.229.16
2999,-2802,1649212275.703889000,151.101.229.16
3000,-2802,1649212275.703890000,151.101.229.16
3001,-2802,1649212275.703891000,151.101.229.16
3002,78,1649212275.704878000,10.11.219.6
3003,-2802,1649212275.705696000,151.101.229.16
3004,-2802,1649212275.705698000,151.101.229.16
3005,-2802,1649212275.705698000,151.101.229.16
3006,-2802,1649212275.706214000,151.101.229.16
3007,-54,1649212275.706215000,52.94.215.169
3008,-2802,1649212275.706215000,151.101.229.16
3009,-2802,1649212275.706216000,151.101.229.16
3010,-2802,1649212275.706217000,151.101.229.16
3011,-2802,1649212275.706245000,151.101.229.16
3012,-2802,1649212275.706246000,151.101.229.16
3013,78,1649212275.706828000,10.11.219.6
3014,187,1649212275.707630000,10.11.219.6
3015,-2802,1649212275.708080000,151.101.229.16
3016,-2802,1649212275.708081000,151.101.229.16
3017,-2802,1649212275.708082000,151.101.229.16
3018,-2802,1649212275.709037000,151.101.229.16
3019,-2802,1649212275.709038000,151.101.229.16
3020,-2802,1649212275.709039000,151.101.229.16
3021,-1434,1649212275.709039000,151.101.229.16
3022,-2802,1649212275.709040000,151.101.229.16
3023,-2802,1649212275.709074000,151.101.229.16
3024,-1434,1649212275.709075000,151.101.229.16
3025,78,1649212275.709208000,10.11.219.6
3026,-1434,1649212275.711265000,151.101.229.16
3027,-2802,1649212275.711266000,151.101.229.16
3028,-2802,1649212275.711267000,151.101.229.16
3029,-2802,1649212275.711267000,151.101.229.16
3030,-2802,1649212275.711268000,151.101.229.16
3031,-2802,1649212275.711310000,151.101.229.16
3032,-2802,1649212275.711311000,151.101.229.16
3033,-2802,1649212275.711312000,151.101.229.16
3034,-2802,1649212275.711312000,151.101.229.16
3035,-1434,1649212275.711320000,151.101.229.16
3036,78,1649212275.712393000,10.11.219.6
3037,-1434,1649212275.713083000,151.101.229.16
3038,-66,1649212275.713084000,52.119.163.144
3039,-2802,1649212275.713085000,151.101.229.16
3040,-1434,1649212275.713085000,151.101.229.16
3041,54,1649212275.713105000,10.11.219.6
3042,-1434,1649212275.713757000,151.101.229.16
3043,-2802,1649212275.713758000,151.101.229.16
3044,-2802,1649212275.713759000,151.101.229.16
3045,-2802,1649212275.713760000,151.101.229.16
3046,-108,1649212275.713760000,44.233.46.194
3047,1434,1649212275.713797000,10.11.219.6
3048,1434,1649212275.713812000,10.11.219.6
3049,-54,1649212275.713842000,52.94.215.173
3050,-66,1649212275.713843000,44.233.46.194
3051,-66,1649212275.713843000,44.233.46.194
3052,-108,1649212275.713843000,44.233.46.194
3053,-54,1649212275.713844000,52.94.215.173
3054,-54,1649212275.713844000,52.94.215.173
3055,-6079,1649212275.713845000,52.94.215.173
3056,1434,1649212275.713861000,10.11.219.6
3057,1434,1649212275.713865000,10.11.219.6
3058,66,1649212275.713874000,10.11.219.6
3059,54,1649212275.713884000,10.11.219.6
3060,-66,1649212275.713901000,44.233.46.194
3061,-66,1649212275.713901000,44.233.46.194
3062,-66,1649212275.713902000,44.233.46.194
3063,-66,1649212275.713902000,44.233.46.194
3064,-54,1649212275.713902000,52.94.215.173
3065,-66,1649212275.713903000,44.233.46.194
3066,-108,1649212275.713903000,44.233.46.194
3067,66,1649212275.713933000,10.11.219.6
3068,-66,1649212275.713942000,44.233.46.194
3069,-108,1649212275.713942000,44.233.46.194
3070,-696,1649212275.713942000,54.240.252.146
3071,66,1649212275.713948000,10.11.219.6
3072,54,1649212275.713956000,10.11.219.6
3073,78,1649212275.714203000,10.11.219.6
3074,1434,1649212275.714682000,10.11.219.6
3075,1434,1649212275.714690000,10.11.219.6
3076,1434,1649212275.714701000,10.11.219.6
3077,1434,1649212275.714703000,10.11.219.6
3078,378,1649212275.715328000,10.11.219.6
3079,571,1649212275.716807000,10.11.219.6
3080,1434,1649212275.717035000,10.11.219.6
3081,1434,1649212275.717042000,10.11.219.6
3082,1434,1649212275.717050000,10.11.219.6
3083,1434,1649212275.717052000,10.11.219.6
3084,-54,1649212275.717321000,52.119.163.144
3085,-2802,1649212275.717322000,151.101.229.16
3086,-66,1649212275.717322000,151.101.229.16
3087,-2802,1649212275.717323000,151.101.229.16
3088,-2802,1649212275.717323000,151.101.229.16
3089,-2802,1649212275.717374000,151.101.229.16
3090,-2802,1649212275.717375000,151.101.229.16
3091,-66,1649212275.717375000,151.101.229.16
3092,-2802,1649212275.717376000,151.101.229.16
3093,-2802,1649212275.717799000,151.101.229.16
3094,-2802,1649212275.717803000,151.101.229.16
3095,-2802,1649212275.717804000,151.101.229.16
3096,78,1649212275.718457000,10.11.219.6
3097,-1434,1649212275.720523000,151.101.229.16
3098,-2802,1649212275.720525000,151.101.229.16
3099,-1434,1649212275.720525000,151.101.229.16
3100,-1434,1649212275.720648000,151.101.229.16
3101,-2802,1649212275.720649000,151.101.229.16
3102,-2802,1649212275.720650000,151.101.229.16
3103,-2802,1649212275.720650000,151.101.229.16
3104,-2802,1649212275.720651000,151.101.229.16
3105,-2802,1649212275.720686000,151.101.229.16
3106,-2802,1649212275.720687000,151.101.229.16
3107,-66,1649212275.720687000,151.101.229.16
3108,-1434,1649212275.720688000,151.101.229.16
3109,1434,1649212275.720913000,10.11.219.6
3110,1359,1649212275.720927000,10.11.219.6
3111,78,1649212275.721657000,10.11.219.6
3112,180,1649212275.722345000,10.11.219.6
3113,66,1649212275.722818000,10.11.219.6
3114,-1434,1649212275.723049000,151.101.229.16
3115,-2802,1649212275.723053000,151.101.229.16
3116,-2802,1649212275.723054000,151.101.229.16
3117,-2642,1649212275.723055000,151.101.229.16
3118,-2802,1649212275.723056000,151.101.229.16
3119,66,1649212275.723089000,10.11.219.6
3120,-2802,1649212275.723104000,151.101.229.16
3121,-1434,1649212275.723104000,151.101.229.16
3122,66,1649212275.723312000,10.11.219.6
3123,-1434,1649212275.723401000,151.101.229.16
3124,-2802,1649212275.723402000,151.101.229.16
3125,-602,1649212275.723403000,151.101.229.16
3126,-2802,1649212275.723403000,151.101.229.16
3127,66,1649212275.723435000,10.11.219.6
3128,66,1649212275.723515000,10.11.219.6
3129,678,1649212275.724727000,10.11.219.6
3130,-2802,1649212275.725075000,151.101.229.16
3131,-2802,1649212275.725077000,151.101.229.16
3132,-2802,1649212275.725078000,151.101.229.16
3133,-2802,1649212275.725078000,151.101.229.16
3134,66,1649212275.725095000,10.11.219.6
3135,-2802,1649212275.725117000,151.101.229.16
3136,-2802,1649212275.725659000,151.101.229.16
3137,-2802,1649212275.725660000,151.101.229.16
3138,-2802,1649212275.725661000,151.101.229.16
3139,-2802,1649212275.725661000,151.101.229.16
3140,66,1649212275.727008000,10.11.219.6
3141,1227,1649212275.739637000,10.11.219.6
3142,160,1649212275.744505000,10.11.219.6
3143,256,1649212275.759091000,10.11.219.6
3144,760,1649212275.772391000,10.11.219.6
3145,74,1649212275.774167000,10.11.219.6
3146,784,1649212275.776725000,10.11.219.6
3147,852,1649212275.791872000,10.11.219.6
3148,653,1649212275.791995000,10.11.219.6
3149,620,1649212275.792566000,10.11.219.6
3150,653,1649212275.800386000,10.11.219.6
3151,780,1649212275.800716000,10.11.219.6
3152,620,1649212275.801374000,10.11.219.6
3153,-2802,1649212275.835455000,151.101.229.16
3154,66,1649212275.835510000,10.11.219.6
3155,-2802,1649212275.835615000,151.101.229.16
3156,-2802,1649212275.835616000,151.101.229.16
3157,-2802,1649212275.835617000,151.101.229.16
3158,-2802,1649212275.835617000,151.101.229.16
3159,-2802,1649212275.835650000,151.101.229.16
3160,-66,1649212275.835650000,44.233.46.194
3161,-2802,1649212275.835651000,151.101.229.16
3162,-2802,1649212275.835652000,151.101.229.16
3163,-97,1649212275.835652000,13.249.146.146
3164,66,1649212275.835657000,10.11.219.6
3165,78,1649212275.835665000,10.11.219.6
3166,-1434,1649212275.835677000,151.101.229.16
3167,-1434,1649212275.835677000,151.101.229.16
3168,66,1649212275.835720000,10.11.219.6
3169,458,1649212275.835909000,10.11.219.6
3170,-1434,1649212275.837962000,151.101.229.16
3171,-1434,1649212275.837963000,151.101.229.16
3172,66,1649212275.837981000,10.11.219.6
3173,-1434,1649212275.838118000,151.101.229.16
3174,-2802,1649212275.838119000,151.101.229.16
3175,-2802,1649212275.838120000,151.101.229.16
3176,-2802,1649212275.838121000,151.101.229.16
3177,-2802,1649212275.838121000,151.101.229.16
3178,-2802,1649212275.838148000,151.101.229.16
3179,66,1649212275.838148000,10.11.219.6
3180,-2802,1649212275.838149000,151.101.229.16
3181,-2802,1649212275.838149000,151.101.229.16
3182,-1434,1649212275.838150000,151.101.229.16
3183,66,1649212275.838203000,10.11.219.6
3184,-1434,1649212275.840924000,151.101.229.16
3185,-1434,1649212275.840925000,151.101.229.16
3186,66,1649212275.840946000,10.11.219.6
3187,-1434,1649212275.841077000,151.101.229.16
3188,-2802,1649212275.841078000,151.101.229.16
3189,-2802,1649212275.841079000,151.101.229.16
3190,-2802,1649212275.841079000,151.101.229.16
3191,-2802,1649212275.841080000,151.101.229.16
3192,-2802,1649212275.841131000,151.101.229.16
3193,-2802,1649212275.841132000,151.101.229.16
3194,66,1649212275.841132000,10.11.219.6
3195,-2802,1649212275.841133000,151.101.229.16
3196,-1434,1649212275.841133000,151.101.229.16
3197,66,1649212275.841212000,10.11.219.6
3198,-1434,1649212275.844098000,151.101.229.16
3199,-1434,1649212275.844098000,151.101.229.16
3200,66,1649212275.844108000,10.11.219.6
3201,-1434,1649212275.844261000,151.101.229.16
3202,-2802,1649212275.844265000,151.101.229.16
3203,-2802,1649212275.844265000,151.101.229.16
3204,-2802,1649212275.844266000,151.101.229.16
3205,-1434,1649212275.844266000,151.101.229.16
3206,-2802,1649212275.844299000,151.101.229.16
3207,-2802,1649212275.844300000,151.101.229.16
3208,-2802,1649212275.844300000,151.101.229.16
3209,-2802,1649212275.844301000,151.101.229.16
3210,66,1649212275.844304000,10.11.219.6
3211,66,1649212275.844354000,10.11.219.6
3212,-2802,1649212275.846484000,151.101.229.16
3213,66,1649212275.846492000,10.11.219.6
3214,-2593,1649212275.846654000,151.101.229.16
3215,-54,1649212275.846654000,54.240.252.146
3216,-105,1649212275.846655000,52.94.215.173
3217,-54,1649212275.846655000,52.94.215.169
3218,-54,1649212275.846655000,52.119.163.144
3219,-54,1649212275.846656000,52.94.215.173
3220,-540,1649212275.846656000,52.94.215.169
3221,66,1649212275.846664000,10.11.219.6
3222,54,1649212275.846679000,10.11.219.6
3223,54,1649212275.846693000,10.11.219.6
3224,-6014,1649212275.846725000,52.119.163.144
3225,-6079,1649212275.846726000,52.94.215.173
3226,54,1649212275.846731000,10.11.219.6
3227,54,1649212275.846737000,10.11.219.6
3228,-54,1649212275.846750000,52.94.215.173
3229,-696,1649212275.846750000,54.240.252.146
3230,-6079,1649212275.846752000,52.94.215.173
3231,-66,1649212275.846752000,13.249.146.146
3232,54,1649212275.846760000,10.11.219.6
3233,54,1649212275.846766000,10.11.219.6
3234,-66,1649212275.846781000,13.249.146.146
3235,-66,1649212275.846781000,54.240.252.146
3236,-540,1649212275.846781000,52.94.215.169
3237,-66,1649212275.846782000,151.101.229.16
3238,-66,1649212275.846782000,151.101.229.16
3239,-66,1649212275.846782000,151.101.229.16
3240,54,1649212275.846794000,10.11.219.6
3241,54,1649212275.846802000,10.11.219.6
3242,-66,1649212275.849701000,151.101.229.16
3243,-2802,1649212275.849702000,151.101.229.16
3244,66,1649212275.849726000,10.11.219.6
3245,-2802,1649212275.849861000,151.101.229.16
3246,-244,1649212275.849862000,151.101.229.16
3247,-2802,1649212275.849863000,151.101.229.16
3248,-2802,1649212275.849863000,151.101.229.16
3249,-1422,1649212275.849864000,151.101.229.16
3250,66,1649212275.849871000,10.11.219.6
3251,78,1649212275.849883000,10.11.219.6
3252,66,1649212275.849887000,10.11.219.6
3253,66,1649212275.849891000,10.11.219.6
3254,-1434,1649212275.849911000,151.101.229.16
3255,-66,1649212275.849912000,151.101.229.16
3256,-848,1649212275.849912000,151.101.229.16
3257,-696,1649212275.849912000,54.240.252.146
3258,-66,1649212275.849913000,151.101.229.16
3259,-2802,1649212275.849913000,151.101.229.16
3260,66,1649212275.849929000,10.11.219.6
3261,66,1649212275.849938000,10.11.219.6
3262,-453,1649212275.849959000,151.101.229.16
3263,-696,1649212275.849960000,54.240.252.146
3264,-769,1649212275.849960000,13.249.146.146
3265,-1434,1649212275.849961000,13.249.146.146
3266,-97,1649212275.849961000,13.249.146.146
3267,-770,1649212275.849961000,13.249.146.146
3268,-1434,1649212275.849962000,13.249.146.146
3269,-97,1649212275.849962000,13.249.146.146
3270,54,1649212275.849970000,10.11.219.6
3271,78,1649212275.849975000,10.11.219.6
3272,66,1649212275.849980000,10.11.219.6
3273,66,1649212275.849984000,10.11.219.6
3274,78,1649212275.849988000,10.11.219.6
3275,66,1649212275.849992000,10.11.219.6
3276,66,1649212275.849996000,10.11.219.6
3277,-105,1649212275.850013000,52.94.215.173
3278,-74,1649212275.850013000,52.25.210.71
3279,-78,1649212275.850014000,44.233.46.194
3280,-78,1649212275.850014000,44.233.46.194
3281,-78,1649212275.850014000,44.233.46.194
3282,-78,1649212275.850015000,44.233.46.194
3283,-78,1649212275.850015000,44.233.46.194
3284,-78,1649212275.850015000,44.233.46.194
3285,54,1649212275.850021000,10.11.219.6
3286,66,1649212275.850030000,10.11.219.6
3287,1434,1649212275.850046000,10.11.219.6
3288,-78,1649212275.850071000,44.233.46.194
3289,-78,1649212275.850071000,13.249.146.146
3290,-78,1649212275.850071000,44.233.46.194
3291,-78,1649212275.850072000,44.233.46.194
3292,-78,1649212275.850072000,44.233.46.194
3293,-78,1649212275.850072000,44.233.46.194
3294,-78,1649212275.850073000,44.233.46.194
3295,-54,1649212275.850073000,52.119.163.144
3296,180,1649212275.852222000,10.11.219.6
3297,-66,1649212275.852331000,151.101.229.16
3298,-66,1649212275.852332000,151.101.229.16
3299,-66,1649212275.852332000,151.101.229.16
3300,-4170,1649212275.852333000,151.101.229.16
3301,66,1649212275.852361000,10.11.219.6
3302,-1018,1649212275.852789000,151.101.229.16
3303,-5538,1649212275.852790000,151.101.229.16
3304,-688,1649212275.852790000,151.101.229.16
3305,-2802,1649212275.852791000,151.101.229.16
3306,66,1649212275.852809000,10.11.219.6
3307,78,1649212275.852820000,10.11.219.6
3308,-1434,1649212275.852838000,151.101.229.16
3309,-8274,1649212275.852840000,151.101.229.16
3310,-1172,1649212275.852841000,151.101.229.16
3311,66,1649212275.852846000,10.11.219.6
3312,66,1649212275.852851000,10.11.219.6
3313,78,1649212275.852854000,10.11.219.6
3314,-54,1649212275.854600000,52.119.163.144
3315,-2802,1649212275.854601000,151.101.229.16
3316,-74,1649212275.854602000,34.236.73.168
3317,-6014,1649212275.854603000,52.119.163.144
3318,66,1649212275.854634000,10.11.219.6
3319,54,1649212275.854649000,10.11.219.6
3320,-2802,1649212275.854668000,151.101.229.16
3321,-2802,1649212275.854668000,151.101.229.16
3322,-1434,1649212275.854669000,151.101.229.16
3323,66,1649212275.854679000,10.11.219.6
3324,-2802,1649212275.855653000,151.101.229.16
3325,-2802,1649212275.856724000,151.101.229.16
3326,180,1649212275.857288000,10.11.219.6
3327,-2802,1649212275.857479000,151.101.229.16
3328,-2802,1649212275.859631000,151.101.229.16
3329,180,1649212275.861902000,10.11.219.6
3330,149,1649212275.862525000,10.11.219.6
3331,66,1649212275.862695000,10.11.219.6
3332,219,1649212275.862801000,10.11.219.6
3333,74,1649212275.863742000,10.11.219.6
3334,639,1649212275.869716000,10.11.219.6
3335,180,1649212275.875188000,10.11.219.6
3336,571,1649212275.877381000,10.11.219.6
3337,583,1649212275.883121000,10.11.219.6
3338,583,1649212275.884876000,10.11.219.6
3339,639,1649212275.885694000,10.11.219.6
3340,944,1649212275.930998000,10.11.219.6
3341,458,1649212275.948954000,10.11.219.6
3342,653,1649212275.951665000,10.11.219.6
3343,620,1649212275.951817000,10.11.219.6
3344,160,1649212275.962066000,10.11.219.6
3345,-2802,1649212275.989152000,151.101.229.16
3346,66,1649212275.989204000,10.11.219.6
3347,-2802,1649212275.989309000,151.101.229.16
3348,-2802,1649212275.989310000,151.101.229.16
3349,-2802,1649212275.989310000,151.101.229.16
3350,-2802,1649212275.989311000,151.101.229.16
3351,66,1649212275.989337000,10.11.219.6
3352,-2802,1649212275.989342000,151.101.229.16
3353,-2802,1649212275.989342000,151.101.229.16
3354,-2802,1649212275.989343000,151.101.229.16
3355,-2802,1649212275.989344000,151.101.229.16
3356,66,1649212275.989393000,10.11.219.6
3357,-2802,1649212275.990899000,151.101.229.16
3358,-2802,1649212275.990900000,151.101.229.16
3359,-2802,1649212275.990901000,151.101.229.16
3360,-2802,1649212275.990902000,151.101.229.16
3361,66,1649212275.990921000,10.11.219.6
3362,66,1649212275.990951000,10.11.219.6
3363,456,1649212275.991232000,10.11.219.6
3364,306,1649212275.991243000,10.11.219.6
3365,160,1649212275.991250000,10.11.219.6
3366,-2802,1649212275.994271000,151.101.229.16
3367,66,1649212275.994295000,10.11.219.6
3368,-2802,1649212275.994491000,151.101.229.16
3369,-2802,1649212275.994492000,151.101.229.16
3370,-2802,1649212275.994493000,151.101.229.16
3371,-2802,1649212275.994493000,151.101.229.16
3372,-2802,1649212275.994521000,151.101.229.16
3373,-1434,1649212275.994522000,151.101.229.16
3374,-2802,1649212275.994523000,151.101.229.16
3375,-2802,1649212275.994523000,151.101.229.16
3376,-2802,1649212275.994524000,151.101.229.16
3377,66,1649212275.994535000,10.11.219.6
3378,-2802,1649212275.996910000,151.101.229.16
3379,66,1649212275.996922000,10.11.219.6
3380,-2802,1649212275.997066000,151.101.229.16
3381,-2802,1649212275.997067000,151.101.229.16
3382,-2802,1649212275.997068000,151.101.229.16
3383,-2802,1649212275.997069000,151.101.229.16
3384,66,1649212275.997076000,10.11.219.6
3385,66,1649212275.997094000,10.11.219.6
3386,-2802,1649212275.997109000,151.101.229.16
3387,-2802,1649212275.997110000,151.101.229.16
3388,-2802,1649212275.997111000,151.101.229.16
3389,-2802,1649212275.997112000,151.101.229.16
3390,66,1649212275.997135000,10.11.219.6
3391,-2802,1649212275.999691000,151.101.229.16
3392,66,1649212275.999704000,10.11.219.6
3393,-2802,1649212275.999844000,151.101.229.16
3394,-2802,1649212275.999845000,151.101.229.16
3395,-2802,1649212275.999845000,151.101.229.16
3396,-2802,1649212275.999846000,151.101.229.16
3397,66,1649212275.999852000,10.11.219.6
3398,-2802,1649212275.999883000,151.101.229.16
3399,-2802,1649212275.999884000,151.101.229.16
3400,-2802,1649212275.999885000,151.101.229.16
3401,-2802,1649212275.999885000,151.101.229.16
3402,66,1649212275.999891000,10.11.219.6
3403,66,1649212275.999941000,10.11.219.6
3404,-2802,1649212276.002361000,151.101.229.16
3405,66,1649212276.002368000,10.11.219.6
3406,-2802,1649212276.002525000,151.101.229.16
3407,-1434,1649212276.002525000,151.101.229.16
3408,-2802,1649212276.002526000,151.101.229.16
3409,-2802,1649212276.002527000,151.101.229.16
3410,-2802,1649212276.002528000,151.101.229.16
3411,66,1649212276.002534000,10.11.219.6
3412,-2802,1649212276.002566000,151.101.229.16
3413,-2802,1649212276.002566000,151.101.229.16
3414,-2802,1649212276.002567000,151.101.229.16
3415,-1434,1649212276.002568000,151.101.229.16
3416,66,1649212276.002571000,10.11.219.6
3417,66,1649212276.002614000,10.11.219.6
3418,-1434,1649212276.004799000,151.101.229.16
3419,-1434,1649212276.004800000,151.101.229.16
3420,66,1649212276.004818000,10.11.219.6
3421,-1434,1649212276.004973000,151.101.229.16
3422,-2802,1649212276.004974000,151.101.229.16
3423,-2802,1649212276.004975000,151.101.229.16
3424,-2802,1649212276.004976000,151.101.229.16
3425,-2802,1649212276.004976000,151.101.229.16
3426,-2802,1649212276.005008000,151.101.229.16
3427,-2802,1649212276.005009000,151.101.229.16
3428,-2802,1649212276.005009000,151.101.229.16
3429,-1434,1649212276.005010000,151.101.229.16
3430,66,1649212276.005029000,10.11.219.6
3431,301,1649212276.006095000,10.11.219.6
3432,-1434,1649212276.006805000,151.101.229.16
3433,-2802,1649212276.006806000,151.101.229.16
3434,-2802,1649212276.006807000,151.101.229.16
3435,-2802,1649212276.006808000,151.101.229.16
3436,-1414,1649212276.006808000,52.94.215.173
3437,66,1649212276.006826000,10.11.219.6
3438,66,1649212276.006842000,10.11.219.6
3439,66,1649212276.006969000,10.11.219.6
3440,-2802,1649212276.007247000,151.101.229.16
3441,-2802,1649212276.007248000,151.101.229.16
3442,-2802,1649212276.007255000,151.101.229.16
3443,-2802,1649212276.007256000,151.101.229.16
3444,-105,1649212276.007272000,52.94.215.173
3445,-1434,1649212276.007273000,151.101.229.16
3446,-1434,1649212276.007273000,151.101.229.16
3447,66,1649212276.007280000,10.11.219.6
3448,54,1649212276.007286000,10.11.219.6
3449,66,1649212276.007321000,10.11.219.6
3450,-1434,1649212276.009598000,151.101.229.16
3451,-54,1649212276.009598000,52.94.215.169
3452,-66,1649212276.009599000,54.240.252.146
3453,-696,1649212276.009599000,54.240.252.146
3454,54,1649212276.009624000,10.11.219.6
3455,66,1649212276.009642000,10.11.219.6
3456,-2802,1649212276.009757000,151.101.229.16
3457,-54,1649212276.009758000,52.94.215.169
3458,-2802,1649212276.009758000,151.101.229.16
3459,-2802,1649212276.009759000,151.101.229.16
3460,-78,1649212276.009759000,44.233.46.194
3461,66,1649212276.009766000,10.11.219.6
3462,414,1649212276.009786000,10.11.219.6
3463,-2802,1649212276.009808000,151.101.229.16
3464,-2802,1649212276.009809000,151.101.229.16
3465,-78,1649212276.009809000,44.233.46.194
3466,-78,1649212276.009809000,44.233.46.194
3467,-2802,1649212276.009810000,151.101.229.16
3468,-2802,1649212276.009826000,151.101.229.16
3469,-2802,1649212276.009826000,151.101.229.16
3470,571,1649212276.011331000,10.11.219.6
3471,66,1649212276.011405000,10.11.219.6
3472,-2802,1649212276.011614000,151.101.229.16
3473,-2802,1649212276.011615000,151.101.229.16
3474,-533,1649212276.011616000,52.94.215.169
3475,-54,1649212276.011616000,52.94.215.169
3476,-2802,1649212276.011617000,151.101.229.16
3477,66,1649212276.011625000,10.11.219.6
3478,54,1649212276.011635000,10.11.219.6
3479,66,1649212276.011648000,10.11.219.6
3480,-2802,1649212276.011657000,151.101.229.16
3481,-2802,1649212276.011658000,151.101.229.16
3482,-2802,1649212276.011659000,151.101.229.16
3483,-540,1649212276.011659000,52.94.215.169
3484,-66,1649212276.011659000,44.233.46.194
3485,54,1649212276.011668000,10.11.219.6
3486,66,1649212276.011684000,10.11.219.6
3487,-2802,1649212276.012133000,151.101.229.16
3488,-236,1649212276.012134000,44.233.46.194
3489,-104,1649212276.012134000,44.233.46.194
3490,-533,1649212276.012134000,52.94.215.169
3491,-2802,1649212276.012135000,151.101.229.16
3492,-234,1649212276.012135000,44.233.46.194
3493,66,1649212276.012147000,10.11.219.6
3494,54,1649212276.012164000,10.11.219.6
3495,-104,1649212276.012181000,44.233.46.194
3496,-235,1649212276.012182000,44.233.46.194
3497,-104,1649212276.012182000,44.233.46.194
3498,-249,1649212276.012182000,44.233.46.194
3499,-104,1649212276.012183000,44.233.46.194
3500,-540,1649212276.012183000,52.94.215.169
3501,66,1649212276.012184000,10.11.219.6
3502,54,1649212276.012192000,10.11.219.6
3503,66,1649212276.013405000,10.11.219.6
3504,-54,1649212276.014207000,54.240.252.146
3505,-2802,1649212276.014209000,151.101.229.16
3506,-105,1649212276.014209000,52.94.215.173
3507,-2802,1649212276.014210000,151.101.229.16
3508,-2802,1649212276.014210000,151.101.229.16
3509,66,1649212276.014234000,10.11.219.6
3510,54,1649212276.014252000,10.11.219.6
3511,66,1649212276.014335000,10.11.219.6
3512,-260,1649212276.014683000,44.233.46.194
3513,-2802,1649212276.014684000,151.101.229.16
3514,-2802,1649212276.014685000,151.101.229.16
3515,-2802,1649212276.014685000,151.101.229.16
3516,-4170,1649212276.014686000,151.101.229.16
3517,-2802,1649212276.014714000,151.101.229.16
3518,-105,1649212276.014714000,52.94.215.173
3519,-1434,1649212276.014715000,151.101.229.16
3520,54,1649212276.014727000,10.11.219.6
3521,66,1649212276.014791000,10.11.219.6
3522,66,1649212276.014852000,10.11.219.6
3523,-1434,1649212276.017076000,151.101.229.16
3524,-1434,1649212276.017077000,151.101.229.16
3525,66,1649212276.017100000,10.11.219.6
3526,-1434,1649212276.017236000,151.101.229.16
3527,-2802,1649212276.017236000,151.101.229.16
3528,-2802,1649212276.017237000,151.101.229.16
3529,-2802,1649212276.017237000,151.101.229.16
3530,-2802,1649212276.017238000,151.101.229.16
3531,-2802,1649212276.017263000,151.101.229.16
3532,-2802,1649212276.017263000,151.101.229.16
3533,-2802,1649212276.017264000,151.101.229.16
3534,-1434,1649212276.017264000,151.101.229.16
3535,66,1649212276.017297000,10.11.219.6
3536,-1434,1649212276.019755000,151.101.229.16
3537,-2802,1649212276.019756000,151.101.229.16
3538,66,1649212276.019778000,10.11.219.6
3539,-2802,1649212276.019907000,151.101.229.16
3540,-66,1649212276.019908000,151.101.229.16
3541,-66,1649212276.019908000,151.101.229.16
3542,-11010,1649212276.019910000,151.101.229.16
3543,66,1649212276.019918000,10.11.219.6
3544,66,1649212276.019937000,10.11.219.6
3545,-2802,1649212276.019952000,151.101.229.16
3546,-196,1649212276.019953000,151.101.229.16
3547,-2802,1649212276.019954000,151.101.229.16
3548,66,1649212276.019960000,10.11.219.6
3549,66,1649212276.020248000,10.11.219.6
3550,-5538,1649212276.022356000,151.101.229.16
3551,66,1649212276.022369000,10.11.219.6
3552,-2802,1649212276.022506000,151.101.229.16
3553,-66,1649212276.022506000,151.101.229.16
3554,-429,1649212276.022507000,151.101.229.16
3555,-11010,1649212276.022508000,151.101.229.16
3556,66,1649212276.022516000,10.11.219.6
3557,66,1649212276.022530000,10.11.219.6
3558,-2802,1649212276.022540000,151.101.229.16
3559,-1434,1649212276.022540000,151.101.229.16
3560,66,1649212276.022738000,10.11.219.6
3561,-2802,1649212276.024782000,151.101.229.16
3562,-917,1649212276.024782000,151.101.229.16
3563,-1434,1649212276.024783000,151.101.229.16
3564,66,1649212276.024802000,10.11.219.6
3565,78,1649212276.024823000,10.11.219.6
3566,66,1649212276.024829000,10.11.219.6
3567,-66,1649212276.024922000,151.101.229.16
3568,-66,1649212276.024923000,151.101.229.16
3569,-66,1649212276.024923000,151.101.229.16
3570,-2802,1649212276.024924000,151.101.229.16
3571,-2802,1649212276.024924000,151.101.229.16
3572,-2802,1649212276.024925000,151.101.229.16
3573,66,1649212276.024942000,10.11.219.6
3574,-2802,1649212276.024969000,151.101.229.16
3575,-66,1649212276.024969000,13.249.146.146
3576,-2802,1649212276.024969000,151.101.229.16
3577,-2802,1649212276.024970000,151.101.229.16
3578,-2802,1649212276.024971000,151.101.229.16
3579,66,1649212276.025243000,10.11.219.6
3580,-2802,1649212276.027416000,151.101.229.16
3581,66,1649212276.027433000,10.11.219.6
3582,-2802,1649212276.027579000,151.101.229.16
3583,-2802,1649212276.027580000,151.101.229.16
3584,-2802,1649212276.027581000,151.101.229.16
3585,-2802,1649212276.027582000,151.101.229.16
3586,66,1649212276.027591000,10.11.219.6
3587,-2802,1649212276.027621000,151.101.229.16
3588,-2802,1649212276.027621000,151.101.229.16
3589,-4170,1649212276.027622000,151.101.229.16
3590,-1434,1649212276.027623000,151.101.229.16
3591,66,1649212276.027673000,10.11.219.6
3592,-2802,1649212276.029623000,151.101.229.16
3593,66,1649212276.029639000,10.11.219.6
3594,-4170,1649212276.029794000,151.101.229.16
3595,-4170,1649212276.029794000,151.101.229.16
3596,-4170,1649212276.029795000,151.101.229.16
3597,-4170,1649212276.029825000,151.101.229.16
3598,-4170,1649212276.029826000,151.101.229.16
3599,-1434,1649212276.029827000,151.101.229.16
3600,66,1649212276.030089000,10.11.219.6
3601,160,1649212276.036672000,10.11.219.6
3602,200,1649212276.046398000,10.11.219.6
3603,74,1649212276.049422000,10.11.219.6
3604,456,1649212276.049933000,10.11.219.6
3605,74,1649212276.112602000,10.11.219.6
3606,571,1649212276.147237000,10.11.219.6
3607,160,1649212276.147248000,10.11.219.6
3608,-2802,1649212276.148148000,151.101.229.16
3609,-4170,1649212276.148152000,151.101.229.16
3610,-2802,1649212276.148153000,151.101.229.16
3611,66,1649212276.148210000,10.11.219.6
3612,-2802,1649212276.151149000,151.101.229.16
3613,66,1649212276.151152000,10.11.219.6
3614,-5538,1649212276.151323000,151.101.229.16
3615,-5538,1649212276.151324000,151.101.229.16
3616,66,1649212276.151328000,10.11.219.6
3617,66,1649212276.151332000,10.11.219.6
3618,-6906,1649212276.151346000,151.101.229.16
3619,-4170,1649212276.151347000,151.101.229.16
3620,66,1649212276.151350000,10.11.219.6
3621,66,1649212276.151353000,10.11.219.6
3622,-2802,1649212276.153767000,151.101.229.16
3623,66,1649212276.153782000,10.11.219.6
3624,-6906,1649212276.153920000,151.101.229.16
3625,-6906,1649212276.153922000,151.101.229.16
3626,66,1649212276.153930000,10.11.219.6
3627,66,1649212276.153938000,10.11.219.6
3628,-2802,1649212276.153959000,151.101.229.16
3629,-413,1649212276.153960000,151.101.229.16
3630,-66,1649212276.153960000,52.25.210.71
3631,-105,1649212276.153960000,52.119.163.144
3632,-1434,1649212276.153961000,151.101.229.16
3633,-2802,1649212276.153961000,52.25.210.71
3634,78,1649212276.153970000,10.11.219.6
3635,54,1649212276.153982000,10.11.219.6
3636,66,1649212276.153987000,10.11.219.6
3637,66,1649212276.153990000,10.11.219.6
3638,825,1649212276.154567000,10.11.219.6
3639,-1434,1649212276.156305000,52.25.210.71
3640,-82,1649212276.156306000,52.25.210.71
3641,-66,1649212276.156306000,44.233.46.194
3642,-235,1649212276.156306000,44.233.46.194
3643,-104,1649212276.156307000,44.233.46.194
3644,-235,1649212276.156307000,44.233.46.194
3645,-104,1649212276.156307000,44.233.46.194
3646,-668,1649212276.156308000,13.249.146.146
3647,66,1649212276.156325000,10.11.219.6
3648,78,1649212276.156342000,10.11.219.6
3649,66,1649212276.156365000,10.11.219.6
3650,-97,1649212276.156393000,13.249.146.146
3651,-540,1649212276.156396000,52.94.215.169
3652,-54,1649212276.156396000,54.240.252.146
3653,-756,1649212276.156397000,52.94.215.173
3654,-103,1649212276.156397000,52.94.215.173
3655,-105,1649212276.156397000,52.119.163.144
3656,-5931,1649212276.156398000,54.240.252.146
3657,66,1649212276.156408000,10.11.219.6
3658,54,1649212276.156422000,10.11.219.6
3659,54,1649212276.156432000,10.11.219.6
3660,54,1649212276.156436000,10.11.219.6
3661,54,1649212276.156441000,10.11.219.6
3662,54,1649212276.156446000,10.11.219.6
3663,-54,1649212276.156466000,54.240.252.146
3664,-54,1649212276.156466000,54.240.252.146
3665,-533,1649212276.156466000,52.94.215.169
3666,-756,1649212276.156467000,52.94.215.173
3667,-103,1649212276.156467000,52.94.215.173
3668,-5931,1649212276.156468000,54.240.252.146
3669,54,1649212276.156478000,10.11.219.6
3670,54,1649212276.156484000,10.11.219.6
3671,54,1649212276.156488000,10.11.219.6
3672,54,1649212276.156492000,10.11.219.6
3673,-235,1649212276.156501000,44.233.46.194
3674,-104,1649212276.156502000,44.233.46.194
3675,-413,1649212276.156502000,151.101.229.16
3676,-1434,1649212276.156503000,52.25.210.71
3677,78,1649212276.156512000,10.11.219.6
3678,66,1649212276.156519000,10.11.219.6
3679,-66,1649212276.158835000,151.101.229.16
3680,-66,1649212276.158836000,151.101.229.16
3681,-66,1649212276.158836000,34.236.73.168
3682,-2802,1649212276.160847000,151.101.229.16
3683,66,1649212276.160868000,10.11.219.6
3684,-4105,1649212276.160902000,151.101.229.16
3685,-754,1649212276.160903000,151.101.229.16
3686,-66,1649212276.160903000,151.101.229.16
3687,-66,1649212276.160903000,151.101.229.16
3688,-66,1649212276.160904000,151.101.229.16
3689,-2802,1649212276.160904000,151.101.229.16
3690,66,1649212276.160913000,10.11.219.6
3691,66,1649212276.160919000,10.11.219.6
3692,66,1649212276.160932000,10.11.219.6
3693,180,1649212276.162767000,10.11.219.6
3694,-2802,1649212276.163220000,151.101.229.16
3695,-1390,1649212276.163221000,34.236.73.168
3696,-4170,1649212276.163222000,34.236.73.168
3697,-2802,1649212276.163222000,151.101.229.16
3698,66,1649212276.163238000,10.11.219.6
3699,78,1649212276.163250000,10.11.219.6
3700,66,1649212276.163254000,10.11.219.6
3701,66,1649212276.163257000,10.11.219.6
3702,-2802,1649212276.163641000,151.101.229.16
3703,-1171,1649212276.163642000,151.101.229.16
3704,-2802,1649212276.163642000,151.101.229.16
3705,-2802,1649212276.163643000,151.101.229.16
3706,-66,1649212276.163643000,209.54.180.144
3707,66,1649212276.163653000,10.11.219.6
3708,78,1649212276.163661000,10.11.219.6
3709,66,1649212276.163664000,10.11.219.6
3710,66,1649212276.163667000,10.11.219.6
3711,54,1649212276.163675000,10.11.219.6
3712,-1434,1649212276.163684000,151.101.229.16
3713,66,1649212276.163690000,10.11.219.6
3714,-2802,1649212276.166667000,151.101.229.16
3715,-2802,1649212276.166669000,151.101.229.16
3716,-2802,1649212276.166669000,151.101.229.16
3717,-2802,1649212276.166670000,151.101.229.16
3718,66,1649212276.166690000,10.11.219.6
3719,66,1649212276.166707000,10.11.219.6
3720,66,1649212276.166710000,10.11.219.6
3721,66,1649212276.166713000,10.11.219.6
3722,-2802,1649212276.166725000,151.101.229.16
3723,66,1649212276.166727000,10.11.219.6
3724,192,1649212276.167510000,10.11.219.6
3725,-2802,1649212276.168537000,151.101.229.16
3726,-2802,1649212276.168538000,151.101.229.16
3727,-2802,1649212276.168539000,151.101.229.16
3728,-2802,1649212276.168539000,151.101.229.16
3729,66,1649212276.168558000,10.11.219.6
3730,66,1649212276.168571000,10.11.219.6
3731,66,1649212276.168574000,10.11.219.6
3732,66,1649212276.168576000,10.11.219.6
3733,-2802,1649212276.169282000,151.101.229.16
3734,66,1649212276.169292000,10.11.219.6
3735,-2802,1649212276.170471000,151.101.229.16
3736,-2802,1649212276.170472000,151.101.229.16
3737,66,1649212276.170485000,10.11.219.6
3738,-2802,1649212276.171304000,151.101.229.16
3739,180,1649212276.171576000,10.11.219.6
3740,1199,1649212276.171971000,10.11.219.6
3741,1414,1649212276.172051000,10.11.219.6
3742,1414,1649212276.172055000,10.11.219.6
3743,66,1649212276.172077000,10.11.219.6
3744,169,1649212276.172360000,10.11.219.6
3745,-2802,1649212276.172590000,151.101.229.16
3746,-2802,1649212276.172591000,151.101.229.16
3747,178,1649212276.173153000,10.11.219.6
3748,192,1649212276.180017000,10.11.219.6
3749,66,1649212276.181364000,10.11.219.6
3750,571,1649212276.184885000,10.11.219.6
3751,1434,1649212276.188680000,10.11.219.6
3752,600,1649212276.188693000,10.11.219.6
3753,160,1649212276.188897000,10.11.219.6
3754,159,1649212276.293052000,10.11.219.6
3755,184,1649212276.293063000,10.11.219.6
3756,214,1649212276.293069000,10.11.219.6
3757,-2802,1649212276.294128000,151.101.229.16
3758,-2802,1649212276.294129000,151.101.229.16
3759,-4170,1649212276.294130000,151.101.229.16
3760,-1434,1649212276.294130000,151.101.229.16
3761,66,1649212276.294142000,10.11.219.6
3762,66,1649212276.294183000,10.11.219.6
3763,74,1649212276.300259000,10.11.219.6
3764,-2802,1649212276.302472000,151.101.229.16
3765,66,1649212276.302487000,10.11.219.6
3766,-4170,1649212276.302648000,151.101.229.16
3767,-4170,1649212276.302649000,151.101.229.16
3768,-1434,1649212276.302650000,151.101.229.16
3769,-5538,1649212276.302651000,151.101.229.16
3770,-5538,1649212276.302695000,151.101.229.16
3771,-1434,1649212276.302695000,151.101.229.16
3772,66,1649212276.302752000,10.11.219.6
3773,-2802,1649212276.305541000,151.101.229.16
3774,66,1649212276.305554000,10.11.219.6
3775,-1434,1649212276.305689000,151.101.229.16
3776,-9642,1649212276.305691000,151.101.229.16
3777,66,1649212276.305697000,10.11.219.6
3778,-9642,1649212276.305727000,151.101.229.16
3779,-2802,1649212276.305727000,151.101.229.16
3780,66,1649212276.305762000,10.11.219.6
3781,-2802,1649212276.308197000,151.101.229.16
3782,66,1649212276.308203000,10.11.219.6
3783,-4170,1649212276.308376000,151.101.229.16
3784,-9642,1649212276.308378000,151.101.229.16
3785,-756,1649212276.308408000,151.101.229.16
3786,-1434,1649212276.308409000,151.101.229.16
3787,-756,1649212276.308409000,151.101.229.16
3788,-74,1649212276.308410000,52.25.210.71
3789,-439,1649212276.308410000,52.119.163.144
3790,-372,1649212276.308410000,52.25.210.71
3791,-135,1649212276.308411000,52.25.210.71
3792,-105,1649212276.308411000,54.240.252.146
3793,78,1649212276.308420000,10.11.219.6
3794,66,1649212276.308433000,10.11.219.6
3795,78,1649212276.308439000,10.11.219.6
3796,66,1649212276.308452000,10.11.219.6
3797,54,1649212276.308461000,10.11.219.6
3798,66,1649212276.308468000,10.11.219.6
3799,66,1649212276.308472000,10.11.219.6
3800,54,1649212276.308477000,10.11.219.6
3801,-105,1649212276.308492000,54.240.252.146
3802,-66,1649212276.308496000,151.101.229.16
3803,-66,1649212276.308496000,151.101.229.16
3804,-66,1649212276.308496000,151.101.229.16
3805,-66,1649212276.308496000,151.101.229.16
3806,54,1649212276.308503000,10.11.219.6
3807,-2802,1649212276.308547000,151.101.229.16
3808,66,1649212276.308551000,10.11.219.6
3809,-2802,1649212276.310868000,151.101.229.16
3810,66,1649212276.310883000,10.11.219.6
3811,-2802,1649212276.311023000,151.101.229.16
3812,-1365,1649212276.311024000,151.101.229.16
3813,-66,1649212276.311024000,151.101.229.16
3814,-8274,1649212276.311026000,151.101.229.16
3815,66,1649212276.311035000,10.11.219.6
3816,66,1649212276.311044000,10.11.219.6
3817,66,1649212276.311053000,10.11.219.6
3818,-8274,1649212276.311082000,151.101.229.16
3819,-846,1649212276.311082000,151.101.229.16
3820,66,1649212276.311086000,10.11.219.6
3821,78,1649212276.311092000,10.11.219.6
3822,583,1649212276.312137000,10.11.219.6
3823,-5538,1649212276.312697000,151.101.229.16
3824,-1027,1649212276.312699000,151.101.229.16
3825,-1434,1649212276.312699000,151.101.229.16
3826,-1434,1649212276.312699000,151.101.229.16
3827,-5538,1649212276.312700000,151.101.229.16
3828,66,1649212276.312721000,10.11.219.6
3829,78,1649212276.312735000,10.11.219.6
3830,66,1649212276.312740000,10.11.219.6
3831,66,1649212276.312746000,10.11.219.6
3832,66,1649212276.312750000,10.11.219.6
3833,-5352,1649212276.313139000,151.101.229.16
3834,-5538,1649212276.313140000,151.101.229.16
3835,66,1649212276.313148000,10.11.219.6
3836,66,1649212276.313157000,10.11.219.6
3837,-2802,1649212276.315585000,151.101.229.16
3838,-66,1649212276.315586000,151.101.229.16
3839,66,1649212276.315601000,10.11.219.6
3840,-8274,1649212276.315752000,151.101.229.16
3841,-5538,1649212276.315753000,151.101.229.16
3842,66,1649212276.315761000,10.11.219.6
3843,66,1649212276.315771000,10.11.219.6
3844,-8274,1649212276.315794000,151.101.229.16
3845,66,1649212276.315797000,10.11.219.6
3846,-2802,1649212276.318113000,151.101.229.16
3847,66,1649212276.318127000,10.11.219.6
3848,-2802,1649212276.318273000,151.101.229.16
3849,-5538,1649212276.318275000,151.101.229.16
3850,-5538,1649212276.318276000,151.101.229.16
3851,66,1649212276.318285000,10.11.219.6
3852,-5538,1649212276.318312000,151.101.229.16
3853,-2802,1649212276.318313000,151.101.229.16
3854,66,1649212276.318377000,10.11.219.6
3855,-2802,1649212276.320781000,151.101.229.16
3856,66,1649212276.320796000,10.11.219.6
3857,-5538,1649212276.320950000,151.101.229.16
3858,-4170,1649212276.320951000,151.101.229.16
3859,-5538,1649212276.320952000,151.101.229.16
3860,-4170,1649212276.320985000,151.101.229.16
3861,-2802,1649212276.320986000,151.101.229.16
3862,66,1649212276.320987000,10.11.219.6
3863,66,1649212276.321057000,10.11.219.6
3864,-1434,1649212276.323022000,151.101.229.16
3865,-4170,1649212276.323023000,151.101.229.16
3866,-4170,1649212276.323024000,151.101.229.16
3867,-1434,1649212276.323024000,151.101.229.16
3868,66,1649212276.323049000,10.11.219.6
3869,66,1649212276.323096000,10.11.219.6
3870,-2802,1649212276.323097000,151.101.229.16
3871,-4170,1649212276.323098000,151.101.229.16
3872,66,1649212276.323430000,10.11.219.6
3873,-4170,1649212276.324634000,151.101.229.16
3874,-4170,1649212276.324635000,151.101.229.16
3875,-4170,1649212276.324636000,151.101.229.16
3876,66,1649212276.324661000,10.11.219.6
3877,66,1649212276.324752000,10.11.219.6
3878,-4170,1649212276.327010000,151.101.229.16
3879,-66,1649212276.327012000,209.54.180.144
3880,-4170,1649212276.327013000,151.101.229.16
3881,-4170,1649212276.327013000,151.101.229.16
3882,66,1649212276.327030000,10.11.219.6
3883,54,1649212276.327053000,10.11.219.6
3884,160,1649212276.327078000,10.11.219.6
3885,66,1649212276.327193000,10.11.219.6
3886,-2802,1649212276.329255000,151.101.229.16
3887,-2802,1649212276.329256000,151.101.229.16
3888,66,1649212276.329270000,10.11.219.6
3889,-4170,1649212276.329342000,151.101.229.16
3890,-5538,1649212276.329343000,151.101.229.16
3891,571,1649212276.329836000,10.11.219.6
3892,161,1649212276.329999000,10.11.219.6
3893,66,1649212276.330106000,10.11.219.6
3894,-5538,1649212276.331293000,151.101.229.16
3895,-5538,1649212276.331295000,151.101.229.16
3896,66,1649212276.331307000,10.11.219.6
3897,66,1649212276.331365000,10.11.219.6
3898,-5538,1649212276.334225000,151.101.229.16
3899,-2802,1649212276.334225000,151.101.229.16
3900,66,1649212276.334295000,10.11.219.6
3901,-9642,1649212276.335644000,151.101.229.16
3902,-12378,1649212276.335646000,151.101.229.16
3903,66,1649212276.335711000,10.11.219.6
3904,-8274,1649212276.337828000,151.101.229.16
3905,66,1649212276.337840000,10.11.219.6
3906,-4170,1649212276.337970000,151.101.229.16
3907,-12378,1649212276.337976000,151.101.229.16
3908,66,1649212276.338001000,10.11.219.6
3909,-15114,1649212276.340370000,151.101.229.16
3910,66,1649212276.340378000,10.11.219.6
3911,-54,1649212276.340404000,209.54.180.144
3912,-11010,1649212276.340407000,151.101.229.16
3913,66,1649212276.340440000,10.11.219.6
3914,-5538,1649212276.342720000,151.101.229.16
3915,-2802,1649212276.342721000,151.101.229.16
3916,66,1649212276.342731000,10.11.219.6
3917,66,1649212276.342777000,10.11.219.6
3918,-13746,1649212276.344280000,151.101.229.16
3919,-8274,1649212276.344297000,151.101.229.16
3920,66,1649212276.344344000,10.11.219.6
3921,-5538,1649212276.347253000,151.101.229.16
3922,66,1649212276.347271000,10.11.219.6
3923,-2802,1649212276.347436000,151.101.229.16
3924,-66,1649212276.347438000,151.101.229.16
3925,-15114,1649212276.347443000,151.101.229.16
3926,-1434,1649212276.347475000,151.101.229.16
3927,66,1649212276.347597000,10.11.219.6
3928,-2802,1649212276.349534000,151.101.229.16
3929,66,1649212276.349552000,10.11.219.6
3930,-16482,1649212276.349715000,151.101.229.16
3931,-4170,1649212276.349741000,151.101.229.16
3932,-440,1649212276.349742000,151.101.229.16
3933,66,1649212276.349753000,10.11.219.6
3934,66,1649212276.349764000,10.11.219.6
3935,78,1649212276.349780000,10.11.219.6
3936,-1434,1649212276.352621000,151.101.229.16
3937,-1434,1649212276.352623000,151.101.229.16
3938,66,1649212276.352654000,10.11.219.6
3939,-17401,1649212276.352850000,151.101.229.16
3940,-66,1649212276.352872000,151.101.229.16
3941,-5538,1649212276.352873000,151.101.229.16
3942,66,1649212276.352882000,10.11.219.6
3943,66,1649212276.353009000,10.11.219.6
3944,-518,1649212276.354256000,151.101.229.16
3945,-1434,1649212276.354257000,151.101.229.16
3946,78,1649212276.354277000,10.11.219.6
3947,66,1649212276.354302000,10.11.219.6
3948,160,1649212276.362120000,10.11.219.6
3949,160,1649212276.362559000,10.11.219.6
3950,-66,1649212276.373514000,151.101.229.16
3951,-66,1649212276.373515000,151.101.229.16
3952,-5538,1649212276.375151000,151.101.229.16
3953,-131,1649212276.375152000,151.101.229.16
3954,-1434,1649212276.375152000,151.101.229.16
3955,66,1649212276.375168000,10.11.219.6
3956,78,1649212276.375197000,10.11.219.6
3957,66,1649212276.375205000,10.11.219.6
3958,243,1649212276.388916000,10.11.219.6
3959,376,1649212276.388953000,10.11.219.6
3960,104,1649212276.389491000,10.11.219.6
3961,-5538,1649212276.405091000,151.101.229.16
3962,66,1649212276.405105000,10.11.219.6
3963,-1258,1649212276.405275000,151.101.229.16
3964,-74,1649212276.418362000,52.25.210.71
3965,54,1649212276.418384000,10.11.219.6
3966,-54,1649212276.421621000,52.94.215.173
3967,-682,1649212276.423767000,52.94.215.173
3968,912,1649212276.430007000,10.11.219.6
3969,-682,1649212276.433429000,52.94.215.173
3970,54,1649212276.433452000,10.11.219.6
3971,-66,1649212276.445105000,52.25.210.71
3972,-2802,1649212276.446755000,52.25.210.71
3973,66,1649212276.446765000,10.11.219.6
3974,-1434,1649212276.446783000,52.25.210.71
3975,-82,1649212276.446783000,52.25.210.71
3976,-1434,1649212276.446783000,52.25.210.71
3977,66,1649212276.446789000,10.11.219.6
3978,78,1649212276.446792000,10.11.219.6
3979,66,1649212276.446795000,10.11.219.6
3980,66,1649212276.448727000,10.11.219.6
3981,192,1649212276.449699000,10.11.219.6
3982,-324,1649212276.461220000,34.236.73.168
3983,-135,1649212276.461220000,34.236.73.168
3984,66,1649212276.461236000,10.11.219.6
3985,66,1649212276.461249000,10.11.219.6
3986,243,1649212276.461886000,10.11.219.6
3987,1038,1649212276.461913000,10.11.219.6
3988,104,1649212276.462278000,10.11.219.6
3989,-54,1649212276.464388000,209.54.180.144
3990,54,1649212276.464715000,10.11.219.6
3991,-2774,1649212276.466989000,209.54.180.144
3992,54,1649212276.466996000,10.11.219.6
3993,-3281,1649212276.467012000,209.54.180.144
3994,54,1649212276.467016000,10.11.219.6
3995,180,1649212276.470072000,10.11.219.6
3996,-54,1649212276.502960000,209.54.180.144
3997,-54,1649212276.506193000,209.54.180.144
3998,-2774,1649212276.508931000,209.54.180.144
3999,54,1649212276.508944000,10.11.219.6
4000,-3281,1649212276.508991000,209.54.180.144
4001,-66,1649212276.508991000,52.25.210.71
4002,-104,1649212276.508992000,52.25.210.71
4003,54,1649212276.509001000,10.11.219.6
4004,66,1649212276.509012000,10.11.219.6
4005,-233,1649212276.509476000,52.25.210.71
4006,66,1649212276.509483000,10.11.219.6
4007,180,1649212276.511891000,10.11.219.6
4008,74,1649212276.530239000,10.11.219.6
4009,162,1649212276.535040000,10.11.219.6
4010,-66,1649212276.546512000,151.101.229.16
4011,-2802,1649212276.680112000,151.101.229.16
4012,66,1649212276.680127000,10.11.219.6
4013,-595,1649212276.680167000,151.101.229.16
4014,-696,1649212276.680168000,54.240.252.146
4015,-372,1649212276.680168000,52.25.210.71
4016,-135,1649212276.680168000,52.25.210.71
4017,-74,1649212276.680169000,13.33.201.149
4018,-1434,1649212276.680169000,151.101.229.16
4019,-595,1649212276.680169000,151.101.229.16
4020,-104,1649212276.680170000,34.236.73.168
4021,78,1649212276.680179000,10.11.219.6
4022,54,1649212276.680190000,10.11.219.6
4023,66,1649212276.680196000,10.11.219.6
4024,66,1649212276.680201000,10.11.219.6
4025,66,1649212276.680210000,10.11.219.6
4026,66,1649212276.680216000,10.11.219.6
4027,78,1649212276.680220000,10.11.219.6
4028,66,1649212276.680226000,10.11.219.6
4029,-66,1649212276.680239000,34.236.73.168
4030,-236,1649212276.680240000,34.236.73.168
4031,-104,1649212276.680240000,34.236.73.168
4032,-105,1649212276.680240000,209.54.180.144
4033,66,1649212276.680256000,10.11.219.6
4034,66,1649212276.680261000,10.11.219.6
4035,54,1649212276.680266000,10.11.219.6
4036,583,1649212276.684183000,10.11.219.6
4037,1391,1649212276.684391000,10.11.219.6
4038,260,1649212276.685039000,10.11.219.6
4039,141,1649212276.685467000,10.11.219.6
4040,97,1649212276.685563000,10.11.219.6
4041,66,1649212276.685576000,10.11.219.6
4042,-105,1649212276.688009000,209.54.180.144
4043,54,1649212276.688020000,10.11.219.6
4044,-1434,1649212276.695928000,151.101.229.16
4045,78,1649212276.695947000,10.11.219.6
4046,105,1649212276.736241000,10.11.219.6
4047,105,1649212276.736708000,10.11.219.6
4048,112,1649212276.736812000,10.11.219.6
4049,105,1649212276.737201000,10.11.219.6
4050,105,1649212276.737274000,10.11.219.6
4051,112,1649212276.737360000,10.11.219.6
4052,112,1649212276.737975000,10.11.219.6
4053,85,1649212276.738143000,10.11.219.6
4054,54,1649212276.738161000,10.11.219.6
4055,85,1649212276.738626000,10.11.219.6
4056,54,1649212276.738647000,10.11.219.6
4057,85,1649212276.739041000,10.11.219.6
4058,54,1649212276.739059000,10.11.219.6
4059,85,1649212276.739320000,10.11.219.6
4060,54,1649212276.739338000,10.11.219.6
4061,-66,1649212276.739596000,13.249.146.146
4062,-66,1649212276.739598000,18.65.156.177
4063,-66,1649212276.739598000,18.65.116.14
4064,85,1649212276.741772000,10.11.219.6
4065,54,1649212276.741813000,10.11.219.6
4066,85,1649212276.742250000,10.11.219.6
4067,54,1649212276.742270000,10.11.219.6
4068,85,1649212276.743842000,10.11.219.6
4069,54,1649212276.743874000,10.11.219.6
4070,85,1649212276.744137000,10.11.219.6
4071,54,1649212276.744163000,10.11.219.6
4072,85,1649212276.744336000,10.11.219.6
4073,54,1649212276.744349000,10.11.219.6
4074,85,1649212276.744546000,10.11.219.6
4075,54,1649212276.744561000,10.11.219.6
4076,90,1649212276.744775000,10.11.219.6
4077,66,1649212276.744788000,10.11.219.6
4078,85,1649212276.745167000,10.11.219.6
4079,54,1649212276.745181000,10.11.219.6
4080,85,1649212276.745376000,10.11.219.6
4081,54,1649212276.745388000,10.11.219.6
4082,85,1649212276.745540000,10.11.219.6
4083,54,1649212276.745549000,10.11.219.6
4084,85,1649212276.745703000,10.11.219.6
4085,54,1649212276.745713000,10.11.219.6
4086,107,1649212276.745906000,10.11.219.6
4087,54,1649212276.746107000,10.11.219.6
4088,85,1649212276.746297000,10.11.219.6
4089,54,1649212276.746307000,10.11.219.6
4090,85,1649212276.746614000,10.11.219.6
4091,54,1649212276.746628000,10.11.219.6
4092,85,1649212276.746784000,10.11.219.6
4093,54,1649212276.746794000,10.11.219.6
4094,85,1649212276.746959000,10.11.219.6
4095,54,1649212276.746969000,10.11.219.6
4096,85,1649212276.747147000,10.11.219.6
4097,54,1649212276.747158000,10.11.219.6
4098,85,1649212276.747312000,10.11.219.6
4099,54,1649212276.747322000,10.11.219.6
4100,90,1649212276.747627000,10.11.219.6
4101,66,1649212276.747638000,10.11.219.6
4102,-66,1649212276.747828000,151.101.229.16
4103,-66,1649212276.747828000,18.65.106.74
4104,-66,1649212276.747829000,151.101.229.16
4105,-66,1649212276.747829000,18.65.106.74
4106,66,1649212276.747859000,10.11.219.6
4107,85,1649212276.747885000,10.11.219.6
4108,54,1649212276.747896000,10.11.219.6
4109,85,1649212276.748119000,10.11.219.6
4110,54,1649212276.748130000,10.11.219.6
4111,97,1649212276.748429000,10.11.219.6
4112,66,1649212276.748439000,10.11.219.6
4113,97,1649212276.749235000,10.11.219.6
4114,66,1649212276.749266000,10.11.219.6
4115,97,1649212276.749961000,10.11.219.6
4116,66,1649212276.749984000,10.11.219.6
4117,90,1649212276.750371000,10.11.219.6
4118,66,1649212276.750388000,10.11.219.6
4119,-66,1649212276.750582000,18.65.121.59
4120,-66,1649212276.750583000,18.65.121.59
4121,66,1649212276.750615000,10.11.219.6
4122,90,1649212276.750847000,10.11.219.6
4123,66,1649212276.750865000,10.11.219.6
4124,97,1649212276.751174000,10.11.219.6
4125,66,1649212276.751192000,10.11.219.6
4126,-66,1649212276.751584000,18.65.116.87
4127,66,1649212276.751628000,10.11.219.6
4128,90,1649212276.751886000,10.11.219.6
4129,66,1649212276.751903000,10.11.219.6
4130,90,1649212276.752214000,10.11.219.6
4131,66,1649212276.752235000,10.11.219.6
4132,-66,1649212276.754754000,13.249.146.146
4133,-66,1649212276.754756000,18.65.116.14
4134,-66,1649212276.754756000,13.249.146.146
4135,-66,1649212276.754756000,18.65.116.14
4136,66,1649212276.754789000,10.11.219.6
4137,66,1649212276.754817000,10.11.219.6
4138,-66,1649212276.756417000,18.65.156.177
4139,-66,1649212276.756418000,18.65.156.177
4140,66,1649212276.756447000,10.11.219.6
4141,-66,1649212276.762259000,151.101.229.16
4142,-66,1649212276.762260000,151.101.229.16
4143,-90,1649212276.762260000,151.101.229.16
4144,-90,1649212276.762261000,151.101.229.16
4145,-66,1649212276.762261000,151.101.229.16
4146,-66,1649212276.762261000,151.101.229.16
4147,-66,1649212276.762262000,151.101.229.16
4148,-66,1649212276.762262000,151.101.229.16
4149,54,1649212276.762300000,10.11.219.6
4150,54,1649212276.762335000,10.11.219.6
4151,54,1649212276.762347000,10.11.219.6
4152,54,1649212276.762353000,10.11.219.6
4153,54,1649212276.762358000,10.11.219.6
4154,54,1649212276.762363000,10.11.219.6
4155,-66,1649212276.768596000,13.33.201.149
4156,-2802,1649212276.770139000,13.33.201.149
4157,66,1649212276.770151000,10.11.219.6
4158,-2802,1649212276.772114000,13.33.201.149
4159,-582,1649212276.772114000,13.33.201.149
4160,66,1649212276.772127000,10.11.219.6
4161,66,1649212276.772145000,10.11.219.6
4162,130,1649212276.775601000,10.11.219.6
4163,526,1649212276.775797000,10.11.219.6
4164,74,1649212276.798155000,10.11.219.6
4165,74,1649212276.799332000,10.11.219.6
4166,-231,1649212276.805015000,52.25.210.71
4167,66,1649212276.805040000,10.11.219.6
4168,112,1649212276.805369000,10.11.219.6
4169,97,1649212276.805583000,10.11.219.6
4170,-104,1649212276.811428000,52.25.210.71
4171,54,1649212276.811458000,10.11.219.6
4172,-66,1649212276.812760000,52.25.210.71
4173,54,1649212276.812781000,10.11.219.6
4174,-54,1649212276.854499000,54.240.252.146
4175,54,1649212276.854530000,10.11.219.6
4176,-66,1649212276.858903000,13.33.201.149
4177,-54,1649212276.860816000,52.94.215.173
4178,-66,1649212276.860817000,13.33.201.149
4179,-576,1649212276.860817000,13.33.201.149
4180,-54,1649212276.860818000,52.94.215.173
4181,54,1649212276.860847000,10.11.219.6
4182,66,1649212276.860883000,10.11.219.6
4183,54,1649212276.860903000,10.11.219.6
4184,90,1649212276.861493000,10.11.219.6
4185,66,1649212276.861519000,10.11.219.6
4186,-4717,1649212276.862905000,209.54.180.144
4187,-960,1649212276.862907000,209.54.180.144
4188,-54,1649212276.862907000,52.94.215.169
4189,-54,1649212276.862908000,52.94.215.169
4190,54,1649212276.862938000,10.11.219.6
4191,54,1649212276.862960000,10.11.219.6
4192,54,1649212276.862970000,10.11.219.6
4193,-54,1649212276.863670000,54.240.252.146
4194,-54,1649212276.863671000,54.240.252.146
4195,-54,1649212276.863672000,52.94.215.169
4196,-54,1649212276.863672000,52.94.215.169
4197,54,1649212276.863712000,10.11.219.6
4198,54,1649212276.863740000,10.11.219.6
4199,85,1649212276.864066000,10.11.219.6
4200,54,1649212276.864085000,10.11.219.6
4201,-54,1649212276.864719000,52.119.163.144
4202,54,1649212276.864741000,10.11.219.6
4203,-54,1649212276.866045000,54.240.252.146
4204,54,1649212276.866077000,10.11.219.6
4205,-54,1649212276.867116000,52.94.215.173
4206,-54,1649212276.867118000,54.240.252.146
4207,54,1649212276.867156000,10.11.219.6
4208,54,1649212276.867194000,10.11.219.6
4209,-54,1649212276.868162000,52.119.163.144
4210,54,1649212276.868184000,10.11.219.6
4211,74,1649212276.898814000,10.11.219.6
4212,-54,1649212276.987511000,54.240.252.146
4213,-54,1649212276.987516000,52.94.215.173
4214,-54,1649212276.987517000,52.94.215.169
4215,-54,1649212276.987518000,52.94.215.169
4216,-54,1649212276.987518000,52.94.215.173
4217,-66,1649212276.987518000,44.233.46.194
4218,-54,1649212276.987519000,52.119.167.229
4219,-66,1649212276.987520000,44.233.46.194
