index,size,time,ip
0,243,1647347611.609082000,192.168.10.155
1,130,1647347611.609288000,192.168.10.155
2,664,1647347611.609591000,192.168.10.155
3,499,1647347611.609720000,192.168.10.155
4,74,1647347611.609803000,192.168.10.155
5,-66,1647347611.611960000,104.93.9.144
6,-143,1647347611.611962000,104.93.9.144
7,66,1647347611.611993000,192.168.10.155
8,104,1647347611.612102000,192.168.10.155
9,538,1647347611.612396000,192.168.10.155
10,-66,1647347611.612543000,54.239.168.97
11,-66,1647347611.612544000,104.93.9.144
12,-66,1647347611.613490000,54.239.168.97
13,-74,1647347611.613492000,54.230.130.62
14,66,1647347611.613566000,192.168.10.155
15,-610,1647347611.614296000,54.239.168.97
16,66,1647347611.614335000,192.168.10.155
17,-90,1647347611.614388000,54.239.168.97
18,282,1647347611.614554000,192.168.10.155
19,-66,1647347611.614574000,104.93.9.144
20,90,1647347611.614897000,192.168.10.155
21,66,1647347611.614920000,192.168.10.155
22,-66,1647347611.615106000,54.230.130.15
23,-66,1647347611.617387000,54.230.130.62
24,-60,1647347611.617457000,54.239.168.97
25,-60,1647347611.617457000,54.239.168.97
26,-2922,1647347611.618887000,54.230.130.62
27,66,1647347611.618901000,192.168.10.155
28,-1059,1647347611.619204000,54.230.130.15
29,66,1647347611.619211000,192.168.10.155
30,74,1647347611.619449000,192.168.10.155
31,-1109,1647347611.621145000,54.230.130.62
32,66,1647347611.621155000,192.168.10.155
33,-74,1647347611.621982000,54.239.168.97
34,66,1647347611.622007000,192.168.10.155
35,159,1647347611.622161000,192.168.10.155
36,561,1647347611.622367000,192.168.10.155
37,583,1647347611.624101000,192.168.10.155
38,-66,1647347611.625086000,54.230.130.62
39,-1449,1647347611.625219000,54.230.130.15
40,-237,1647347611.625541000,54.230.130.62
41,-135,1647347611.625542000,54.230.130.62
42,66,1647347611.625554000,192.168.10.155
43,66,1647347611.625573000,192.168.10.155
44,243,1647347611.626155000,192.168.10.155
45,104,1647347611.626452000,192.168.10.155
46,-66,1647347611.627302000,54.239.168.97
47,-1494,1647347611.628211000,54.239.168.97
48,66,1647347611.628234000,192.168.10.155
49,-1494,1647347611.628303000,54.239.168.97
50,66,1647347611.628309000,192.168.10.155
51,-66,1647347611.628856000,54.230.130.62
52,-104,1647347611.628857000,54.230.130.62
53,-66,1647347611.628857000,54.230.130.62
54,66,1647347611.628872000,192.168.10.155
55,-1208,1647347611.629821000,54.239.168.97
56,66,1647347611.629831000,192.168.10.155
57,130,1647347611.635598000,192.168.10.155
58,500,1647347611.635760000,192.168.10.155
59,-66,1647347611.637889000,54.239.168.97
60,-66,1647347611.638207000,54.239.168.97
61,-610,1647347611.640522000,54.239.168.97
62,66,1647347611.640531000,192.168.10.155
63,-90,1647347611.640622000,54.239.168.97
64,90,1647347611.640809000,192.168.10.155
65,66,1647347611.640831000,192.168.10.155
66,74,1647347611.642550000,192.168.10.155
67,-60,1647347611.643071000,54.239.168.97
68,-60,1647347611.643071000,54.239.168.97
69,-74,1647347611.645000000,54.239.168.97
70,66,1647347611.645017000,192.168.10.155
71,583,1647347611.647111000,192.168.10.155
72,-97,1647347611.647362000,52.41.155.26
73,-66,1647347611.647362000,52.41.155.26
74,54,1647347611.647399000,192.168.10.155
75,54,1647347611.647417000,192.168.10.155
76,-66,1647347611.650153000,54.239.168.97
77,-1494,1647347611.650974000,54.239.168.97
78,66,1647347611.651008000,192.168.10.155
79,-1494,1647347611.651089000,54.239.168.97
80,66,1647347611.651108000,192.168.10.155
81,-1208,1647347611.653366000,54.239.168.97
82,66,1647347611.653372000,192.168.10.155
83,130,1647347611.655374000,192.168.10.155
84,494,1647347611.655523000,192.168.10.155
85,-66,1647347611.657770000,54.239.168.97
86,-66,1647347611.658091000,54.239.168.97
87,-1494,1647347611.660063000,54.239.168.97
88,66,1647347611.660070000,192.168.10.155
89,-1494,1647347611.660147000,54.239.168.97
90,66,1647347611.660150000,192.168.10.155
91,-4350,1647347611.660825000,54.239.168.97
92,-90,1647347611.660826000,54.239.168.97
93,-66,1647347611.660826000,54.239.168.97
94,66,1647347611.660831000,192.168.10.155
95,66,1647347611.660838000,192.168.10.155
96,90,1647347611.661051000,192.168.10.155
97,66,1647347611.661069000,192.168.10.155
98,74,1647347611.662547000,192.168.10.155
99,-60,1647347611.663760000,54.239.168.97
100,-60,1647347611.663761000,54.239.168.97
101,-74,1647347611.665047000,54.239.168.97
102,66,1647347611.665071000,192.168.10.155
103,583,1647347611.667223000,192.168.10.155
104,-66,1647347611.670195000,54.239.168.97
105,66,1647347611.671481000,192.168.10.155
106,-2922,1647347611.672463000,54.239.168.97
107,66,1647347611.672481000,192.168.10.155
108,-1208,1647347611.673893000,54.239.168.97
109,66,1647347611.673905000,192.168.10.155
110,130,1647347611.676066000,192.168.10.155
111,495,1647347611.676190000,192.168.10.155
112,-66,1647347611.679564000,54.239.168.97
113,-66,1647347611.679565000,54.239.168.97
114,-642,1647347611.679864000,54.239.168.97
115,66,1647347611.679880000,192.168.10.155
116,90,1647347611.680307000,192.168.10.155
117,66,1647347611.680342000,192.168.10.155
118,-90,1647347611.680868000,54.239.168.97
119,54,1647347611.680895000,192.168.10.155
120,74,1647347611.706454000,192.168.10.155
121,-74,1647347611.709085000,54.239.168.97
122,66,1647347611.709101000,192.168.10.155
123,583,1647347611.711033000,192.168.10.155
124,-66,1647347611.714279000,54.239.168.97
125,-1494,1647347611.714775000,54.239.168.97
126,66,1647347611.714790000,192.168.10.155
127,-1494,1647347611.714852000,54.239.168.97
128,66,1647347611.714858000,192.168.10.155
129,-1208,1647347611.716428000,54.239.168.97
130,66,1647347611.716438000,192.168.10.155
131,130,1647347611.720562000,192.168.10.155
132,500,1647347611.720784000,192.168.10.155
133,-66,1647347611.723366000,54.239.168.97
134,-66,1647347611.723449000,54.239.168.97
135,-1494,1647347611.726070000,54.239.168.97
136,66,1647347611.726078000,192.168.10.155
137,-1494,1647347611.726208000,54.239.168.97
138,66,1647347611.726216000,192.168.10.155
139,-13616,1647347611.727264000,54.239.168.97
140,66,1647347611.727279000,192.168.10.155
141,-20058,1647347611.727364000,54.239.168.97
142,66,1647347611.727372000,192.168.10.155
143,-2922,1647347611.727393000,54.239.168.97
144,66,1647347611.727399000,192.168.10.155
145,-1494,1647347611.728790000,54.239.168.97
146,66,1647347611.728808000,192.168.10.155
147,-1494,1647347611.728857000,54.239.168.97
148,66,1647347611.728866000,192.168.10.155
149,-1494,1647347611.731157000,54.239.168.97
150,66,1647347611.731176000,192.168.10.155
151,-1494,1647347611.731234000,54.239.168.97
152,66,1647347611.731241000,192.168.10.155
153,-25770,1647347611.732319000,54.239.168.97
154,66,1647347611.732340000,192.168.10.155
155,-3402,1647347611.732379000,54.239.168.97
156,66,1647347611.732388000,192.168.10.155
157,90,1647347611.732720000,192.168.10.155
158,66,1647347611.732753000,192.168.10.155
159,74,1647347611.735277000,192.168.10.155
160,-60,1647347611.735326000,54.239.168.97
161,-60,1647347611.735328000,54.239.168.97
162,-74,1647347611.738027000,54.239.168.97
163,66,1647347611.738050000,192.168.10.155
164,583,1647347611.741388000,192.168.10.155
165,-66,1647347611.758168000,54.239.168.97
166,-1494,1647347611.758539000,54.239.168.97
167,66,1647347611.758568000,192.168.10.155
168,-1494,1647347611.758742000,54.239.168.97
169,66,1647347611.758756000,192.168.10.155
170,-1208,1647347611.758924000,54.239.168.97
171,66,1647347611.758940000,192.168.10.155
172,130,1647347611.765561000,192.168.10.155
173,501,1647347611.765991000,192.168.10.155
174,-66,1647347611.768450000,54.239.168.97
175,-66,1647347611.768526000,54.239.168.97
176,-675,1647347611.769438000,54.239.168.97
177,66,1647347611.769457000,192.168.10.155
178,-90,1647347611.769857000,54.239.168.97
179,90,1647347611.769867000,192.168.10.155
180,66,1647347611.769915000,192.168.10.155
181,74,1647347611.771896000,192.168.10.155
182,-74,1647347611.774530000,54.239.168.97
183,66,1647347611.774553000,192.168.10.155
184,583,1647347611.777153000,192.168.10.155
185,-66,1647347611.780090000,54.239.168.97
186,-2922,1647347611.782124000,54.239.168.97
187,66,1647347611.782209000,192.168.10.155
188,-1208,1647347611.783994000,54.239.168.97
189,66,1647347611.784028000,192.168.10.155
190,130,1647347611.789253000,192.168.10.155
191,508,1647347611.789462000,192.168.10.155
192,-66,1647347611.792062000,54.239.168.97
193,-66,1647347611.792172000,54.239.168.97
194,-4102,1647347611.792865000,54.239.168.97
195,66,1647347611.792873000,192.168.10.155
196,90,1647347611.793114000,192.168.10.155
197,66,1647347611.793133000,192.168.10.155
198,-90,1647347611.793550000,54.239.168.97
199,54,1647347611.793571000,192.168.10.155
200,74,1647347611.794816000,192.168.10.155
201,-74,1647347611.797718000,54.239.168.97
202,66,1647347611.797747000,192.168.10.155
203,583,1647347611.801907000,192.168.10.155
204,-66,1647347611.804832000,54.239.168.97
205,-2922,1647347611.805847000,54.239.168.97
206,66,1647347611.805860000,192.168.10.155
207,-1208,1647347611.807373000,54.239.168.97
208,66,1647347611.807378000,192.168.10.155
209,130,1647347611.810823000,192.168.10.155
210,506,1647347611.811006000,192.168.10.155
211,-66,1647347611.814407000,54.239.168.97
212,-66,1647347611.814408000,54.239.168.97
213,-1494,1647347611.815486000,54.239.168.97
214,66,1647347611.815507000,192.168.10.155
215,-1394,1647347611.815556000,54.239.168.97
216,-90,1647347611.815557000,54.239.168.97
217,66,1647347611.815567000,192.168.10.155
218,90,1647347611.815856000,192.168.10.155
219,66,1647347611.815884000,192.168.10.155
220,74,1647347611.818619000,192.168.10.155
221,-74,1647347611.822869000,54.239.168.97
222,66,1647347611.822891000,192.168.10.155
223,-60,1647347611.822959000,54.239.168.97
224,-60,1647347611.822960000,54.239.168.97
225,583,1647347611.826240000,192.168.10.155
226,-66,1647347611.829861000,54.239.168.97
227,-1494,1647347611.830682000,54.239.168.97
228,66,1647347611.830706000,192.168.10.155
229,-1494,1647347611.830770000,54.239.168.97
230,66,1647347611.830778000,192.168.10.155
231,-1208,1647347611.832831000,54.239.168.97
232,66,1647347611.832843000,192.168.10.155
233,130,1647347611.837998000,192.168.10.155
234,518,1647347611.838271000,192.168.10.155
235,-66,1647347611.840505000,54.239.168.97
236,-66,1647347611.841256000,54.239.168.97
237,-995,1647347611.841888000,54.239.168.97
238,66,1647347611.841908000,192.168.10.155
239,-90,1647347611.841954000,54.239.168.97
240,90,1647347611.842301000,192.168.10.155
241,66,1647347611.842332000,192.168.10.155
242,74,1647347611.844438000,192.168.10.155
243,-60,1647347611.845050000,54.239.168.97
244,-60,1647347611.845050000,54.239.168.97
245,-74,1647347611.846841000,54.239.168.97
246,66,1647347611.846873000,192.168.10.155
247,-850,1647347611.850548000,104.93.9.144
248,66,1647347611.850573000,192.168.10.155
249,583,1647347611.852510000,192.168.10.155
250,-66,1647347611.855364000,54.239.168.97
251,-1494,1647347611.856073000,54.239.168.97
252,66,1647347611.856095000,192.168.10.155
253,-1494,1647347611.856171000,54.239.168.97
254,66,1647347611.856176000,192.168.10.155
255,-1208,1647347611.857876000,54.239.168.97
256,66,1647347611.857888000,192.168.10.155
257,-1514,1647347611.857986000,104.93.9.144
258,66,1647347611.857991000,192.168.10.155
259,-1506,1647347611.858427000,104.93.9.144
260,-5842,1647347611.858429000,104.93.9.144
261,-3235,1647347611.858430000,104.93.9.144
262,66,1647347611.858439000,192.168.10.155
263,66,1647347611.858448000,192.168.10.155
264,66,1647347611.858451000,192.168.10.155
265,130,1647347611.861143000,192.168.10.155
266,518,1647347611.861339000,192.168.10.155
267,-66,1647347611.863517000,54.239.168.97
268,-66,1647347611.863957000,54.239.168.97
269,-674,1647347611.864325000,54.239.168.97
270,66,1647347611.864347000,192.168.10.155
271,90,1647347611.864694000,192.168.10.155
272,66,1647347611.864721000,192.168.10.155
273,-90,1647347611.865750000,54.239.168.97
274,54,1647347611.865782000,192.168.10.155
275,74,1647347611.878420000,192.168.10.155
276,-74,1647347611.881037000,54.239.168.97
277,66,1647347611.881152000,192.168.10.155
278,583,1647347611.885590000,192.168.10.155
279,-66,1647347611.888505000,54.239.168.97
280,-1494,1647347611.889499000,54.239.168.97
281,66,1647347611.889533000,192.168.10.155
282,-1494,1647347611.889588000,54.239.168.97
283,66,1647347611.889594000,192.168.10.155
284,-1208,1647347611.891236000,54.239.168.97
285,66,1647347611.891255000,192.168.10.155
286,130,1647347611.894810000,192.168.10.155
287,517,1647347611.895000000,192.168.10.155
288,-66,1647347611.897287000,54.239.168.97
289,-66,1647347611.897383000,54.239.168.97
290,-772,1647347611.897972000,54.239.168.97
291,66,1647347611.897989000,192.168.10.155
292,-90,1647347611.898203000,54.239.168.97
293,90,1647347611.898302000,192.168.10.155
294,66,1647347611.898363000,192.168.10.155
295,-60,1647347611.900596000,54.239.168.97
296,-60,1647347611.900859000,54.239.168.97
297,547,1647347611.936170000,192.168.10.155
298,74,1647347611.938645000,192.168.10.155
299,74,1647347611.938733000,192.168.10.155
300,74,1647347611.938788000,192.168.10.155
301,74,1647347611.938834000,192.168.10.155
302,74,1647347611.938881000,192.168.10.155
303,-1067,1647347611.939153000,54.230.130.15
304,66,1647347611.939168000,192.168.10.155
305,570,1647347611.941834000,192.168.10.155
306,-1832,1647347611.944831000,54.230.130.15
307,66,1647347611.944852000,192.168.10.155
308,-74,1647347611.948513000,151.101.109.16
309,66,1647347611.948545000,192.168.10.155
310,-74,1647347611.948615000,151.101.109.16
311,-74,1647347611.948615000,151.101.109.16
312,-74,1647347611.948616000,151.101.109.16
313,66,1647347611.948627000,192.168.10.155
314,66,1647347611.948637000,192.168.10.155
315,66,1647347611.948643000,192.168.10.155
316,-74,1647347611.949766000,151.101.109.16
317,66,1647347611.949852000,192.168.10.155
318,583,1647347611.953162000,192.168.10.155
319,583,1647347611.956513000,192.168.10.155
320,583,1647347611.959413000,192.168.10.155
321,583,1647347611.961279000,192.168.10.155
322,-66,1647347611.962485000,151.101.109.16
323,583,1647347611.964320000,192.168.10.155
324,-2962,1647347611.964925000,151.101.109.16
325,66,1647347611.964941000,192.168.10.155
326,-2601,1647347611.965589000,151.101.109.16
327,66,1647347611.965611000,192.168.10.155
328,-66,1647347611.965921000,151.101.109.16
329,-66,1647347611.969644000,151.101.109.16
330,-1514,1647347611.969709000,151.101.109.16
331,66,1647347611.969749000,192.168.10.155
332,-2962,1647347611.970364000,151.101.109.16
333,-1153,1647347611.970365000,151.101.109.16
334,66,1647347611.970394000,192.168.10.155
335,66,1647347611.970415000,192.168.10.155
336,130,1647347611.970929000,192.168.10.155
337,-66,1647347611.971282000,151.101.109.16
338,-1514,1647347611.971400000,151.101.109.16
339,66,1647347611.971411000,192.168.10.155
340,-1514,1647347611.971713000,151.101.109.16
341,-2601,1647347611.971715000,151.101.109.16
342,66,1647347611.971725000,192.168.10.155
343,66,1647347611.971737000,192.168.10.155
344,236,1647347611.971767000,192.168.10.155
345,394,1647347611.972003000,192.168.10.155
346,-1514,1647347611.972669000,151.101.109.16
347,66,1647347611.972680000,192.168.10.155
348,-1514,1647347611.972784000,151.101.109.16
349,-1514,1647347611.972785000,151.101.109.16
350,66,1647347611.972792000,192.168.10.155
351,66,1647347611.972801000,192.168.10.155
352,-1153,1647347611.973332000,151.101.109.16
353,66,1647347611.973336000,192.168.10.155
354,-66,1647347611.973883000,151.101.109.16
355,130,1647347611.975032000,192.168.10.155
356,253,1647347611.975644000,192.168.10.155
357,-1514,1647347611.975702000,151.101.109.16
358,66,1647347611.975712000,192.168.10.155
359,-1514,1647347611.975838000,151.101.109.16
360,-1514,1647347611.975838000,151.101.109.16
361,66,1647347611.975850000,192.168.10.155
362,66,1647347611.975863000,192.168.10.155
363,178,1647347611.976121000,192.168.10.155
364,90,1647347611.976645000,192.168.10.155
365,66,1647347611.976663000,192.168.10.155
366,-1153,1647347611.976719000,151.101.109.16
367,66,1647347611.976727000,192.168.10.155
368,130,1647347611.976819000,192.168.10.155
369,236,1647347611.977926000,192.168.10.155
370,897,1647347611.977953000,192.168.10.155
371,130,1647347611.978175000,192.168.10.155
372,253,1647347611.978901000,192.168.10.155
373,445,1647347611.979073000,192.168.10.155
374,90,1647347611.980068000,192.168.10.155
375,66,1647347611.980093000,192.168.10.155
376,-66,1647347611.980663000,151.101.109.16
377,-66,1647347611.980717000,151.101.109.16
378,-66,1647347611.981027000,151.101.109.16
379,-125,1647347611.981028000,151.101.109.16
380,66,1647347611.981080000,192.168.10.155
381,-5858,1647347611.981232000,151.101.109.16
382,-1514,1647347611.981234000,151.101.109.16
383,66,1647347611.981251000,192.168.10.155
384,66,1647347611.981270000,192.168.10.155
385,97,1647347611.981517000,192.168.10.155
386,-4410,1647347611.982014000,151.101.109.16
387,66,1647347611.982023000,192.168.10.155
388,-4846,1647347611.982680000,151.101.109.16
389,66,1647347611.982692000,192.168.10.155
390,130,1647347611.983139000,192.168.10.155
391,-5858,1647347611.983316000,151.101.109.16
392,66,1647347611.983324000,192.168.10.155
393,253,1647347611.983429000,192.168.10.155
394,331,1647347611.983700000,192.168.10.155
395,-5858,1647347611.983893000,151.101.109.16
396,66,1647347611.983901000,192.168.10.155
397,90,1647347611.984038000,192.168.10.155
398,-66,1647347611.984912000,151.101.109.16
399,-1514,1647347611.984913000,151.101.109.16
400,66,1647347611.984974000,192.168.10.155
401,-4410,1647347611.985335000,151.101.109.16
402,-66,1647347611.985337000,151.101.109.16
403,-125,1647347611.985337000,151.101.109.16
404,-147,1647347611.985338000,151.101.109.16
405,-66,1647347611.985338000,151.101.109.16
406,54,1647347611.985395000,192.168.10.155
407,66,1647347611.985409000,192.168.10.155
408,-1514,1647347611.985447000,151.101.109.16
409,66,1647347611.985473000,192.168.10.155
410,-4410,1647347611.985751000,151.101.109.16
411,-66,1647347611.985752000,151.101.109.16
412,-90,1647347611.985752000,151.101.109.16
413,-66,1647347611.985753000,151.101.109.16
414,-66,1647347611.985753000,151.101.109.16
415,54,1647347611.985782000,192.168.10.155
416,54,1647347611.985806000,192.168.10.155
417,54,1647347611.985812000,192.168.10.155
418,54,1647347611.985816000,192.168.10.155
419,66,1647347611.985911000,192.168.10.155
420,-66,1647347611.986536000,151.101.109.16
421,-66,1647347611.987794000,151.101.109.16
422,-125,1647347611.987794000,151.101.109.16
423,-66,1647347611.987795000,151.101.109.16
424,-66,1647347611.987795000,151.101.109.16
425,66,1647347611.987814000,192.168.10.155
426,97,1647347611.987882000,192.168.10.155
427,-66,1647347611.988443000,151.101.109.16
428,-125,1647347611.988443000,151.101.109.16
429,-4410,1647347611.988444000,151.101.109.16
430,-4410,1647347611.988444000,151.101.109.16
431,54,1647347611.988462000,192.168.10.155
432,66,1647347611.988472000,192.168.10.155
433,66,1647347611.988479000,192.168.10.155
434,-66,1647347611.988492000,151.101.109.16
435,-4410,1647347611.988989000,151.101.109.16
436,66,1647347611.988996000,192.168.10.155
437,-66,1647347611.989542000,151.101.109.16
438,-90,1647347611.989542000,151.101.109.16
439,-66,1647347611.989543000,151.101.109.16
440,-66,1647347611.989543000,151.101.109.16
441,54,1647347611.989556000,192.168.10.155
442,54,1647347611.989563000,192.168.10.155
443,54,1647347611.989565000,192.168.10.155
444,54,1647347611.989567000,192.168.10.155
445,-4410,1647347611.990227000,151.101.109.16
446,66,1647347611.990232000,192.168.10.155
447,-2962,1647347611.990764000,151.101.109.16
448,-4410,1647347611.990765000,151.101.109.16
449,-4410,1647347611.990766000,151.101.109.16
450,66,1647347611.990776000,192.168.10.155
451,66,1647347611.990789000,192.168.10.155
452,-2962,1647347611.990814000,151.101.109.16
453,66,1647347611.990886000,192.168.10.155
454,-1514,1647347611.991084000,151.101.109.16
455,66,1647347611.991087000,192.168.10.155
456,-2962,1647347611.991233000,151.101.109.16
457,66,1647347611.991238000,192.168.10.155
458,-7306,1647347611.991462000,151.101.109.16
459,66,1647347611.991477000,192.168.10.155
460,-66,1647347611.991991000,151.101.109.16
461,-1514,1647347611.991992000,151.101.109.16
462,-1180,1647347611.992087000,151.101.109.16
463,-66,1647347611.992088000,151.101.109.16
464,66,1647347611.992097000,192.168.10.155
465,-8754,1647347611.992524000,151.101.109.16
466,66,1647347611.992541000,192.168.10.155
467,-66,1647347611.993255000,151.101.109.16
468,-125,1647347611.993255000,151.101.109.16
469,-1514,1647347611.993256000,151.101.109.16
470,54,1647347611.993284000,192.168.10.155
471,66,1647347611.993310000,192.168.10.155
472,-4410,1647347611.994202000,151.101.109.16
473,-66,1647347611.994203000,151.101.109.16
474,-90,1647347611.994203000,151.101.109.16
475,-66,1647347611.994203000,151.101.109.16
476,-66,1647347611.994203000,151.101.109.16
477,-11650,1647347611.994205000,151.101.109.16
478,66,1647347611.994218000,192.168.10.155
479,54,1647347611.994236000,192.168.10.155
480,54,1647347611.994243000,192.168.10.155
481,54,1647347611.994247000,192.168.10.155
482,66,1647347611.994257000,192.168.10.155
483,-4410,1647347611.994263000,151.101.109.16
484,66,1647347611.994322000,192.168.10.155
485,-4410,1647347611.994406000,151.101.109.16
486,66,1647347611.994422000,192.168.10.155
487,-15994,1647347611.995311000,151.101.109.16
488,66,1647347611.995319000,192.168.10.155
489,-4410,1647347611.995623000,151.101.109.16
490,66,1647347611.995628000,192.168.10.155
491,-1514,1647347611.997662000,151.101.109.16
492,-1514,1647347611.997747000,151.101.109.16
493,66,1647347611.997758000,192.168.10.155
494,-66,1647347611.998660000,151.101.109.16
495,-5858,1647347611.998661000,151.101.109.16
496,66,1647347611.998673000,192.168.10.155
497,-5858,1647347611.999574000,151.101.109.16
498,66,1647347611.999584000,192.168.10.155
499,-5858,1647347611.999965000,151.101.109.16
500,66,1647347611.999973000,192.168.10.155
501,-4410,1647347612.000640000,151.101.109.16
502,66,1647347612.000674000,192.168.10.155
503,-7306,1647347612.001052000,151.101.109.16
504,66,1647347612.001072000,192.168.10.155
505,-16691,1647347612.002488000,151.101.109.16
506,66,1647347612.002495000,192.168.10.155
507,-4410,1647347612.002509000,151.101.109.16
508,66,1647347612.002511000,192.168.10.155
509,-1676,1647347612.003158000,151.101.109.16
510,66,1647347612.003167000,192.168.10.155
511,-4402,1647347612.051529000,104.93.9.144
512,66,1647347612.051585000,192.168.10.155
513,-8738,1647347612.051947000,104.93.9.144
514,-2962,1647347612.051949000,104.93.9.144
515,66,1647347612.051986000,192.168.10.155
516,66,1647347612.052016000,192.168.10.155
517,-10178,1647347612.052150000,104.93.9.144
518,66,1647347612.052158000,192.168.10.155
519,-8738,1647347612.052904000,104.93.9.144
520,66,1647347612.052916000,192.168.10.155
521,-2002,1647347612.053792000,104.93.9.144
522,66,1647347612.053817000,192.168.10.155
523,-4410,1647347612.082832000,104.93.9.144
524,66,1647347612.082849000,192.168.10.155
525,-4402,1647347612.082896000,104.93.9.144
526,66,1647347612.082901000,192.168.10.155
527,-8746,1647347612.083336000,104.93.9.144
528,-2962,1647347612.083339000,104.93.9.144
529,66,1647347612.083369000,192.168.10.155
530,66,1647347612.083404000,192.168.10.155
531,-14530,1647347612.083783000,104.93.9.144
532,66,1647347612.083806000,192.168.10.155
533,-23234,1647347612.083911000,104.93.9.144
534,66,1647347612.083930000,192.168.10.155
535,-6050,1647347612.084947000,104.93.9.144
536,66,1647347612.084964000,192.168.10.155
537,-1722,1647347612.086027000,104.93.9.144
538,-3978,1647347612.086028000,104.93.9.144
539,66,1647347612.086039000,192.168.10.155
540,66,1647347612.086050000,192.168.10.155
541,-1514,1647347612.091680000,104.93.9.144
542,66,1647347612.091692000,192.168.10.155
543,-2280,1647347612.091822000,104.93.9.144
544,66,1647347612.091828000,192.168.10.155
545,174,1647347612.097977000,192.168.10.155
546,174,1647347612.101976000,192.168.10.155
547,169,1647347612.104980000,192.168.10.155
548,622,1647347612.106596000,192.168.10.155
549,207,1647347612.106899000,192.168.10.155
550,1181,1647347612.107324000,192.168.10.155
551,-66,1647347612.107710000,151.101.109.16
552,-1514,1647347612.107710000,151.101.109.16
553,302,1647347612.107725000,192.168.10.155
554,66,1647347612.107738000,192.168.10.155
555,296,1647347612.108034000,192.168.10.155
556,302,1647347612.108125000,192.168.10.155
557,-6664,1647347612.108400000,151.101.109.16
558,177,1647347612.108410000,192.168.10.155
559,177,1647347612.108657000,192.168.10.155
560,-66,1647347612.110945000,151.101.109.16
561,-612,1647347612.111038000,151.101.109.16
562,66,1647347612.111045000,192.168.10.155
563,-66,1647347612.113775000,151.101.109.16
564,-1514,1647347612.114151000,151.101.109.16
565,66,1647347612.114164000,192.168.10.155
566,-3715,1647347612.114312000,151.101.109.16
567,66,1647347612.114316000,192.168.10.155
568,-1514,1647347612.115057000,104.93.9.144
569,66,1647347612.115070000,192.168.10.155
570,-1514,1647347612.115162000,104.93.9.144
571,66,1647347612.115171000,192.168.10.155
572,-13583,1647347612.115974000,104.93.9.144
573,66,1647347612.115982000,192.168.10.155
574,-66,1647347612.117175000,151.101.109.16
575,-10755,1647347612.117182000,104.93.9.144
576,66,1647347612.117255000,192.168.10.155
577,-16006,1647347612.117388000,151.101.109.16
578,66,1647347612.117404000,192.168.10.155
579,-14546,1647347612.117460000,151.101.109.16
580,66,1647347612.117475000,192.168.10.155
581,-2023,1647347612.117670000,151.101.109.16
582,-8754,1647347612.117673000,151.101.109.16
583,66,1647347612.117692000,192.168.10.155
584,66,1647347612.117707000,192.168.10.155
585,-15994,1647347612.117902000,151.101.109.16
586,66,1647347612.117917000,192.168.10.155
587,-24682,1647347612.119062000,151.101.109.16
588,66,1647347612.119083000,192.168.10.155
589,-66,1647347612.119333000,151.101.109.16
590,-66,1647347612.119333000,151.101.109.16
591,-66,1647347612.119334000,151.101.109.16
592,-4410,1647347612.119334000,151.101.109.16
593,66,1647347612.119353000,192.168.10.155
594,-20338,1647347612.119788000,151.101.109.16
595,66,1647347612.119800000,192.168.10.155
596,-66,1647347612.120432000,151.101.109.16
597,-66,1647347612.120433000,151.101.109.16
598,-66,1647347612.120433000,151.101.109.16
599,-66,1647347612.120433000,151.101.109.16
600,-1514,1647347612.122957000,151.101.109.16
601,66,1647347612.122964000,192.168.10.155
602,-1514,1647347612.123082000,151.101.109.16
603,66,1647347612.123086000,192.168.10.155
604,-24682,1647347612.124140000,151.101.109.16
605,66,1647347612.124144000,192.168.10.155
606,-1514,1647347612.126520000,151.101.109.16
607,66,1647347612.126531000,192.168.10.155
608,-1514,1647347612.126636000,151.101.109.16
609,66,1647347612.126639000,192.168.10.155
610,-29026,1647347612.127672000,151.101.109.16
611,66,1647347612.127677000,192.168.10.155
612,-5858,1647347612.128507000,151.101.109.16
613,-5858,1647347612.128509000,151.101.109.16
614,66,1647347612.128526000,192.168.10.155
615,66,1647347612.128547000,192.168.10.155
616,-29026,1647347612.129134000,151.101.109.16
617,66,1647347612.129143000,192.168.10.155
618,-17442,1647347612.129182000,151.101.109.16
619,66,1647347612.129185000,192.168.10.155
620,-13098,1647347612.130455000,151.101.109.16
621,66,1647347612.130478000,192.168.10.155
622,-44954,1647347612.130780000,151.101.109.16
623,66,1647347612.130811000,192.168.10.155
624,-20338,1647347612.132260000,151.101.109.16
625,66,1647347612.132272000,192.168.10.155
626,-49298,1647347612.132380000,151.101.109.16
627,66,1647347612.132386000,192.168.10.155
628,-15994,1647347612.133392000,151.101.109.16
629,66,1647347612.133405000,192.168.10.155
630,-49298,1647347612.134745000,151.101.109.16
631,66,1647347612.134796000,192.168.10.155
632,-1514,1647347612.135434000,151.101.109.16
633,66,1647347612.135488000,192.168.10.155
634,-1514,1647347612.135561000,151.101.109.16
635,66,1647347612.135569000,192.168.10.155
636,-1514,1647347612.136290000,151.101.109.16
637,66,1647347612.136301000,192.168.10.155
638,-1514,1647347612.136404000,151.101.109.16
639,66,1647347612.136408000,192.168.10.155
640,-10202,1647347612.137199000,151.101.109.16
641,66,1647347612.137212000,192.168.10.155
642,-1332,1647347612.137757000,104.93.9.144
643,66,1647347612.137768000,192.168.10.155
644,-1514,1647347612.137870000,151.101.109.16
645,66,1647347612.137874000,192.168.10.155
646,-53642,1647347612.139079000,151.101.109.16
647,66,1647347612.139088000,192.168.10.155
648,-4410,1647347612.140683000,151.101.109.16
649,-5858,1647347612.140685000,151.101.109.16
650,-65226,1647347612.140697000,151.101.109.16
651,66,1647347612.140720000,192.168.10.155
652,66,1647347612.140743000,192.168.10.155
653,66,1647347612.140750000,192.168.10.155
654,-65226,1647347612.142811000,151.101.109.16
655,66,1647347612.142831000,192.168.10.155
656,-56538,1647347612.142946000,151.101.109.16
657,-8754,1647347612.142977000,151.101.109.16
658,66,1647347612.143064000,192.168.10.155
659,-11650,1647347612.143224000,151.101.109.16
660,66,1647347612.143388000,192.168.10.155
661,-30142,1647347612.143708000,151.101.109.16
662,66,1647347612.143716000,192.168.10.155
663,211,1647347612.153243000,192.168.10.155
664,198,1647347612.153553000,192.168.10.155
665,74,1647347612.154584000,192.168.10.155
666,-66,1647347612.162895000,151.101.109.16
667,-66,1647347612.162896000,151.101.109.16
668,-10999,1647347612.163534000,151.101.109.16
669,66,1647347612.163555000,192.168.10.155
670,-4518,1647347612.163844000,151.101.109.16
671,66,1647347612.163854000,192.168.10.155
672,169,1647347612.182767000,192.168.10.155
673,200,1647347612.188407000,192.168.10.155
674,74,1647347612.188482000,192.168.10.155
675,-943,1647347612.189953000,104.93.9.144
676,66,1647347612.189963000,192.168.10.155
677,-66,1647347612.192174000,151.101.109.16
678,-10202,1647347612.193271000,151.101.109.16
679,66,1647347612.193282000,192.168.10.155
680,-6023,1647347612.194086000,151.101.109.16
681,-10121,1647347612.194088000,151.101.109.16
682,66,1647347612.194092000,192.168.10.155
683,66,1647347612.194101000,192.168.10.155
684,-66,1647347612.198036000,151.101.109.16
685,-74,1647347612.198126000,151.101.109.16
686,66,1647347612.198144000,192.168.10.155
687,-16027,1647347612.199143000,151.101.109.16
688,66,1647347612.199155000,192.168.10.155
689,-7306,1647347612.199178000,151.101.109.16
690,66,1647347612.199183000,192.168.10.155
691,-9263,1647347612.199509000,151.101.109.16
692,-1514,1647347612.199510000,151.101.109.16
693,66,1647347612.199516000,192.168.10.155
694,-5858,1647347612.199585000,151.101.109.16
695,66,1647347612.199588000,192.168.10.155
696,-11600,1647347612.200459000,151.101.109.16
697,66,1647347612.200479000,192.168.10.155
698,583,1647347612.202099000,192.168.10.155
699,-1514,1647347612.207210000,104.93.9.144
700,66,1647347612.207224000,192.168.10.155
701,-1053,1647347612.207306000,104.93.9.144
702,66,1647347612.207311000,192.168.10.155
703,-66,1647347612.211886000,151.101.109.16
704,-4410,1647347612.215272000,151.101.109.16
705,66,1647347612.215293000,192.168.10.155
706,-1137,1647347612.215682000,151.101.109.16
707,66,1647347612.215689000,192.168.10.155
708,130,1647347612.220510000,192.168.10.155
709,253,1647347612.220798000,192.168.10.155
710,90,1647347612.221330000,192.168.10.155
711,66,1647347612.221349000,192.168.10.155
712,-66,1647347612.230160000,151.101.109.16
713,-66,1647347612.230245000,151.101.109.16
714,-125,1647347612.230925000,151.101.109.16
715,-66,1647347612.230926000,151.101.109.16
716,-66,1647347612.230926000,151.101.109.16
717,-90,1647347612.230926000,151.101.109.16
718,-66,1647347612.230927000,151.101.109.16
719,54,1647347612.230994000,192.168.10.155
720,54,1647347612.231040000,192.168.10.155
721,54,1647347612.231051000,192.168.10.155
722,54,1647347612.231054000,192.168.10.155
723,54,1647347612.231057000,192.168.10.155
724,214,1647347612.237617000,192.168.10.155
725,-1514,1647347612.241928000,104.93.9.144
726,66,1647347612.241944000,192.168.10.155
727,-772,1647347612.242010000,104.93.9.144
728,66,1647347612.242014000,192.168.10.155
729,-1514,1647347612.243343000,104.93.9.144
730,66,1647347612.243358000,192.168.10.155
731,-1514,1647347612.243431000,104.93.9.144
732,66,1647347612.243439000,192.168.10.155
733,-13583,1647347612.244379000,104.93.9.144
734,66,1647347612.244389000,192.168.10.155
735,-143,1647347612.244435000,104.93.9.144
736,-5530,1647347612.244437000,104.93.9.144
737,66,1647347612.244447000,192.168.10.155
738,66,1647347612.244456000,192.168.10.155
739,-66,1647347612.247123000,151.101.109.16
740,-1514,1647347612.247473000,151.101.109.16
741,-2682,1647347612.247611000,151.101.109.16
742,66,1647347612.247628000,192.168.10.155
743,74,1647347612.251656000,192.168.10.155
744,202,1647347612.254625000,192.168.10.155
745,159,1647347612.254941000,192.168.10.155
746,174,1647347612.255046000,192.168.10.155
747,177,1647347612.255977000,192.168.10.155
748,-74,1647347612.261599000,151.101.109.16
749,66,1647347612.261631000,192.168.10.155
750,-66,1647347612.264058000,151.101.109.16
751,-66,1647347612.264169000,151.101.109.16
752,-555,1647347612.264359000,151.101.109.16
753,-66,1647347612.264803000,151.101.109.16
754,-273,1647347612.264805000,151.101.109.16
755,-140,1647347612.264807000,151.101.109.16
756,-1664,1647347612.265450000,151.101.109.16
757,-66,1647347612.265450000,151.101.109.16
758,66,1647347612.265466000,192.168.10.155
759,-3040,1647347612.266082000,151.101.109.16
760,66,1647347612.266096000,192.168.10.155
761,583,1647347612.267358000,192.168.10.155
762,-74,1647347612.269268000,44.240.177.0
763,66,1647347612.269309000,192.168.10.155
764,583,1647347612.273484000,192.168.10.155
765,155,1647347612.274245000,192.168.10.155
766,155,1647347612.274547000,192.168.10.155
767,-1984,1647347612.275361000,104.93.9.144
768,66,1647347612.275372000,192.168.10.155
769,-66,1647347612.277762000,151.101.109.16
770,-2962,1647347612.287484000,151.101.109.16
771,66,1647347612.287507000,192.168.10.155
772,-1514,1647347612.287562000,151.101.109.16
773,-1153,1647347612.287563000,151.101.109.16
774,66,1647347612.287575000,192.168.10.155
775,66,1647347612.287583000,192.168.10.155
776,-66,1647347612.288502000,151.101.109.16
777,-66,1647347612.288503000,151.101.109.16
778,-16031,1647347612.288509000,151.101.109.16
779,66,1647347612.288531000,192.168.10.155
780,-5864,1647347612.288556000,151.101.109.16
781,-581,1647347612.288557000,151.101.109.16
782,66,1647347612.288562000,192.168.10.155
783,130,1647347612.296294000,192.168.10.155
784,253,1647347612.296641000,192.168.10.155
785,90,1647347612.298577000,192.168.10.155
786,66,1647347612.298614000,192.168.10.155
787,155,1647347612.300427000,192.168.10.155
788,155,1647347612.300853000,192.168.10.155
789,-66,1647347612.305820000,151.101.109.16
790,-66,1647347612.305912000,151.101.109.16
791,-125,1647347612.306153000,151.101.109.16
792,54,1647347612.306172000,192.168.10.155
793,-66,1647347612.307844000,151.101.109.16
794,54,1647347612.307856000,192.168.10.155
795,-66,1647347612.307957000,151.101.109.16
796,-90,1647347612.307958000,151.101.109.16
797,54,1647347612.307964000,192.168.10.155
798,54,1647347612.307971000,192.168.10.155
799,-66,1647347612.308492000,151.101.109.16
800,54,1647347612.308499000,192.168.10.155
801,-66,1647347612.309859000,151.101.109.16
802,-66,1647347612.310139000,151.101.109.16
803,-1514,1647347612.310281000,151.101.109.16
804,-6895,1647347612.310753000,151.101.109.16
805,66,1647347612.310759000,192.168.10.155
806,-16127,1647347612.311795000,151.101.109.16
807,66,1647347612.311806000,192.168.10.155
808,-551,1647347612.312162000,151.101.109.16
809,-199,1647347612.312163000,104.93.9.144
810,66,1647347612.312175000,192.168.10.155
811,-224,1647347612.313524000,104.93.9.144
812,66,1647347612.313579000,192.168.10.155
813,66,1647347612.355499000,192.168.10.155
814,-66,1647347612.388995000,44.240.177.0
815,-2962,1647347612.390714000,44.240.177.0
816,66,1647347612.390732000,192.168.10.155
817,-2615,1647347612.391322000,44.240.177.0
818,66,1647347612.391329000,192.168.10.155
819,192,1647347612.398425000,192.168.10.155
820,-324,1647347612.514423000,44.240.177.0
821,-135,1647347612.514424000,44.240.177.0
822,66,1647347612.514448000,192.168.10.155
823,66,1647347612.514472000,192.168.10.155
824,243,1647347612.568435000,192.168.10.155
825,507,1647347612.568584000,192.168.10.155
826,104,1647347612.568947000,192.168.10.155
827,194,1647347612.654191000,192.168.10.155
828,181,1647347612.654896000,192.168.10.155
829,-66,1647347612.664290000,151.101.109.16
830,-66,1647347612.665150000,151.101.109.16
831,-11650,1647347612.665155000,151.101.109.16
832,66,1647347612.665188000,192.168.10.155
833,-4471,1647347612.665322000,151.101.109.16
834,66,1647347612.665330000,192.168.10.155
835,-11650,1647347612.665599000,151.101.109.16
836,66,1647347612.665606000,192.168.10.155
837,-4919,1647347612.665678000,151.101.109.16
838,66,1647347612.665683000,192.168.10.155
839,-17442,1647347612.666594000,151.101.109.16
840,66,1647347612.666613000,192.168.10.155
841,-7709,1647347612.666953000,151.101.109.16
842,66,1647347612.666960000,192.168.10.155
843,-66,1647347612.683405000,44.240.177.0
844,-104,1647347612.683442000,44.240.177.0
845,66,1647347612.683459000,192.168.10.155
846,-236,1647347612.685553000,44.240.177.0
847,66,1647347612.685601000,192.168.10.155
848,-104,1647347612.685713000,44.240.177.0
849,66,1647347612.685739000,192.168.10.155
850,157,1647347612.740113000,192.168.10.155
851,-66,1647347612.750322000,151.101.109.16
852,-2962,1647347612.750883000,151.101.109.16
853,66,1647347612.750929000,192.168.10.155
854,-11650,1647347612.751271000,151.101.109.16
855,66,1647347612.751282000,192.168.10.155
856,-1592,1647347612.751546000,151.101.109.16
857,-5858,1647347612.751548000,151.101.109.16
858,66,1647347612.751564000,192.168.10.155
859,66,1647347612.751585000,192.168.10.155
860,-10711,1647347612.752682000,151.101.109.16
861,66,1647347612.752696000,192.168.10.155
862,-17442,1647347612.752766000,151.101.109.16
863,66,1647347612.752774000,192.168.10.155
864,-5858,1647347612.753070000,151.101.109.16
865,-5504,1647347612.753076000,151.101.109.16
866,66,1647347612.753087000,192.168.10.155
867,66,1647347612.753102000,192.168.10.155
868,202,1647347612.770772000,192.168.10.155
869,155,1647347612.774102000,192.168.10.155
870,-66,1647347612.780267000,151.101.109.16
871,-1695,1647347612.780638000,151.101.109.16
872,66,1647347612.780674000,192.168.10.155
873,-66,1647347612.783349000,151.101.109.16
874,-1046,1647347612.783898000,151.101.109.16
875,66,1647347612.783919000,192.168.10.155
876,-2962,1647347612.826302000,104.93.9.144
877,66,1647347612.826317000,192.168.10.155
878,-2631,1647347612.826468000,104.93.9.144
879,66,1647347612.826473000,192.168.10.155
880,-2962,1647347612.833464000,104.93.9.144
881,66,1647347612.833487000,192.168.10.155
882,-6768,1647347612.834002000,104.93.9.144
883,66,1647347612.834038000,192.168.10.155
884,-2962,1647347612.836396000,104.93.9.144
885,66,1647347612.836410000,192.168.10.155
886,-3683,1647347612.837024000,104.93.9.144
887,66,1647347612.837037000,192.168.10.155
888,-1900,1647347612.870583000,104.93.9.144
889,66,1647347612.870672000,192.168.10.155
890,164,1647347612.888592000,192.168.10.155
891,262,1647347612.888892000,192.168.10.155
892,165,1647347612.889047000,192.168.10.155
893,164,1647347612.889264000,192.168.10.155
894,164,1647347612.889524000,192.168.10.155
895,152,1647347612.889861000,192.168.10.155
896,164,1647347612.889871000,192.168.10.155
897,-66,1647347612.898454000,151.101.109.16
898,-66,1647347612.898455000,151.101.109.16
899,-66,1647347612.899017000,151.101.109.16
900,-66,1647347612.899018000,151.101.109.16
901,-66,1647347612.899018000,151.101.109.16
902,-5719,1647347612.899019000,151.101.109.16
903,66,1647347612.899039000,192.168.10.155
904,-5755,1647347612.899322000,151.101.109.16
905,-5858,1647347612.899323000,151.101.109.16
906,66,1647347612.899330000,192.168.10.155
907,66,1647347612.899339000,192.168.10.155
908,-1229,1647347612.899716000,151.101.109.16
909,-8102,1647347612.899717000,151.101.109.16
910,66,1647347612.899724000,192.168.10.155
911,66,1647347612.899735000,192.168.10.155
912,-66,1647347612.901170000,151.101.109.16
913,-66,1647347612.901172000,151.101.109.16
914,-5738,1647347612.901173000,151.101.109.16
915,-9766,1647347612.901177000,151.101.109.16
916,66,1647347612.901229000,192.168.10.155
917,66,1647347612.901273000,192.168.10.155
918,-8718,1647347612.902067000,151.101.109.16
919,-7521,1647347612.902068000,151.101.109.16
920,66,1647347612.902080000,192.168.10.155
921,66,1647347612.902092000,192.168.10.155
922,-307,1647347612.907828000,104.93.9.144
923,66,1647347612.907853000,192.168.10.155
924,-1514,1647347612.928148000,104.93.9.144
925,66,1647347612.928168000,192.168.10.155
926,-1514,1647347612.928204000,104.93.9.144
927,66,1647347612.928210000,192.168.10.155
928,-2711,1647347612.928783000,104.93.9.144
929,66,1647347612.928796000,192.168.10.155
930,-1514,1647347612.936419000,104.93.9.144
931,66,1647347612.936436000,192.168.10.155
932,-1514,1647347612.936509000,104.93.9.144
933,66,1647347612.936515000,192.168.10.155
934,-5759,1647347612.937169000,104.93.9.144
935,66,1647347612.937176000,192.168.10.155
936,164,1647347612.961974000,192.168.10.155
937,160,1647347612.967373000,192.168.10.155
938,160,1647347612.968112000,192.168.10.155
939,160,1647347612.968483000,192.168.10.155
940,160,1647347612.968812000,192.168.10.155
941,160,1647347612.969120000,192.168.10.155
942,160,1647347612.971051000,192.168.10.155
943,160,1647347612.971361000,192.168.10.155
944,254,1647347612.971574000,192.168.10.155
945,159,1647347612.971904000,192.168.10.155
946,-66,1647347612.972183000,151.101.109.16
947,-514,1647347612.972184000,151.101.109.16
948,66,1647347612.972238000,192.168.10.155
949,-1514,1647347612.975353000,104.93.9.144
950,66,1647347612.975368000,192.168.10.155
951,-1514,1647347612.975423000,104.93.9.144
952,66,1647347612.975428000,192.168.10.155
953,-13583,1647347612.976349000,104.93.9.144
954,66,1647347612.976366000,192.168.10.155
955,-6622,1647347612.976400000,104.93.9.144
956,66,1647347612.976407000,192.168.10.155
957,-66,1647347612.977238000,151.101.109.16
958,-66,1647347612.977339000,151.101.109.16
959,-6060,1647347612.977866000,151.101.109.16
960,-2962,1647347612.977867000,151.101.109.16
961,-1514,1647347612.977898000,151.101.109.16
962,66,1647347612.977919000,192.168.10.155
963,-4232,1647347612.978564000,151.101.109.16
964,-66,1647347612.978565000,151.101.109.16
965,-66,1647347612.978566000,151.101.109.16
966,66,1647347612.978580000,192.168.10.155
967,-9375,1647347612.979431000,151.101.109.16
968,-66,1647347612.979432000,151.101.109.16
969,-6261,1647347612.979479000,151.101.109.16
970,66,1647347612.979509000,192.168.10.155
971,-8588,1647347612.979793000,151.101.109.16
972,66,1647347612.979801000,192.168.10.155
973,-66,1647347612.980530000,151.101.109.16
974,-66,1647347612.980625000,151.101.109.16
975,-66,1647347612.980936000,151.101.109.16
976,-1514,1647347612.981230000,151.101.109.16
977,66,1647347612.981249000,192.168.10.155
978,-7306,1647347612.981473000,151.101.109.16
979,66,1647347612.981533000,192.168.10.155
980,-1343,1647347612.982339000,151.101.109.16
981,-66,1647347612.982340000,151.101.109.16
982,-20141,1647347612.982344000,151.101.109.16
983,66,1647347612.982364000,192.168.10.155
984,66,1647347612.982473000,192.168.10.155
985,-797,1647347612.982826000,104.93.9.144
986,-5977,1647347612.982828000,151.101.109.16
987,-2962,1647347612.982828000,151.101.109.16
988,66,1647347612.982837000,192.168.10.155
989,-9742,1647347612.982968000,151.101.109.16
990,66,1647347612.983216000,192.168.10.155
991,184,1647347613.020518000,192.168.10.155
992,178,1647347613.021720000,192.168.10.155
993,239,1647347613.022375000,192.168.10.155
994,160,1647347613.023728000,192.168.10.155
995,166,1647347613.026203000,192.168.10.155
996,167,1647347613.026430000,192.168.10.155
997,166,1647347613.026839000,192.168.10.155
998,252,1647347613.027035000,192.168.10.155
999,153,1647347613.027403000,192.168.10.155
1000,153,1647347613.027743000,192.168.10.155
1001,222,1647347613.028015000,192.168.10.155
1002,-66,1647347613.029699000,151.101.109.16
1003,-1514,1647347613.029820000,151.101.109.16
1004,66,1647347613.029835000,192.168.10.155
1005,-11650,1647347613.030314000,151.101.109.16
1006,66,1647347613.030331000,192.168.10.155
1007,-2968,1647347613.030477000,151.101.109.16
1008,-6828,1647347613.030485000,151.101.109.16
1009,66,1647347613.030500000,192.168.10.155
1010,66,1647347613.030512000,192.168.10.155
1011,-66,1647347613.031420000,151.101.109.16
1012,-66,1647347613.031690000,151.101.109.16
1013,-4410,1647347613.031918000,151.101.109.16
1014,-3503,1647347613.032264000,151.101.109.16
1015,-66,1647347613.033034000,151.101.109.16
1016,-1514,1647347613.033728000,151.101.109.16
1017,-1639,1647347613.033818000,151.101.109.16
1018,-378,1647347613.033894000,151.101.109.16
1019,66,1647347613.034025000,192.168.10.155
1020,-66,1647347613.035387000,151.101.109.16
1021,-66,1647347613.035740000,151.101.109.16
1022,-66,1647347613.036074000,151.101.109.16
1023,-7172,1647347613.036805000,151.101.109.16
1024,66,1647347613.036851000,192.168.10.155
1025,-66,1647347613.037133000,151.101.109.16
1026,-4485,1647347613.037143000,151.101.109.16
1027,-66,1647347613.037145000,151.101.109.16
1028,-66,1647347613.037146000,151.101.109.16
1029,-1514,1647347613.037148000,151.101.109.16
1030,-2045,1647347613.037261000,151.101.109.16
1031,-66,1647347613.037262000,151.101.109.16
1032,-3447,1647347613.037873000,151.101.109.16
1033,-4059,1647347613.037875000,151.101.109.16
1034,-2857,1647347613.037875000,151.101.109.16
1035,164,1647347613.038436000,192.168.10.155
1036,66,1647347613.038518000,192.168.10.155
1037,-4504,1647347613.038760000,151.101.109.16
1038,-3073,1647347613.038764000,151.101.109.16
1039,66,1647347613.038781000,192.168.10.155
1040,66,1647347613.038794000,192.168.10.155
1041,-66,1647347613.049516000,151.101.109.16
1042,-1047,1647347613.053334000,151.101.109.16
1043,66,1647347613.053347000,192.168.10.155
1044,180,1647347613.058943000,192.168.10.155
1045,240,1647347613.060184000,192.168.10.155
1046,-66,1647347613.067718000,151.101.109.16
1047,-1470,1647347613.068136000,151.101.109.16
1048,-66,1647347613.068897000,151.101.109.16
1049,-1514,1647347613.069406000,151.101.109.16
1050,66,1647347613.069415000,192.168.10.155
1051,-1514,1647347613.069469000,151.101.109.16
1052,-11434,1647347613.070211000,151.101.109.16
1053,66,1647347613.070253000,192.168.10.155
1054,155,1647347613.098840000,192.168.10.155
1055,-66,1647347613.108627000,151.101.109.16
1056,-1413,1647347613.108778000,151.101.109.16
1057,66,1647347613.108841000,192.168.10.155
1058,251,1647347613.119237000,192.168.10.155
1059,-66,1647347613.128623000,151.101.109.16
1060,-1514,1647347613.133129000,151.101.109.16
1061,-1514,1647347613.133191000,151.101.109.16
1062,66,1647347613.133303000,192.168.10.155
1063,-11650,1647347613.133880000,151.101.109.16
1064,-1592,1647347613.133908000,151.101.109.16
1065,-958,1647347613.133909000,151.101.109.16
1066,66,1647347613.133974000,192.168.10.155
1067,-1514,1647347613.317774000,104.93.9.144
1068,66,1647347613.317790000,192.168.10.155
1069,-1956,1647347613.317923000,104.93.9.144
1070,66,1647347613.317926000,192.168.10.155
1071,-1514,1647347613.335676000,104.93.9.144
1072,66,1647347613.335689000,192.168.10.155
1073,-1514,1647347613.335845000,104.93.9.144
1074,66,1647347613.335850000,192.168.10.155
1075,-13583,1647347613.336382000,104.93.9.144
1076,66,1647347613.336391000,192.168.10.155
1077,-16479,1647347613.336529000,104.93.9.144
1078,66,1647347613.336535000,192.168.10.155
1079,-934,1647347613.336983000,104.93.9.144
1080,66,1647347613.336993000,192.168.10.155
1081,177,1647347613.341349000,192.168.10.155
1082,-66,1647347613.350742000,151.101.109.16
1083,74,1647347613.350790000,192.168.10.155
1084,-2962,1647347613.351627000,151.101.109.16
1085,66,1647347613.351668000,192.168.10.155
1086,-6250,1647347613.351993000,151.101.109.16
1087,66,1647347613.352019000,192.168.10.155
1088,171,1647347613.360217000,192.168.10.155
1089,-458,1647347613.387014000,151.101.109.16
1090,78,1647347613.387035000,192.168.10.155
1091,-66,1647347613.390312000,151.101.109.16
1092,-369,1647347613.390664000,151.101.109.16
1093,66,1647347613.390684000,192.168.10.155
1094,157,1647347613.399852000,192.168.10.155
1095,-66,1647347613.409402000,151.101.109.16
1096,-2962,1647347613.411562000,151.101.109.16
1097,66,1647347613.411577000,192.168.10.155
1098,-2962,1647347613.413712000,151.101.109.16
1099,66,1647347613.413732000,192.168.10.155
1100,-10361,1647347613.414086000,151.101.109.16
1101,66,1647347613.414101000,192.168.10.155
1102,-16503,1647347613.414158000,151.101.109.16
1103,66,1647347613.414164000,192.168.10.155
1104,-23234,1647347613.414206000,151.101.109.16
1105,66,1647347613.414212000,192.168.10.155
1106,-2962,1647347613.415848000,151.101.109.16
1107,66,1647347613.415871000,192.168.10.155
1108,-20338,1647347613.416351000,151.101.109.16
1109,66,1647347613.416360000,192.168.10.155
1110,-23234,1647347613.416428000,151.101.109.16
1111,66,1647347613.416433000,192.168.10.155
1112,-23234,1647347613.416517000,151.101.109.16
1113,66,1647347613.416527000,192.168.10.155
1114,-23234,1647347613.417668000,151.101.109.16
1115,66,1647347613.417681000,192.168.10.155
1116,-18890,1647347613.417736000,151.101.109.16
1117,66,1647347613.417740000,192.168.10.155
1118,-2962,1647347613.426403000,151.101.109.16
1119,66,1647347613.426436000,192.168.10.155
1120,-10439,1647347613.427183000,151.101.109.16
1121,66,1647347613.427195000,192.168.10.155
1122,-3574,1647347613.427247000,151.101.109.16
1123,66,1647347613.427255000,192.168.10.155
1124,178,1647347613.457332000,192.168.10.155
1125,-66,1647347613.466704000,151.101.109.16
1126,-1019,1647347613.467227000,151.101.109.16
1127,66,1647347613.467263000,192.168.10.155
1128,352,1647347613.486563000,192.168.10.155
1129,-66,1647347613.496133000,151.101.109.16
1130,-1514,1647347613.496134000,151.101.109.16
1131,-14503,1647347613.497054000,151.101.109.16
1132,66,1647347613.497287000,192.168.10.155
1133,-16503,1647347613.497868000,151.101.109.16
1134,-32940,1647347613.497978000,151.101.109.16
1135,-17442,1647347613.498027000,151.101.109.16
1136,66,1647347613.498241000,192.168.10.155
1137,-29534,1647347613.498556000,151.101.109.16
1138,66,1647347613.498564000,192.168.10.155
1139,-66,1647347613.499160000,52.119.167.229
1140,54,1647347613.499189000,192.168.10.155
1141,571,1647347613.503961000,192.168.10.155
1142,580,1647347613.606726000,192.168.10.155
1143,-66,1647347613.608994000,104.93.9.144
1144,-60,1647347613.617460000,52.119.167.229
1145,-1514,1647347613.619068000,104.93.9.144
1146,66,1647347613.619081000,192.168.10.155
1147,-1407,1647347613.619228000,104.93.9.144
1148,66,1647347613.619233000,192.168.10.155
1149,-60,1647347613.621793000,52.119.167.229
1150,-1514,1647347613.626153000,52.119.167.229
1151,54,1647347613.626183000,192.168.10.155
1152,-1514,1647347613.626369000,52.119.167.229
1153,54,1647347613.626374000,192.168.10.155
1154,-3047,1647347613.626880000,52.119.167.229
1155,54,1647347613.626887000,192.168.10.155
1156,180,1647347613.631509000,192.168.10.155
1157,177,1647347613.745188000,192.168.10.155
1158,-105,1647347613.749590000,52.119.167.229
1159,54,1647347613.749669000,192.168.10.155
1160,524,1647347613.750351000,192.168.10.155
1161,-66,1647347613.754566000,151.101.109.16
1162,-1980,1647347613.755249000,151.101.109.16
1163,66,1647347613.755260000,192.168.10.155
1164,74,1647347613.782467000,192.168.10.155
1165,-503,1647347613.888375000,52.119.167.229
1166,54,1647347613.888404000,192.168.10.155
1167,-66,1647347613.902113000,52.119.169.237
1168,54,1647347613.902154000,192.168.10.155
1169,571,1647347613.906036000,192.168.10.155
1170,1030,1647347613.906478000,192.168.10.155
1171,1304,1647347613.906750000,192.168.10.155
1172,1250,1647347613.907069000,192.168.10.155
1173,74,1647347613.908623000,192.168.10.155
1174,149,1647347613.910826000,192.168.10.155
1175,74,1647347613.913722000,192.168.10.155
1176,-74,1647347613.916334000,54.239.163.138
1177,66,1647347613.916374000,192.168.10.155
1178,-66,1647347613.919773000,151.101.109.16
1179,-1514,1647347613.919901000,151.101.109.16
1180,-3209,1647347613.920257000,151.101.109.16
1181,583,1647347613.920459000,192.168.10.155
1182,66,1647347613.920721000,192.168.10.155
1183,-66,1647347613.923495000,54.239.163.138
1184,-2922,1647347613.924580000,54.239.163.138
1185,66,1647347613.924611000,192.168.10.155
1186,-1494,1647347613.924881000,54.239.163.138
1187,66,1647347613.924889000,192.168.10.155
1188,-1756,1647347613.926367000,54.239.163.138
1189,66,1647347613.926384000,192.168.10.155
1190,130,1647347613.933713000,192.168.10.155
1191,236,1647347613.934604000,192.168.10.155
1192,385,1647347613.934635000,192.168.10.155
1193,-66,1647347613.936394000,54.239.163.138
1194,-128,1647347613.936485000,54.239.163.138
1195,66,1647347613.936498000,192.168.10.155
1196,97,1647347613.936693000,192.168.10.155
1197,-66,1647347613.937399000,54.239.163.138
1198,-66,1647347613.937401000,54.239.163.138
1199,-97,1647347613.937401000,54.239.163.138
1200,66,1647347613.937429000,192.168.10.155
1201,-9716,1647347613.937928000,54.239.163.138
1202,66,1647347613.937944000,192.168.10.155
1203,-66,1647347613.939799000,54.239.163.138
1204,105,1647347613.944731000,192.168.10.155
1205,105,1647347613.944856000,192.168.10.155
1206,105,1647347613.945222000,192.168.10.155
1207,112,1647347613.945272000,192.168.10.155
1208,85,1647347613.945403000,192.168.10.155
1209,54,1647347613.945424000,192.168.10.155
1210,97,1647347613.945572000,192.168.10.155
1211,66,1647347613.945586000,192.168.10.155
1212,90,1647347613.946216000,192.168.10.155
1213,66,1647347613.946241000,192.168.10.155
1214,90,1647347613.946476000,192.168.10.155
1215,66,1647347613.946493000,192.168.10.155
1216,97,1647347613.946665000,192.168.10.155
1217,66,1647347613.946680000,192.168.10.155
1218,90,1647347613.946973000,192.168.10.155
1219,66,1647347613.946992000,192.168.10.155
1220,-66,1647347613.947750000,54.230.130.62
1221,-66,1647347613.947846000,54.239.163.138
1222,-66,1647347613.948240000,54.230.130.15
1223,66,1647347613.948250000,192.168.10.155
1224,-66,1647347613.949119000,54.230.130.62
1225,-66,1647347613.949259000,54.230.130.62
1226,66,1647347613.949314000,192.168.10.155
1227,-66,1647347613.949599000,54.239.163.138
1228,-66,1647347613.949686000,54.239.163.138
1229,66,1647347613.949697000,192.168.10.155
1230,-66,1647347613.950253000,104.93.9.144
1231,-66,1647347613.953475000,151.101.109.16
1232,-66,1647347613.954407000,151.101.109.16
1233,-66,1647347613.954798000,151.101.109.16
1234,-66,1647347613.954907000,151.101.109.16
1235,-90,1647347613.955705000,151.101.109.16
1236,54,1647347613.955795000,192.168.10.155
1237,-66,1647347613.955899000,151.101.109.16
1238,54,1647347613.955924000,192.168.10.155
1239,-66,1647347613.956669000,151.101.109.16
1240,-90,1647347613.956669000,151.101.109.16
1241,-66,1647347613.956670000,151.101.109.16
1242,-66,1647347613.956670000,151.101.109.16
1243,54,1647347613.956698000,192.168.10.155
1244,54,1647347613.956715000,192.168.10.155
1245,54,1647347613.956719000,192.168.10.155
1246,74,1647347613.971260000,192.168.10.155
1247,74,1647347613.971841000,192.168.10.155
1248,74,1647347613.972421000,192.168.10.155
1249,74,1647347613.972523000,192.168.10.155
1250,-74,1647347613.973278000,104.93.9.144
1251,66,1647347613.973302000,192.168.10.155
1252,583,1647347613.975944000,192.168.10.155
1253,-66,1647347613.978393000,104.93.9.144
1254,-1514,1647347613.979275000,104.93.9.144
1255,66,1647347613.979300000,192.168.10.155
1256,-1514,1647347613.979398000,104.93.9.144
1257,66,1647347613.979423000,192.168.10.155
1258,-1266,1647347613.979679000,104.93.9.144
1259,66,1647347613.979706000,192.168.10.155
1260,-1188,1647347613.980528000,104.93.9.144
1261,66,1647347613.980564000,192.168.10.155
1262,192,1647347613.993182000,192.168.10.155
1263,-66,1647347613.995633000,104.93.9.144
1264,-324,1647347614.003200000,104.93.9.144
1265,66,1647347614.003225000,192.168.10.155
1266,243,1647347614.004555000,192.168.10.155
1267,763,1647347614.004603000,192.168.10.155
1268,74,1647347614.004751000,192.168.10.155
1269,289,1647347614.004912000,192.168.10.155
1270,-66,1647347614.006534000,104.93.9.144
1271,-66,1647347614.006535000,104.93.9.144
1272,-66,1647347614.006852000,104.93.9.144
1273,-66,1647347614.013586000,52.94.176.11
1274,54,1647347614.013620000,192.168.10.155
1275,-143,1647347614.017901000,104.93.9.144
1276,66,1647347614.017929000,192.168.10.155
1277,-66,1647347614.021530000,44.240.177.0
1278,-60,1647347614.022163000,52.119.169.237
1279,-235,1647347614.024381000,44.240.177.0
1280,-104,1647347614.024382000,44.240.177.0
1281,66,1647347614.024405000,192.168.10.155
1282,66,1647347614.024425000,192.168.10.155
1283,571,1647347614.024878000,192.168.10.155
1284,104,1647347614.025261000,192.168.10.155
1285,-60,1647347614.026346000,52.119.169.237
1286,-66,1647347614.027124000,104.93.9.144
1287,-1514,1647347614.028251000,52.119.169.237
1288,54,1647347614.028276000,192.168.10.155
1289,-1514,1647347614.028333000,52.119.169.237
1290,54,1647347614.028339000,192.168.10.155
1291,-3105,1647347614.028928000,52.119.169.237
1292,54,1647347614.028941000,192.168.10.155
1293,-235,1647347614.044815000,44.240.177.0
1294,-104,1647347614.044816000,44.240.177.0
1295,66,1647347614.044841000,192.168.10.155
1296,66,1647347614.044862000,192.168.10.155
1297,-60,1647347614.063321000,52.119.167.229
1298,54,1647347614.063345000,192.168.10.155
1299,180,1647347614.064397000,192.168.10.155
1300,112,1647347614.064800000,192.168.10.155
1301,97,1647347614.065016000,192.168.10.155
1302,-66,1647347614.077813000,52.94.176.11
1303,54,1647347614.077900000,192.168.10.155
1304,571,1647347614.084666000,192.168.10.155
1305,-66,1647347614.085520000,52.94.176.11
1306,54,1647347614.085546000,192.168.10.155
1307,-74,1647347614.089501000,44.240.177.0
1308,66,1647347614.089627000,192.168.10.155
1309,571,1647347614.090581000,192.168.10.155
1310,583,1647347614.095817000,192.168.10.155
1311,-66,1647347614.115399000,52.94.176.11
1312,54,1647347614.115428000,192.168.10.155
1313,-60,1647347614.118059000,52.94.176.11
1314,571,1647347614.120439000,192.168.10.155
1315,-60,1647347614.129414000,52.94.176.11
1316,-1514,1647347614.132034000,52.94.176.11
1317,54,1647347614.132077000,192.168.10.155
1318,-1514,1647347614.132288000,52.94.176.11
1319,54,1647347614.132319000,192.168.10.155
1320,-3170,1647347614.132828000,52.94.176.11
1321,54,1647347614.132869000,192.168.10.155
1322,-476,1647347614.133681000,104.93.9.144
1323,180,1647347614.139040000,192.168.10.155
1324,-477,1647347614.140207000,104.93.9.144
1325,66,1647347614.140996000,192.168.10.155
1326,74,1647347614.159841000,192.168.10.155
1327,-66,1647347614.179928000,44.240.177.0
1328,-66,1647347614.179929000,44.240.177.0
1329,66,1647347614.179979000,192.168.10.155
1330,-60,1647347614.183424000,52.94.176.11
1331,-105,1647347614.184474000,52.119.169.237
1332,54,1647347614.184552000,192.168.10.155
1333,585,1647347614.189842000,192.168.10.155
1334,-60,1647347614.190560000,52.94.176.11
1335,-1514,1647347614.192222000,52.94.176.11
1336,54,1647347614.192236000,192.168.10.155
1337,-1514,1647347614.192332000,52.94.176.11
1338,54,1647347614.192338000,192.168.10.155
1339,-3170,1647347614.192645000,52.94.176.11
1340,54,1647347614.192651000,192.168.10.155
1341,-60,1647347614.198605000,52.94.176.11
1342,-60,1647347614.203806000,52.94.176.11
1343,180,1647347614.205183000,192.168.10.155
1344,-2974,1647347614.206095000,52.94.176.11
1345,54,1647347614.206111000,192.168.10.155
1346,-3170,1647347614.206686000,52.94.176.11
1347,54,1647347614.206694000,192.168.10.155
1348,-66,1647347614.213943000,44.240.177.0
1349,180,1647347614.216044000,192.168.10.155
1350,-1514,1647347614.218742000,44.240.177.0
1351,66,1647347614.218797000,192.168.10.155
1352,-1514,1647347614.218854000,44.240.177.0
1353,66,1647347614.218860000,192.168.10.155
1354,-2615,1647347614.219449000,44.240.177.0
1355,66,1647347614.219496000,192.168.10.155
1356,192,1647347614.225667000,192.168.10.155
1357,-60,1647347614.226172000,52.94.176.11
1358,-477,1647347614.232229000,104.93.9.144
1359,-60,1647347614.232232000,52.94.176.11
1360,66,1647347614.232319000,192.168.10.155
1361,-1514,1647347614.232888000,52.94.176.11
1362,54,1647347614.232902000,192.168.10.155
1363,-1514,1647347614.233002000,52.94.176.11
1364,54,1647347614.233008000,192.168.10.155
1365,112,1647347614.233148000,192.168.10.155
1366,97,1647347614.233390000,192.168.10.155
1367,-3170,1647347614.233992000,52.94.176.11
1368,54,1647347614.234005000,192.168.10.155
1369,-66,1647347614.234915000,104.93.9.144
1370,-97,1647347614.235328000,104.93.9.144
1371,54,1647347614.235445000,192.168.10.155
1372,-66,1647347614.235523000,104.93.9.144
1373,54,1647347614.235542000,192.168.10.155
1374,180,1647347614.239352000,192.168.10.155
1375,-105,1647347614.243606000,52.94.176.11
1376,54,1647347614.243622000,192.168.10.155
1377,1514,1647347614.244219000,192.168.10.155
1378,1514,1647347614.244234000,192.168.10.155
1379,1514,1647347614.244245000,192.168.10.155
1380,1514,1647347614.244247000,192.168.10.155
1381,1514,1647347614.244591000,192.168.10.155
1382,1514,1647347614.244598000,192.168.10.155
1383,1514,1647347614.244607000,192.168.10.155
1384,1514,1647347614.244610000,192.168.10.155
1385,1514,1647347614.244944000,192.168.10.155
1386,103,1647347614.244949000,192.168.10.155
1387,-66,1647347614.264170000,52.94.176.11
1388,54,1647347614.264285000,192.168.10.155
1389,571,1647347614.268076000,192.168.10.155
1390,-105,1647347614.311276000,52.94.176.11
1391,54,1647347614.311300000,192.168.10.155
1392,639,1647347614.311629000,192.168.10.155
1393,-439,1647347614.316718000,52.119.169.237
1394,54,1647347614.316747000,192.168.10.155
1395,85,1647347614.317069000,192.168.10.155
1396,54,1647347614.319884000,192.168.10.155
1397,-105,1647347614.329117000,52.94.176.11
1398,54,1647347614.329147000,192.168.10.155
1399,-324,1647347614.343620000,44.240.177.0
1400,66,1647347614.343643000,192.168.10.155
1401,-135,1647347614.344080000,44.240.177.0
1402,66,1647347614.344097000,192.168.10.155
1403,243,1647347614.345018000,192.168.10.155
1404,605,1647347614.345048000,192.168.10.155
1405,410,1647347614.345335000,192.168.10.155
1406,104,1647347614.345617000,192.168.10.155
1407,210,1647347614.345761000,192.168.10.155
1408,1514,1647347614.345816000,192.168.10.155
1409,1514,1647347614.345820000,192.168.10.155
1410,1514,1647347614.345826000,192.168.10.155
1411,1514,1647347614.345828000,192.168.10.155
1412,1514,1647347614.346267000,192.168.10.155
1413,-60,1647347614.348589000,52.94.176.11
1414,-60,1647347614.348680000,52.94.176.11
1415,-60,1647347614.349057000,52.94.176.11
1416,-60,1647347614.349058000,52.94.176.11
1417,-60,1647347614.349166000,52.94.176.11
1418,-105,1647347614.349882000,52.94.176.11
1419,54,1647347614.349901000,192.168.10.155
1420,1514,1647347614.350711000,192.168.10.155
1421,1514,1647347614.350727000,192.168.10.155
1422,1514,1647347614.350737000,192.168.10.155
1423,1514,1647347614.350739000,192.168.10.155
1424,1514,1647347614.351091000,192.168.10.155
1425,1514,1647347614.351098000,192.168.10.155
1426,1514,1647347614.351108000,192.168.10.155
1427,1514,1647347614.351110000,192.168.10.155
1428,1514,1647347614.351479000,192.168.10.155
1429,1514,1647347614.351487000,192.168.10.155
1430,112,1647347614.358643000,192.168.10.155
1431,85,1647347614.358757000,192.168.10.155
1432,54,1647347614.358774000,192.168.10.155
1433,97,1647347614.358953000,192.168.10.155
1434,-66,1647347614.360577000,104.93.9.144
1435,-681,1647347614.364014000,52.94.176.11
1436,54,1647347614.364032000,192.168.10.155
1437,85,1647347614.364599000,192.168.10.155
1438,54,1647347614.364629000,192.168.10.155
1439,-60,1647347614.368700000,52.94.176.11
1440,-60,1647347614.372664000,52.94.176.11
1441,-1514,1647347614.374600000,52.94.176.11
1442,54,1647347614.374625000,192.168.10.155
1443,-4630,1647347614.375453000,52.94.176.11
1444,54,1647347614.375482000,192.168.10.155
1445,-97,1647347614.382206000,104.93.9.144
1446,54,1647347614.382241000,192.168.10.155
1447,-66,1647347614.382293000,104.93.9.144
1448,54,1647347614.382302000,192.168.10.155
1449,180,1647347614.385545000,192.168.10.155
1450,-756,1647347614.431775000,52.94.176.11
1451,-103,1647347614.431776000,52.94.176.11
1452,54,1647347614.431804000,192.168.10.155
1453,54,1647347614.431824000,192.168.10.155
1454,85,1647347614.434676000,192.168.10.155
1455,54,1647347614.434708000,192.168.10.155
1456,-60,1647347614.437282000,52.119.169.237
1457,54,1647347614.437308000,192.168.10.155
1458,-60,1647347614.439698000,52.119.169.237
1459,-60,1647347614.461214000,52.94.176.11
1460,1514,1647347614.461244000,192.168.10.155
1461,1514,1647347614.461259000,192.168.10.155
1462,1514,1647347614.461270000,192.168.10.155
1463,1514,1647347614.461273000,192.168.10.155
1464,-60,1647347614.461427000,52.94.176.11
1465,1514,1647347614.461778000,192.168.10.155
1466,1514,1647347614.461785000,192.168.10.155
1467,1514,1647347614.461794000,192.168.10.155
1468,1514,1647347614.461797000,192.168.10.155
1469,-60,1647347614.461979000,52.94.176.11
1470,-60,1647347614.461979000,52.94.176.11
1471,1514,1647347614.462373000,192.168.10.155
1472,1514,1647347614.462387000,192.168.10.155
1473,1514,1647347614.462391000,192.168.10.155
1474,1514,1647347614.462397000,192.168.10.155
1475,1514,1647347614.462399000,192.168.10.155
1476,1514,1647347614.462761000,192.168.10.155
1477,1514,1647347614.462768000,192.168.10.155
1478,-60,1647347614.462965000,52.94.176.11
1479,-66,1647347614.462966000,44.240.177.0
1480,1514,1647347614.462980000,192.168.10.155
1481,1514,1647347614.462985000,192.168.10.155
1482,1514,1647347614.462994000,192.168.10.155
1483,1514,1647347614.462996000,192.168.10.155
1484,1514,1647347614.463001000,192.168.10.155
1485,1206,1647347614.463002000,192.168.10.155
1486,1514,1647347614.463400000,192.168.10.155
1487,1514,1647347614.463414000,192.168.10.155
1488,1514,1647347614.463416000,192.168.10.155
1489,-104,1647347614.464002000,44.240.177.0
1490,-66,1647347614.464003000,44.240.177.0
1491,-66,1647347614.464003000,44.240.177.0
1492,66,1647347614.464035000,192.168.10.155
1493,-236,1647347614.465459000,44.240.177.0
1494,-104,1647347614.465460000,44.240.177.0
1495,66,1647347614.465532000,192.168.10.155
1496,-235,1647347614.467132000,44.240.177.0
1497,66,1647347614.467152000,192.168.10.155
1498,-104,1647347614.467233000,44.240.177.0
1499,66,1647347614.467247000,192.168.10.155
1500,-60,1647347614.468687000,52.94.176.11
1501,54,1647347614.468709000,192.168.10.155
1502,-60,1647347614.471517000,52.94.176.11
1503,54,1647347614.471537000,192.168.10.155
1504,74,1647347614.476799000,192.168.10.155
1505,74,1647347614.477144000,192.168.10.155
1506,74,1647347614.487650000,192.168.10.155
1507,74,1647347614.487924000,192.168.10.155
1508,74,1647347614.488221000,192.168.10.155
1509,74,1647347614.488506000,192.168.10.155
1510,74,1647347614.489843000,192.168.10.155
1511,74,1647347614.489963000,192.168.10.155
1512,-105,1647347614.491540000,52.94.176.11
1513,54,1647347614.491557000,192.168.10.155
1514,1330,1647347614.491854000,192.168.10.155
1515,-74,1647347614.497137000,151.101.109.16
1516,66,1647347614.497174000,192.168.10.155
1517,-74,1647347614.497234000,151.101.109.16
1518,66,1647347614.497246000,192.168.10.155
1519,-74,1647347614.497592000,151.101.109.16
1520,66,1647347614.497604000,192.168.10.155
1521,-74,1647347614.498297000,151.101.109.16
1522,66,1647347614.498308000,192.168.10.155
1523,-74,1647347614.498887000,151.101.109.16
1524,66,1647347614.498898000,192.168.10.155
1525,-74,1647347614.499877000,151.101.109.16
1526,66,1647347614.499891000,192.168.10.155
1527,583,1647347614.500527000,192.168.10.155
1528,583,1647347614.504189000,192.168.10.155
1529,583,1647347614.508251000,192.168.10.155
1530,-66,1647347614.509753000,151.101.109.16
1531,-1514,1647347614.511522000,151.101.109.16
1532,66,1647347614.511536000,192.168.10.155
1533,583,1647347614.511557000,192.168.10.155
1534,-1514,1647347614.511658000,151.101.109.16
1535,66,1647347614.511663000,192.168.10.155
1536,-2585,1647347614.512225000,151.101.109.16
1537,66,1647347614.512230000,192.168.10.155
1538,-66,1647347614.514050000,151.101.109.16
1539,583,1647347614.514926000,192.168.10.155
1540,-2962,1647347614.516384000,151.101.109.16
1541,66,1647347614.516395000,192.168.10.155
1542,-1514,1647347614.516955000,151.101.109.16
1543,-1137,1647347614.516955000,151.101.109.16
1544,66,1647347614.516961000,192.168.10.155
1545,66,1647347614.516965000,192.168.10.155
1546,583,1647347614.518314000,192.168.10.155
1547,112,1647347614.518991000,192.168.10.155
1548,66,1647347614.519166000,192.168.10.155
1549,-66,1647347614.519172000,151.101.109.16
1550,66,1647347614.519235000,192.168.10.155
1551,66,1647347614.519283000,192.168.10.155
1552,66,1647347614.519344000,192.168.10.155
1553,66,1647347614.519396000,192.168.10.155
1554,66,1647347614.519719000,192.168.10.155
1555,85,1647347614.519906000,192.168.10.155
1556,54,1647347614.519916000,192.168.10.155
1557,97,1647347614.520059000,192.168.10.155
1558,66,1647347614.520069000,192.168.10.155
1559,-2962,1647347614.520770000,151.101.109.16
1560,54,1647347614.520786000,192.168.10.155
1561,-2585,1647347614.528637000,151.101.109.16
1562,-66,1647347614.528638000,151.101.109.16
1563,54,1647347614.528657000,192.168.10.155
1564,-2962,1647347614.529421000,151.101.109.16
1565,-2585,1647347614.529422000,151.101.109.16
1566,-66,1647347614.529422000,151.101.109.16
1567,-2962,1647347614.529423000,151.101.109.16
1568,-2585,1647347614.529423000,151.101.109.16
1569,54,1647347614.529446000,192.168.10.155
1570,54,1647347614.529468000,192.168.10.155
1571,54,1647347614.529481000,192.168.10.155
1572,54,1647347614.529489000,192.168.10.155
1573,-66,1647347614.529505000,151.101.109.16
1574,-90,1647347614.529506000,151.101.109.16
1575,-66,1647347614.529506000,151.101.109.16
1576,-66,1647347614.529506000,151.101.109.16
1577,-66,1647347614.529506000,151.101.109.16
1578,-66,1647347614.529507000,151.101.109.16
1579,-90,1647347614.529507000,151.101.109.16
1580,-66,1647347614.529507000,151.101.109.16
1581,54,1647347614.529513000,192.168.10.155
1582,54,1647347614.529518000,192.168.10.155
1583,54,1647347614.529522000,192.168.10.155
1584,54,1647347614.529537000,192.168.10.155
1585,54,1647347614.529542000,192.168.10.155
1586,54,1647347614.529546000,192.168.10.155
1587,-90,1647347614.529555000,151.101.109.16
1588,-66,1647347614.529556000,151.101.109.16
1589,-66,1647347614.529556000,151.101.109.16
1590,54,1647347614.529560000,192.168.10.155
1591,54,1647347614.529565000,192.168.10.155
1592,54,1647347614.529569000,192.168.10.155
1593,-1514,1647347614.530012000,151.101.109.16
1594,54,1647347614.530024000,192.168.10.155
1595,-1514,1647347614.530125000,151.101.109.16
1596,54,1647347614.530131000,192.168.10.155
1597,-2585,1647347614.530968000,151.101.109.16
1598,-90,1647347614.530969000,151.101.109.16
1599,54,1647347614.530986000,192.168.10.155
1600,54,1647347614.531003000,192.168.10.155
1601,-60,1647347614.540623000,52.94.176.11
1602,54,1647347614.540647000,192.168.10.155
1603,-60,1647347614.571855000,52.94.176.11
1604,1514,1647347614.571880000,192.168.10.155
1605,1514,1647347614.571892000,192.168.10.155
1606,1514,1647347614.571895000,192.168.10.155
1607,-60,1647347614.571956000,52.94.176.11
1608,1514,1647347614.571964000,192.168.10.155
1609,1514,1647347614.571968000,192.168.10.155
1610,1514,1647347614.571970000,192.168.10.155
1611,1514,1647347614.572377000,192.168.10.155
1612,-60,1647347614.572885000,52.94.176.11
1613,-60,1647347614.572885000,52.94.176.11
1614,1514,1647347614.572896000,192.168.10.155
1615,1514,1647347614.572900000,192.168.10.155
1616,1514,1647347614.572902000,192.168.10.155
1617,-60,1647347614.573005000,52.94.176.11
1618,1514,1647347614.573364000,192.168.10.155
1619,485,1647347614.573367000,192.168.10.155
1620,-60,1647347614.573573000,52.94.176.11
1621,-60,1647347614.574120000,52.94.176.11
1622,-60,1647347614.574233000,52.94.176.11
1623,-66,1647347614.580818000,44.240.177.0
1624,-66,1647347614.580819000,44.240.177.0
1625,-260,1647347614.585941000,44.240.177.0
1626,54,1647347614.585959000,192.168.10.155
1627,-74,1647347614.592059000,44.240.177.0
1628,54,1647347614.592066000,192.168.10.155
1629,-66,1647347614.599679000,52.94.176.11
1630,54,1647347614.599692000,192.168.10.155
1631,-681,1647347614.611636000,52.94.176.11
1632,54,1647347614.611659000,192.168.10.155
1633,-60,1647347614.624061000,52.94.176.11
1634,54,1647347614.624082000,192.168.10.155
1635,-66,1647347614.637748000,44.240.177.0
1636,-66,1647347614.637749000,44.240.177.0
1637,54,1647347614.637765000,192.168.10.155
1638,54,1647347614.637781000,192.168.10.155
1639,-60,1647347614.683080000,52.94.176.11
1640,-60,1647347614.683081000,52.94.176.11
1641,-60,1647347614.683081000,52.94.176.11
1642,-60,1647347614.683397000,52.94.176.11
1643,-60,1647347614.683837000,52.94.176.11
1644,-659,1647347614.705337000,52.94.176.11
1645,-105,1647347614.705338000,52.94.176.11
1646,54,1647347614.705353000,192.168.10.155
1647,54,1647347614.705369000,192.168.10.155
1648,-60,1647347614.705761000,52.94.176.11
1649,54,1647347614.705767000,192.168.10.155
