index,size,time,ip
0,78,1648819433.194008000,192.168.1.3
1,78,1648819433.194433000,192.168.1.3
2,-74,1648819433.216989000,18.65.110.227
3,66,1648819433.217033000,192.168.1.3
4,583,1648819433.217309000,192.168.1.3
5,-74,1648819433.217461000,18.65.110.227
6,66,1648819433.217484000,192.168.1.3
7,583,1648819433.217630000,192.168.1.3
8,-66,1648819433.242972000,18.65.110.227
9,-1468,1648819433.242973000,18.65.110.227
10,-1468,1648819433.242974000,18.65.110.227
11,-1468,1648819433.242975000,18.65.110.227
12,-66,1648819433.242981000,18.65.110.227
13,-1468,1648819433.242982000,18.65.110.227
14,-1468,1648819433.242983000,18.65.110.227
15,-1468,1648819433.242984000,18.65.110.227
16,66,1648819433.243020000,192.168.1.3
17,66,1648819433.243035000,192.168.1.3
18,66,1648819433.243096000,192.168.1.3
19,66,1648819433.243275000,192.168.1.3
20,-1115,1648819433.245146000,18.65.110.227
21,-1115,1648819433.245152000,18.65.110.227
22,66,1648819433.245184000,192.168.1.3
23,66,1648819433.245199000,192.168.1.3
24,130,1648819433.260218000,192.168.1.3
25,130,1648819433.260396000,192.168.1.3
26,66,1648819433.260481000,192.168.1.3
27,158,1648819433.260594000,192.168.1.3
28,706,1648819433.260816000,192.168.1.3
29,-66,1648819433.288218000,18.65.110.227
30,-128,1648819433.288220000,18.65.110.227
31,-66,1648819433.288221000,18.65.110.227
32,-97,1648819433.288222000,18.65.110.227
33,66,1648819433.288278000,192.168.1.3
34,66,1648819433.288313000,192.168.1.3
35,97,1648819433.288589000,192.168.1.3
36,-66,1648819433.288789000,18.65.110.227
37,-66,1648819433.288792000,18.65.110.227
38,-66,1648819433.288793000,18.65.110.227
39,-66,1648819433.288804000,18.65.110.227
40,66,1648819433.288907000,192.168.1.3
41,-66,1648819433.315149000,18.65.110.227
42,-1173,1648819433.544815000,18.65.110.227
43,66,1648819433.544877000,192.168.1.3
44,-1468,1648819433.545040000,18.65.110.227
45,-1468,1648819433.545045000,18.65.110.227
46,-1468,1648819433.545047000,18.65.110.227
47,-670,1648819433.545049000,18.65.110.227
48,66,1648819433.545116000,192.168.1.3
49,66,1648819433.546607000,192.168.1.3
50,-1468,1648819433.589401000,18.65.110.227
51,-1468,1648819433.589403000,18.65.110.227
52,-1468,1648819433.589405000,18.65.110.227
53,-1468,1648819433.589406000,18.65.110.227
54,66,1648819433.589455000,192.168.1.3
55,66,1648819433.589570000,192.168.1.3
56,-1357,1648819433.590215000,18.65.110.227
57,-1468,1648819433.590216000,18.65.110.227
58,-1468,1648819433.590217000,18.65.110.227
59,66,1648819433.590240000,192.168.1.3
60,66,1648819433.590388000,192.168.1.3
61,-1468,1648819433.591343000,18.65.110.227
62,-1468,1648819433.591344000,18.65.110.227
63,66,1648819433.591379000,192.168.1.3
64,66,1648819433.591559000,192.168.1.3
65,-1468,1648819433.591708000,18.65.110.227
66,-942,1648819433.591709000,18.65.110.227
67,66,1648819433.591734000,192.168.1.3
68,-1468,1648819433.600349000,18.65.110.227
69,-1468,1648819433.600351000,18.65.110.227
70,-1468,1648819433.600386000,18.65.110.227
71,-1468,1648819433.600389000,18.65.110.227
72,66,1648819433.600400000,192.168.1.3
73,66,1648819433.600425000,192.168.1.3
74,-1468,1648819433.601571000,18.65.110.227
75,-1468,1648819433.601573000,18.65.110.227
76,66,1648819433.601620000,192.168.1.3
77,-1468,1648819433.602568000,18.65.110.227
78,-1468,1648819433.602570000,18.65.110.227
79,66,1648819433.602601000,192.168.1.3
80,-1468,1648819433.603558000,18.65.110.227
81,-1468,1648819433.603560000,18.65.110.227
82,66,1648819433.603601000,192.168.1.3
83,66,1648819433.603797000,192.168.1.3
84,-1468,1648819433.604076000,18.65.110.227
85,-1468,1648819433.604077000,18.65.110.227
86,66,1648819433.604103000,192.168.1.3
87,66,1648819433.604934000,192.168.1.3
88,-913,1648819433.605768000,18.65.110.227
89,66,1648819433.606349000,192.168.1.3
90,-1468,1648819433.684113000,18.65.110.227
91,-1468,1648819433.684116000,18.65.110.227
92,-1468,1648819433.684116000,18.65.110.227
93,-1468,1648819433.684117000,18.65.110.227
94,66,1648819433.684158000,192.168.1.3
95,66,1648819433.684242000,192.168.1.3
96,-845,1648819433.685197000,18.65.110.227
97,-1468,1648819433.685199000,18.65.110.227
98,-239,1648819433.685200000,18.65.110.227
99,66,1648819433.685230000,192.168.1.3
100,-1468,1648819433.685534000,18.65.110.227
101,-1468,1648819433.685536000,18.65.110.227
102,66,1648819433.685559000,192.168.1.3
103,66,1648819433.685594000,192.168.1.3
104,-1468,1648819433.686667000,18.65.110.227
105,-1468,1648819433.686669000,18.65.110.227
106,66,1648819433.686696000,192.168.1.3
107,-1468,1648819433.686947000,18.65.110.227
108,-1468,1648819433.686949000,18.65.110.227
109,-1468,1648819433.686950000,18.65.110.227
110,-1468,1648819433.686951000,18.65.110.227
111,66,1648819433.686981000,192.168.1.3
112,66,1648819433.686994000,192.168.1.3
113,-1468,1648819433.687913000,18.65.110.227
114,-1468,1648819433.687914000,18.65.110.227
115,66,1648819433.687949000,192.168.1.3
116,66,1648819433.688162000,192.168.1.3
117,-1468,1648819433.688658000,18.65.110.227
118,-1468,1648819433.688660000,18.65.110.227
119,66,1648819433.688684000,192.168.1.3
120,-1300,1648819433.688809000,18.65.110.227
121,66,1648819433.688960000,192.168.1.3
122,78,1648819433.694308000,192.168.1.3
123,-1468,1648819433.694432000,18.65.110.227
124,-1468,1648819433.694433000,18.65.110.227
125,-1468,1648819433.694434000,18.65.110.227
126,-1468,1648819433.694436000,18.65.110.227
127,66,1648819433.694501000,192.168.1.3
128,66,1648819433.694555000,192.168.1.3
129,-1468,1648819433.695170000,18.65.110.227
130,-1468,1648819433.695171000,18.65.110.227
131,66,1648819433.695194000,192.168.1.3
132,66,1648819433.695308000,192.168.1.3
133,-1468,1648819433.696273000,18.65.110.227
134,-1468,1648819433.696274000,18.65.110.227
135,-1468,1648819433.696275000,18.65.110.227
136,-1468,1648819433.696276000,18.65.110.227
137,66,1648819433.696303000,192.168.1.3
138,66,1648819433.696375000,192.168.1.3
139,-1468,1648819433.697502000,18.65.110.227
140,-1468,1648819433.697504000,18.65.110.227
141,66,1648819433.697526000,192.168.1.3
142,66,1648819433.698259000,192.168.1.3
143,-1468,1648819433.698367000,18.65.110.227
144,-1468,1648819433.698369000,18.65.110.227
145,66,1648819433.698424000,192.168.1.3
146,66,1648819433.698464000,192.168.1.3
147,-1468,1648819433.699664000,18.65.110.227
148,-1468,1648819433.699665000,18.65.110.227
149,66,1648819433.699689000,192.168.1.3
150,-1468,1648819433.699987000,18.65.110.227
151,-1468,1648819433.699989000,18.65.110.227
152,66,1648819433.700008000,192.168.1.3
153,66,1648819433.700101000,192.168.1.3
154,-1468,1648819433.701103000,18.65.110.227
155,-1468,1648819433.701105000,18.65.110.227
156,66,1648819433.701129000,192.168.1.3
157,66,1648819433.701201000,192.168.1.3
158,-532,1648819433.701410000,18.65.110.227
159,66,1648819433.701449000,192.168.1.3
160,-1468,1648819433.752364000,18.65.110.227
161,-295,1648819433.752366000,18.65.110.227
162,66,1648819433.752421000,192.168.1.3
163,-1468,1648819433.777234000,18.65.110.227
164,-1468,1648819433.777237000,18.65.110.227
165,-1468,1648819433.777238000,18.65.110.227
166,-1468,1648819433.777239000,18.65.110.227
167,-1468,1648819433.777240000,18.65.110.227
168,-1468,1648819433.777241000,18.65.110.227
169,-1468,1648819433.777243000,18.65.110.227
170,-1468,1648819433.777244000,18.65.110.227
171,66,1648819433.777283000,192.168.1.3
172,-1468,1648819433.777305000,18.65.110.227
173,-1468,1648819433.777306000,18.65.110.227
174,66,1648819433.777365000,192.168.1.3
175,-1468,1648819433.778520000,18.65.110.227
176,-1084,1648819433.778521000,18.65.110.227
177,66,1648819433.778533000,192.168.1.3
178,66,1648819433.778553000,192.168.1.3
179,-1468,1648819433.779578000,18.65.110.227
180,-1468,1648819433.779580000,18.65.110.227
181,-1468,1648819433.779581000,18.65.110.227
182,-1468,1648819433.779582000,18.65.110.227
183,-1468,1648819433.779584000,18.65.110.227
184,66,1648819433.779632000,192.168.1.3
185,-1468,1648819433.780228000,18.65.110.227
186,-1468,1648819433.780230000,18.65.110.227
187,-1468,1648819433.780232000,18.65.110.227
188,-1468,1648819433.780233000,18.65.110.227
189,-1468,1648819433.780234000,18.65.110.227
190,66,1648819433.780276000,192.168.1.3
191,66,1648819433.780292000,192.168.1.3
192,-1468,1648819433.781563000,18.65.110.227
193,-1468,1648819433.781566000,18.65.110.227
194,-1468,1648819433.781567000,18.65.110.227
195,-1468,1648819433.781568000,18.65.110.227
196,-1468,1648819433.781570000,18.65.110.227
197,66,1648819433.781622000,192.168.1.3
198,-1468,1648819433.781929000,18.65.110.227
199,-1468,1648819433.781931000,18.65.110.227
200,-1468,1648819433.781932000,18.65.110.227
201,-1468,1648819433.781933000,18.65.110.227
202,-1468,1648819433.781935000,18.65.110.227
203,66,1648819433.781966000,192.168.1.3
204,66,1648819433.782376000,192.168.1.3
205,-1468,1648819433.783475000,18.65.110.227
206,-1468,1648819433.783478000,18.65.110.227
207,-1468,1648819433.783479000,18.65.110.227
208,-1468,1648819433.783480000,18.65.110.227
209,-1468,1648819433.783481000,18.65.110.227
210,66,1648819433.783520000,192.168.1.3
211,-1468,1648819433.783955000,18.65.110.227
212,-1468,1648819433.783957000,18.65.110.227
213,-1468,1648819433.783959000,18.65.110.227
214,-1468,1648819433.783960000,18.65.110.227
215,-782,1648819433.783961000,18.65.110.227
216,66,1648819433.783989000,192.168.1.3
217,66,1648819433.784140000,192.168.1.3
218,-74,1648819433.820002000,52.32.181.16
219,66,1648819433.820069000,192.168.1.3
220,583,1648819433.820358000,192.168.1.3
221,-66,1648819433.942925000,52.32.181.16
222,-1468,1648819433.944568000,52.32.181.16
223,-1468,1648819433.944571000,52.32.181.16
224,-1468,1648819433.944573000,52.32.181.16
225,-1305,1648819433.944575000,52.32.181.16
226,66,1648819433.944639000,192.168.1.3
227,66,1648819433.944751000,192.168.1.3
228,192,1648819433.952430000,192.168.1.3
229,165,1648819433.952560000,192.168.1.3
230,652,1648819433.952689000,192.168.1.3
231,-1468,1648819434.001510000,18.65.110.227
232,-161,1648819434.001513000,18.65.110.227
233,66,1648819434.001577000,192.168.1.3
234,-574,1648819434.002638000,18.65.110.227
235,66,1648819434.002690000,192.168.1.3
236,-1468,1648819434.005886000,18.65.110.227
237,-1468,1648819434.005889000,18.65.110.227
238,-1158,1648819434.005891000,18.65.110.227
239,66,1648819434.005951000,192.168.1.3
240,66,1648819434.006111000,192.168.1.3
241,-1468,1648819434.014984000,18.65.110.227
242,-852,1648819434.014986000,18.65.110.227
243,66,1648819434.015037000,192.168.1.3
244,-1016,1648819434.036884000,18.65.110.227
245,66,1648819434.036926000,192.168.1.3
246,-246,1648819434.048160000,18.65.110.227
247,66,1648819434.048201000,192.168.1.3
248,-324,1648819434.074937000,52.32.181.16
249,-135,1648819434.074939000,52.32.181.16
250,-66,1648819434.074939000,52.32.181.16
251,-104,1648819434.074940000,52.32.181.16
252,66,1648819434.074999000,192.168.1.3
253,66,1648819434.075019000,192.168.1.3
254,104,1648819434.075261000,192.168.1.3
255,-236,1648819434.077438000,52.32.181.16
256,-104,1648819434.077440000,52.32.181.16
257,66,1648819434.077469000,192.168.1.3
258,-451,1648819434.260899000,18.65.110.227
259,-1468,1648819434.260918000,18.65.110.227
260,-1468,1648819434.260920000,18.65.110.227
261,-1468,1648819434.260922000,18.65.110.227
262,-1468,1648819434.260930000,18.65.110.227
263,66,1648819434.260988000,192.168.1.3
264,66,1648819434.261075000,192.168.1.3
265,-1468,1648819434.261178000,18.65.110.227
266,-1468,1648819434.261180000,18.65.110.227
267,-1468,1648819434.261181000,18.65.110.227
268,-1468,1648819434.261184000,18.65.110.227
269,-1468,1648819434.261186000,18.65.110.227
270,-1468,1648819434.261188000,18.65.110.227
271,-1468,1648819434.261190000,18.65.110.227
272,-1050,1648819434.261191000,18.65.110.227
273,-1468,1648819434.261194000,18.65.110.227
274,-1468,1648819434.261195000,18.65.110.227
275,-1468,1648819434.261197000,18.65.110.227
276,-987,1648819434.261199000,18.65.110.227
277,66,1648819434.261253000,192.168.1.3
278,66,1648819434.261304000,192.168.1.3
279,-1468,1648819434.261372000,18.65.110.227
280,-1468,1648819434.261377000,18.65.110.227
281,-1468,1648819434.261379000,18.65.110.227
282,-1468,1648819434.261381000,18.65.110.227
283,-1468,1648819434.261385000,18.65.110.227
284,-1042,1648819434.261387000,18.65.110.227
285,-1468,1648819434.261389000,18.65.110.227
286,-528,1648819434.261392000,18.65.110.227
287,-586,1648819434.261393000,18.65.110.227
288,66,1648819434.261502000,192.168.1.3
289,66,1648819434.261608000,192.168.1.3
290,-1468,1648819434.267016000,18.65.110.227
291,-489,1648819434.267020000,18.65.110.227
292,66,1648819434.267079000,192.168.1.3
293,-66,1648819434.286565000,52.32.181.16
294,-446,1648819434.300862000,18.65.110.227
295,66,1648819434.300912000,192.168.1.3
296,-362,1648819434.313368000,18.65.110.227
297,66,1648819434.313410000,192.168.1.3
298,926,1648819434.517820000,192.168.1.3
299,137,1648819434.517985000,192.168.1.3
300,-66,1648819434.532077000,18.65.110.227
301,-66,1648819434.532648000,18.65.110.227
302,-575,1648819434.737221000,18.65.110.227
303,66,1648819434.737310000,192.168.1.3
304,-1468,1648819434.748289000,18.65.110.227
305,-1468,1648819434.748291000,18.65.110.227
306,-1468,1648819434.748291000,18.65.110.227
307,-1468,1648819434.748292000,18.65.110.227
308,-1468,1648819434.748293000,18.65.110.227
309,-1178,1648819434.748294000,18.65.110.227
310,66,1648819434.748333000,192.168.1.3
311,66,1648819434.748388000,192.168.1.3
312,-1259,1648819434.767543000,18.65.110.227
313,66,1648819434.767624000,192.168.1.3
314,-1468,1648819434.768566000,18.65.110.227
315,-1468,1648819434.768568000,18.65.110.227
316,-1468,1648819434.768570000,18.65.110.227
317,-1468,1648819434.768571000,18.65.110.227
318,-127,1648819434.768573000,18.65.110.227
319,66,1648819434.768608000,192.168.1.3
320,66,1648819434.768743000,192.168.1.3
321,-1468,1648819434.779742000,18.65.110.227
322,-1468,1648819434.779743000,18.65.110.227
323,-1468,1648819434.779744000,18.65.110.227
324,-166,1648819434.779745000,18.65.110.227
325,66,1648819434.779781000,192.168.1.3
326,66,1648819434.779855000,192.168.1.3
327,-597,1648819434.817967000,18.65.110.227
328,-97,1648819434.817968000,18.65.110.227
329,66,1648819434.818030000,192.168.1.3
330,-664,1648819434.844955000,18.65.110.227
331,66,1648819434.845063000,192.168.1.3
332,-1217,1648819434.852991000,18.65.110.227
333,66,1648819434.853062000,192.168.1.3
334,-1468,1648819434.860533000,18.65.110.227
335,-1468,1648819434.860534000,18.65.110.227
336,-379,1648819434.860535000,18.65.110.227
337,66,1648819434.860567000,192.168.1.3
338,66,1648819434.860663000,192.168.1.3
339,-1468,1648819434.873462000,18.65.110.227
340,-1468,1648819434.873463000,18.65.110.227
341,-1468,1648819434.873464000,18.65.110.227
342,-1401,1648819434.873465000,18.65.110.227
343,66,1648819434.873505000,192.168.1.3
344,66,1648819434.875371000,192.168.1.3
345,-1468,1648819434.902272000,18.65.110.227
346,-214,1648819434.902274000,18.65.110.227
347,66,1648819434.902307000,192.168.1.3
348,-1468,1648819434.917789000,18.65.110.227
349,-1468,1648819434.917791000,18.65.110.227
350,-1468,1648819434.917792000,18.65.110.227
351,-918,1648819434.917792000,18.65.110.227
352,66,1648819434.917826000,192.168.1.3
353,66,1648819434.917908000,192.168.1.3
354,-1468,1648819434.931468000,18.65.110.227
355,-1468,1648819434.931478000,18.65.110.227
356,-1468,1648819434.931479000,18.65.110.227
357,-1468,1648819434.931480000,18.65.110.227
358,-1468,1648819434.931481000,18.65.110.227
359,-1468,1648819434.931482000,18.65.110.227
360,-1468,1648819434.931483000,18.65.110.227
361,66,1648819434.931525000,192.168.1.3
362,66,1648819434.931644000,192.168.1.3
363,-463,1648819434.932587000,18.65.110.227
364,66,1648819434.932642000,192.168.1.3
365,-1468,1648819434.939237000,18.65.110.227
366,-1468,1648819434.939239000,18.65.110.227
367,-1468,1648819434.939240000,18.65.110.227
368,-1468,1648819434.939240000,18.65.110.227
369,-1468,1648819434.939241000,18.65.110.227
370,-1468,1648819434.939242000,18.65.110.227
371,-1468,1648819434.939243000,18.65.110.227
372,66,1648819434.939285000,192.168.1.3
373,66,1648819434.939364000,192.168.1.3
374,-1468,1648819434.940444000,18.65.110.227
375,-1468,1648819434.940445000,18.65.110.227
376,-1468,1648819434.940446000,18.65.110.227
377,-1468,1648819434.940447000,18.65.110.227
378,-1050,1648819434.940448000,18.65.110.227
379,66,1648819434.940479000,192.168.1.3
380,66,1648819434.940556000,192.168.1.3
381,-1468,1648819434.940931000,18.65.110.227
382,-1468,1648819434.940932000,18.65.110.227
383,-954,1648819434.940933000,18.65.110.227
384,66,1648819434.940955000,192.168.1.3
385,66,1648819434.940990000,192.168.1.3
386,-1468,1648819434.947797000,18.65.110.227
387,-1468,1648819434.947799000,18.65.110.227
388,-1468,1648819434.947800000,18.65.110.227
389,-1468,1648819434.947801000,18.65.110.227
390,-1068,1648819434.947802000,18.65.110.227
391,66,1648819434.947853000,192.168.1.3
392,66,1648819434.947910000,192.168.1.3
393,-383,1648819434.970698000,18.65.110.227
394,66,1648819434.971972000,192.168.1.3
395,-1334,1648819434.979925000,18.65.110.227
396,66,1648819434.979973000,192.168.1.3
397,-1468,1648819435.168462000,18.65.110.227
398,-903,1648819435.168464000,18.65.110.227
399,66,1648819435.168498000,192.168.1.3
400,-1468,1648819435.184397000,18.65.110.227
401,66,1648819435.184435000,192.168.1.3
402,-362,1648819435.185210000,18.65.110.227
403,66,1648819435.185243000,192.168.1.3
404,-1468,1648819435.191808000,18.65.110.227
405,-1468,1648819435.191809000,18.65.110.227
406,66,1648819435.191840000,192.168.1.3
407,66,1648819435.191921000,192.168.1.3
408,-1468,1648819435.193010000,18.65.110.227
409,-1468,1648819435.193553000,18.65.110.227
410,-1468,1648819435.193554000,18.65.110.227
411,-1468,1648819435.193555000,18.65.110.227
412,66,1648819435.193579000,192.168.1.3
413,66,1648819435.193650000,192.168.1.3
414,-680,1648819435.194671000,18.65.110.227
415,66,1648819435.194731000,192.168.1.3
416,-1468,1648819435.196171000,18.65.110.227
417,-1468,1648819435.197334000,18.65.110.227
418,-1468,1648819435.197336000,18.65.110.227
419,66,1648819435.197372000,192.168.1.3
420,66,1648819435.197418000,192.168.1.3
421,-1468,1648819435.197760000,18.65.110.227
422,-1468,1648819435.197761000,18.65.110.227
423,66,1648819435.197780000,192.168.1.3
424,66,1648819435.197814000,192.168.1.3
425,-1468,1648819435.198693000,18.65.110.227
426,-1468,1648819435.198694000,18.65.110.227
427,66,1648819435.198720000,192.168.1.3
428,66,1648819435.198793000,192.168.1.3
429,-1468,1648819435.199918000,18.65.110.227
430,-1468,1648819435.199920000,18.65.110.227
431,66,1648819435.199948000,192.168.1.3
432,66,1648819435.200023000,192.168.1.3
433,-1468,1648819435.200728000,18.65.110.227
434,-1468,1648819435.200729000,18.65.110.227
435,66,1648819435.200756000,192.168.1.3
436,66,1648819435.200798000,192.168.1.3
437,-1050,1648819435.201064000,18.65.110.227
438,66,1648819435.201111000,192.168.1.3
439,-1468,1648819435.201983000,18.65.110.227
440,-1468,1648819435.201985000,18.65.110.227
441,66,1648819435.202009000,192.168.1.3
442,66,1648819435.202080000,192.168.1.3
443,-1468,1648819435.203131000,18.65.110.227
444,-1468,1648819435.203402000,18.65.110.227
445,-1468,1648819435.203404000,18.65.110.227
446,66,1648819435.203431000,192.168.1.3
447,66,1648819435.203601000,192.168.1.3
448,-1198,1648819435.204213000,18.65.110.227
449,66,1648819435.204262000,192.168.1.3
450,-97,1648819435.204940000,18.65.110.227
451,66,1648819435.204984000,192.168.1.3
452,78,1648819435.399306000,192.168.1.3
453,-66,1648819435.539772000,52.119.171.205
454,54,1648819435.539829000,192.168.1.3
455,571,1648819435.540262000,192.168.1.3
456,-60,1648819435.667769000,52.119.171.205
457,-60,1648819435.670944000,52.119.171.205
458,-1414,1648819435.672651000,52.119.171.205
459,-1414,1648819435.672653000,52.119.171.205
460,-1414,1648819435.672655000,52.119.171.205
461,-1414,1648819435.672656000,52.119.171.205
462,-516,1648819435.672657000,52.119.171.205
463,54,1648819435.672700000,192.168.1.3
464,54,1648819435.672785000,192.168.1.3
465,180,1648819435.687371000,192.168.1.3
466,-105,1648819435.819383000,52.119.171.205
467,54,1648819435.819424000,192.168.1.3
468,735,1648819435.819850000,192.168.1.3
469,78,1648819435.880767000,192.168.1.3
470,-503,1648819435.980040000,52.119.171.205
471,54,1648819435.980075000,192.168.1.3
472,-66,1648819435.991898000,52.94.215.173
473,54,1648819435.991950000,192.168.1.3
474,571,1648819435.992146000,192.168.1.3
475,78,1648819436.047872000,192.168.1.3
476,78,1648819436.066431000,192.168.1.3
477,211,1648819436.066767000,192.168.1.3
478,1468,1648819436.066805000,192.168.1.3
479,1468,1648819436.066807000,192.168.1.3
480,1468,1648819436.066809000,192.168.1.3
481,1468,1648819436.066810000,192.168.1.3
482,97,1648819436.066812000,192.168.1.3
483,1468,1648819436.074478000,192.168.1.3
484,98,1648819436.074486000,192.168.1.3
485,1468,1648819436.075225000,192.168.1.3
486,310,1648819436.075230000,192.168.1.3
487,1468,1648819436.075345000,192.168.1.3
488,67,1648819436.075348000,192.168.1.3
489,-66,1648819436.094633000,18.65.110.227
490,-66,1648819436.094635000,18.65.110.227
491,78,1648819436.098687000,192.168.1.3
492,78,1648819436.102088000,192.168.1.3
493,-60,1648819436.106371000,52.94.215.173
494,-60,1648819436.106373000,52.94.215.173
495,-1414,1648819436.108053000,52.94.215.173
496,-1414,1648819436.108055000,52.94.215.173
497,-1414,1648819436.108056000,52.94.215.173
498,-1414,1648819436.108057000,52.94.215.173
499,-639,1648819436.108058000,52.94.215.173
500,54,1648819436.108093000,192.168.1.3
501,54,1648819436.108193000,192.168.1.3
502,180,1648819436.115064000,192.168.1.3
503,-74,1648819436.119349000,18.65.156.177
504,66,1648819436.119401000,192.168.1.3
505,583,1648819436.120097000,192.168.1.3
506,140,1648819436.133890000,192.168.1.3
507,-66,1648819436.136694000,18.65.156.177
508,-1468,1648819436.137914000,18.65.156.177
509,-1468,1648819436.137916000,18.65.156.177
510,-1468,1648819436.137917000,18.65.156.177
511,-1468,1648819436.137918000,18.65.156.177
512,66,1648819436.137957000,192.168.1.3
513,66,1648819436.138787000,192.168.1.3
514,-432,1648819436.139575000,18.65.156.177
515,66,1648819436.139598000,192.168.1.3
516,130,1648819436.147117000,192.168.1.3
517,158,1648819436.147331000,192.168.1.3
518,500,1648819436.147501000,192.168.1.3
519,-66,1648819436.150289000,18.65.110.227
520,-1468,1648819436.151638000,18.65.110.227
521,-1468,1648819436.151640000,18.65.110.227
522,-261,1648819436.151641000,18.65.110.227
523,66,1648819436.151679000,192.168.1.3
524,66,1648819436.151736000,192.168.1.3
525,-66,1648819436.162565000,18.65.156.177
526,-66,1648819436.162567000,18.65.156.177
527,-66,1648819436.162567000,18.65.156.177
528,-137,1648819436.163252000,18.65.156.177
529,-1468,1648819436.163253000,18.65.156.177
530,-1468,1648819436.163254000,18.65.156.177
531,-1468,1648819436.163255000,18.65.156.177
532,-1468,1648819436.163256000,18.65.156.177
533,66,1648819436.163284000,192.168.1.3
534,66,1648819436.163360000,192.168.1.3
535,97,1648819436.163435000,192.168.1.3
536,-1468,1648819436.164445000,18.65.156.177
537,-1468,1648819436.164446000,18.65.156.177
538,-1305,1648819436.164447000,18.65.156.177
539,66,1648819436.164470000,192.168.1.3
540,66,1648819436.164513000,192.168.1.3
541,-66,1648819436.177064000,18.65.156.177
542,-66,1648819436.181750000,52.119.169.237
543,54,1648819436.181803000,192.168.1.3
544,571,1648819436.182188000,192.168.1.3
545,-66,1648819436.190998000,162.125.36.2
546,-66,1648819436.191000000,162.125.36.2
547,-66,1648819436.191000000,162.125.36.2
548,-66,1648819436.192494000,162.125.36.2
549,-668,1648819436.197252000,18.65.110.227
550,-97,1648819436.197254000,18.65.110.227
551,66,1648819436.197296000,192.168.1.3
552,-66,1648819436.200054000,52.94.215.173
553,54,1648819436.200106000,192.168.1.3
554,571,1648819436.200361000,192.168.1.3
555,-66,1648819436.203409000,52.32.181.16
556,-66,1648819436.203410000,52.32.181.16
557,-66,1648819436.203411000,52.32.181.16
558,-235,1648819436.206599000,52.32.181.16
559,-104,1648819436.206601000,52.32.181.16
560,66,1648819436.206645000,192.168.1.3
561,-777,1648819436.210803000,162.125.36.2
562,66,1648819436.210843000,192.168.1.3
563,-234,1648819436.221655000,52.32.181.16
564,-104,1648819436.221656000,52.32.181.16
565,66,1648819436.221729000,192.168.1.3
566,-105,1648819436.223511000,52.94.215.173
567,54,1648819436.223558000,192.168.1.3
568,683,1648819436.224411000,192.168.1.3
569,-66,1648819436.227893000,52.94.210.112
570,54,1648819436.227945000,192.168.1.3
571,571,1648819436.228208000,192.168.1.3
572,-60,1648819436.310435000,52.119.169.237
573,-60,1648819436.312119000,52.119.169.237
574,-1414,1648819436.313248000,52.119.169.237
575,-1414,1648819436.313250000,52.119.169.237
576,-1414,1648819436.313251000,52.119.169.237
577,-1414,1648819436.313252000,52.119.169.237
578,-574,1648819436.313253000,52.119.169.237
579,54,1648819436.313296000,192.168.1.3
580,54,1648819436.313342000,192.168.1.3
581,180,1648819436.321733000,192.168.1.3
582,-60,1648819436.328437000,52.94.215.173
583,-60,1648819436.328439000,52.94.215.173
584,-1414,1648819436.330235000,52.94.215.173
585,-1414,1648819436.330236000,52.94.215.173
586,-1414,1648819436.330237000,52.94.215.173
587,-1414,1648819436.330238000,52.94.215.173
588,-639,1648819436.330239000,52.94.215.173
589,54,1648819436.330299000,192.168.1.3
590,54,1648819436.330446000,192.168.1.3
591,180,1648819436.331587000,192.168.1.3
592,-776,1648819436.345301000,52.94.215.173
593,54,1648819436.345354000,192.168.1.3
594,78,1648819436.347971000,192.168.1.3
595,683,1648819436.348120000,192.168.1.3
596,-60,1648819436.354934000,52.94.210.112
597,-60,1648819436.355814000,52.94.210.112
598,-1414,1648819436.357166000,52.94.210.112
599,-1414,1648819436.357167000,52.94.210.112
600,-1414,1648819436.357168000,52.94.210.112
601,-1414,1648819436.357169000,52.94.210.112
602,-639,1648819436.357170000,52.94.210.112
603,54,1648819436.357200000,192.168.1.3
604,54,1648819436.357302000,192.168.1.3
605,180,1648819436.363326000,192.168.1.3
606,78,1648819436.411607000,192.168.1.3
607,78,1648819436.415531000,192.168.1.3
608,-105,1648819436.450202000,52.119.169.237
609,54,1648819436.450246000,192.168.1.3
610,757,1648819436.451008000,192.168.1.3
611,-756,1648819436.458851000,52.94.215.173
612,-103,1648819436.458853000,52.94.215.173
613,54,1648819436.458895000,192.168.1.3
614,78,1648819436.459794000,192.168.1.3
615,809,1648819436.459895000,192.168.1.3
616,1414,1648819436.459939000,192.168.1.3
617,1009,1648819436.459941000,192.168.1.3
618,-105,1648819436.461151000,52.94.215.173
619,54,1648819436.461182000,192.168.1.3
620,1363,1648819436.461481000,192.168.1.3
621,-66,1648819436.470281000,52.94.215.173
622,54,1648819436.470324000,192.168.1.3
623,571,1648819436.470587000,192.168.1.3
624,-105,1648819436.488873000,52.94.210.112
625,54,1648819436.488917000,192.168.1.3
626,829,1648819436.489200000,192.168.1.3
627,1414,1648819436.489248000,192.168.1.3
628,535,1648819436.489251000,192.168.1.3
629,78,1648819436.500052000,192.168.1.3
630,-66,1648819436.548563000,52.94.215.173
631,54,1648819436.548636000,192.168.1.3
632,571,1648819436.548971000,192.168.1.3
633,-66,1648819436.555129000,52.94.215.121
634,54,1648819436.555210000,192.168.1.3
635,571,1648819436.555619000,192.168.1.3
636,-60,1648819436.569368000,52.94.215.173
637,-682,1648819436.582288000,52.94.215.173
638,54,1648819436.582355000,192.168.1.3
639,-439,1648819436.592598000,52.119.169.237
640,54,1648819436.592662000,192.168.1.3
641,-66,1648819436.593788000,52.94.215.173
642,54,1648819436.593866000,192.168.1.3
643,571,1648819436.594291000,192.168.1.3
644,-60,1648819436.598554000,52.94.215.173
645,-60,1648819436.598556000,52.94.215.173
646,-191,1648819436.599178000,52.94.215.173
647,54,1648819436.599218000,192.168.1.3
648,105,1648819436.599536000,192.168.1.3
649,-659,1648819436.606464000,52.94.215.173
650,-106,1648819436.606466000,52.94.215.173
651,54,1648819436.606510000,192.168.1.3
652,-60,1648819436.621717000,52.94.210.112
653,-659,1648819436.628750000,52.94.210.112
654,-105,1648819436.628753000,52.94.210.112
655,54,1648819436.628818000,192.168.1.3
656,-60,1648819436.678422000,52.94.215.173
657,-60,1648819436.679403000,52.94.215.173
658,-1414,1648819436.681006000,52.94.215.173
659,-1414,1648819436.681009000,52.94.215.173
660,-1414,1648819436.681010000,52.94.215.173
661,-1414,1648819436.681011000,52.94.215.173
662,-639,1648819436.681013000,52.94.215.173
663,54,1648819436.681068000,192.168.1.3
664,54,1648819436.681200000,192.168.1.3
665,180,1648819436.682268000,192.168.1.3
666,-66,1648819436.686750000,52.94.234.174
667,54,1648819436.686840000,192.168.1.3
668,571,1648819436.687476000,192.168.1.3
669,-60,1648819436.697348000,52.94.215.121
670,-60,1648819436.698285000,52.94.215.121
671,-1414,1648819436.699786000,52.94.215.121
672,-1414,1648819436.699789000,52.94.215.121
673,-1414,1648819436.699790000,52.94.215.121
674,-1414,1648819436.699792000,52.94.215.121
675,-510,1648819436.699793000,52.94.215.121
676,54,1648819436.699849000,192.168.1.3
677,54,1648819436.699976000,192.168.1.3
678,180,1648819436.708991000,192.168.1.3
679,-60,1648819436.723332000,52.94.215.173
680,-60,1648819436.724805000,52.94.215.173
681,-191,1648819436.724806000,52.94.215.173
682,54,1648819436.724841000,192.168.1.3
683,105,1648819436.725106000,192.168.1.3
684,-60,1648819436.771290000,52.94.215.173
685,-105,1648819436.810684000,52.94.215.173
686,54,1648819436.810744000,192.168.1.3
687,754,1648819436.811226000,192.168.1.3
688,1414,1648819436.811264000,192.168.1.3
689,1351,1648819436.811267000,192.168.1.3
690,-105,1648819436.849616000,52.94.215.121
691,54,1648819436.849700000,192.168.1.3
692,1017,1648819436.850148000,192.168.1.3
693,-60,1648819436.875338000,52.94.234.174
694,-60,1648819436.875340000,52.94.234.174
695,-150,1648819436.875341000,52.94.234.174
696,-1414,1648819436.875342000,52.94.234.174
697,-1414,1648819436.875343000,52.94.234.174
698,-1414,1648819436.875344000,52.94.234.174
699,-942,1648819436.875346000,52.94.234.174
700,54,1648819436.875420000,192.168.1.3
701,54,1648819436.875528000,192.168.1.3
702,-392,1648819436.876665000,52.94.234.174
703,-63,1648819436.876667000,52.94.234.174
704,54,1648819436.876708000,192.168.1.3
705,204,1648819436.884356000,192.168.1.3
706,-63,1648819436.910052000,52.94.234.174
707,66,1648819436.910109000,192.168.1.3
708,-60,1648819436.916285000,52.94.215.173
709,-60,1648819436.944886000,52.94.215.173
710,-681,1648819436.958888000,52.94.215.173
711,54,1648819436.958943000,192.168.1.3
712,-60,1648819437.058035000,52.94.215.121
713,-1098,1648819437.069291000,52.94.215.121
714,54,1648819437.069336000,192.168.1.3
715,1064,1648819437.072235000,192.168.1.3
716,-60,1648819437.080352000,52.94.234.174
717,-60,1648819437.080355000,52.94.234.174
718,-123,1648819437.080356000,52.94.234.174
719,54,1648819437.080451000,192.168.1.3
720,715,1648819437.081140000,192.168.1.3
721,201,1648819437.150728000,192.168.1.3
722,1468,1648819437.150869000,192.168.1.3
723,1468,1648819437.150874000,192.168.1.3
724,1468,1648819437.150875000,192.168.1.3
725,1468,1648819437.150877000,192.168.1.3
726,1468,1648819437.150878000,192.168.1.3
727,1468,1648819437.150880000,192.168.1.3
728,1468,1648819437.150881000,192.168.1.3
729,1468,1648819437.150883000,192.168.1.3
730,1468,1648819437.150884000,192.168.1.3
731,1468,1648819437.150886000,192.168.1.3
732,1468,1648819437.150887000,192.168.1.3
733,1057,1648819437.150889000,192.168.1.3
734,1468,1648819437.150986000,192.168.1.3
