index,size,time,ip
0,130,1647353666.148484000,192.168.10.155
1,500,1647353666.148868000,192.168.10.155
2,-66,1647353666.150831000,54.239.168.21
3,-224,1647353666.151072000,44.238.202.79
4,-66,1647353666.151073000,54.239.168.21
5,66,1647353666.151097000,192.168.10.155
6,-610,1647353666.151975000,54.239.168.21
7,66,1647353666.151989000,192.168.10.155
8,-90,1647353666.152069000,54.239.168.21
9,90,1647353666.154241000,192.168.10.155
10,66,1647353666.154285000,192.168.10.155
11,-60,1647353666.156985000,54.239.168.21
12,-60,1647353666.156986000,54.239.168.21
13,-74,1647353666.170835000,162.219.225.115
14,66,1647353666.170877000,192.168.10.155
15,583,1647353666.177159000,192.168.10.155
16,97,1647353666.177422000,192.168.10.155
17,66,1647353666.177461000,192.168.10.155
18,549,1647353666.179969000,192.168.10.155
19,74,1647353666.180245000,192.168.10.155
20,-66,1647353666.182483000,54.230.130.22
21,-74,1647353666.182846000,54.239.168.21
22,66,1647353666.182873000,192.168.10.155
23,-1494,1647353666.184207000,54.230.130.22
24,66,1647353666.184219000,192.168.10.155
25,-2388,1647353666.184333000,54.230.130.22
26,66,1647353666.184337000,192.168.10.155
27,583,1647353666.186105000,192.168.10.155
28,-66,1647353666.189444000,54.239.168.21
29,-2922,1647353666.190033000,54.239.168.21
30,66,1647353666.190057000,192.168.10.155
31,-1208,1647353666.192746000,54.239.168.21
32,66,1647353666.192764000,192.168.10.155
33,130,1647353666.196811000,192.168.10.155
34,494,1647353666.196944000,192.168.10.155
35,-66,1647353666.199519000,54.239.168.21
36,-66,1647353666.199582000,54.239.168.21
37,-7206,1647353666.200334000,54.239.168.21
38,66,1647353666.200351000,192.168.10.155
39,-90,1647353666.200572000,54.239.168.21
40,-66,1647353666.200573000,54.239.168.21
41,66,1647353666.200582000,192.168.10.155
42,90,1647353666.200755000,192.168.10.155
43,66,1647353666.200775000,192.168.10.155
44,-60,1647353666.203376000,54.239.168.21
45,-60,1647353666.203377000,54.239.168.21
46,74,1647353666.207118000,192.168.10.155
47,-74,1647353666.209746000,54.239.168.21
48,66,1647353666.209863000,192.168.10.155
49,583,1647353666.213310000,192.168.10.155
50,-66,1647353666.216495000,54.239.168.21
51,-1494,1647353666.217281000,54.239.168.21
52,66,1647353666.217294000,192.168.10.155
53,-1494,1647353666.217400000,54.239.168.21
54,66,1647353666.217405000,192.168.10.155
55,-1208,1647353666.219685000,54.239.168.21
56,66,1647353666.219690000,192.168.10.155
57,130,1647353666.223734000,192.168.10.155
58,495,1647353666.223950000,192.168.10.155
59,74,1647353666.224612000,192.168.10.155
60,-66,1647353666.226149000,54.239.168.21
61,-66,1647353666.226206000,54.239.168.21
62,-642,1647353666.227340000,54.239.168.21
63,-74,1647353666.227341000,54.230.130.62
64,66,1647353666.227357000,192.168.10.155
65,66,1647353666.227388000,192.168.10.155
66,-90,1647353666.227439000,54.239.168.21
67,90,1647353666.227650000,192.168.10.155
68,66,1647353666.227670000,192.168.10.155
69,282,1647353666.227988000,192.168.10.155
70,74,1647353666.229326000,192.168.10.155
71,-60,1647353666.230524000,54.239.168.21
72,-60,1647353666.230628000,54.239.168.21
73,-66,1647353666.230985000,54.230.130.62
74,-2922,1647353666.231962000,54.230.130.62
75,66,1647353666.231979000,192.168.10.155
76,-74,1647353666.232252000,54.239.168.21
77,66,1647353666.232268000,192.168.10.155
78,-1109,1647353666.233202000,54.230.130.62
79,66,1647353666.233209000,192.168.10.155
80,583,1647353666.234303000,192.168.10.155
81,159,1647353666.235420000,192.168.10.155
82,-66,1647353666.237233000,54.239.168.21
83,-66,1647353666.238180000,54.230.130.62
84,-1494,1647353666.238290000,54.239.168.21
85,66,1647353666.238328000,192.168.10.155
86,-1494,1647353666.238624000,54.239.168.21
87,-237,1647353666.238624000,54.230.130.62
88,-135,1647353666.238625000,54.230.130.62
89,66,1647353666.238635000,192.168.10.155
90,66,1647353666.238642000,192.168.10.155
91,66,1647353666.238646000,192.168.10.155
92,-1208,1647353666.239900000,54.239.168.21
93,66,1647353666.239907000,192.168.10.155
94,243,1647353666.243749000,192.168.10.155
95,104,1647353666.244234000,192.168.10.155
96,130,1647353666.245043000,192.168.10.155
97,500,1647353666.245251000,192.168.10.155
98,-66,1647353666.246140000,54.230.130.62
99,-104,1647353666.246241000,54.230.130.62
100,66,1647353666.246249000,192.168.10.155
101,-66,1647353666.246816000,54.230.130.62
102,-66,1647353666.247722000,54.239.168.21
103,-66,1647353666.247723000,54.239.168.21
104,-1494,1647353666.248083000,54.239.168.21
105,66,1647353666.248094000,192.168.10.155
106,-1494,1647353666.248198000,54.239.168.21
107,66,1647353666.248202000,192.168.10.155
108,-13616,1647353666.249236000,54.239.168.21
109,66,1647353666.249251000,192.168.10.155
110,-18630,1647353666.249320000,54.239.168.21
111,66,1647353666.249329000,192.168.10.155
112,-1494,1647353666.249493000,54.239.168.21
113,-2922,1647353666.249494000,54.239.168.21
114,66,1647353666.249505000,192.168.10.155
115,66,1647353666.249519000,192.168.10.155
116,-1494,1647353666.250695000,54.239.168.21
117,66,1647353666.250707000,192.168.10.155
118,-1494,1647353666.250782000,54.239.168.21
119,66,1647353666.250789000,192.168.10.155
120,538,1647353666.251003000,192.168.10.155
121,-1494,1647353666.251805000,54.239.168.21
122,66,1647353666.251813000,192.168.10.155
123,-1494,1647353666.251926000,54.239.168.21
124,66,1647353666.251931000,192.168.10.155
125,-25770,1647353666.253657000,54.239.168.21
126,66,1647353666.253683000,192.168.10.155
127,-3402,1647353666.254528000,54.239.168.21
128,-66,1647353666.254529000,54.230.130.22
129,-1060,1647353666.254529000,54.230.130.22
130,66,1647353666.254561000,192.168.10.155
131,66,1647353666.254580000,192.168.10.155
132,90,1647353666.254955000,192.168.10.155
133,66,1647353666.254994000,192.168.10.155
134,-60,1647353666.257740000,54.239.168.21
135,-60,1647353666.257823000,54.239.168.21
136,74,1647353666.259282000,192.168.10.155
137,-66,1647353666.261288000,162.219.225.115
138,-74,1647353666.261705000,54.239.168.21
139,66,1647353666.261722000,192.168.10.155
140,-1514,1647353666.262950000,162.219.225.115
141,66,1647353666.262956000,192.168.10.155
142,-1514,1647353666.263073000,162.219.225.115
143,66,1647353666.263075000,192.168.10.155
144,583,1647353666.263604000,192.168.10.155
145,-2694,1647353666.263683000,162.219.225.115
146,66,1647353666.263691000,192.168.10.155
147,561,1647353666.266289000,192.168.10.155
148,-66,1647353666.266523000,54.239.168.21
149,-1494,1647353666.267417000,54.239.168.21
150,130,1647353666.267421000,192.168.10.155
151,66,1647353666.267429000,192.168.10.155
152,-1494,1647353666.267589000,54.239.168.21
153,66,1647353666.267606000,192.168.10.155
154,-66,1647353666.268716000,54.230.130.22
155,-1449,1647353666.269447000,54.230.130.22
156,-1208,1647353666.272000000,54.239.168.21
157,66,1647353666.272013000,192.168.10.155
158,236,1647353666.288706000,192.168.10.155
159,857,1647353666.288731000,192.168.10.155
160,-97,1647353666.293530000,44.238.202.79
161,-66,1647353666.293531000,44.238.202.79
162,130,1647353666.293541000,192.168.10.155
163,54,1647353666.293574000,192.168.10.155
164,54,1647353666.293607000,192.168.10.155
165,501,1647353666.293750000,192.168.10.155
166,-66,1647353666.296209000,54.239.168.21
167,-66,1647353666.296210000,54.239.168.21
168,-675,1647353666.296544000,54.239.168.21
169,66,1647353666.296554000,192.168.10.155
170,-90,1647353666.296826000,54.239.168.21
171,90,1647353666.296838000,192.168.10.155
172,66,1647353666.296871000,192.168.10.155
173,74,1647353666.298711000,192.168.10.155
174,-74,1647353666.301311000,54.239.168.21
175,66,1647353666.301327000,192.168.10.155
176,583,1647353666.304038000,192.168.10.155
177,-66,1647353666.306983000,54.239.168.21
178,-1494,1647353666.307767000,54.239.168.21
179,66,1647353666.307791000,192.168.10.155
180,-1494,1647353666.307874000,54.239.168.21
181,66,1647353666.307881000,192.168.10.155
182,-1208,1647353666.309789000,54.239.168.21
183,66,1647353666.309803000,192.168.10.155
184,66,1647353666.311503000,192.168.10.155
185,130,1647353666.312399000,192.168.10.155
186,508,1647353666.312531000,192.168.10.155
187,-66,1647353666.314809000,54.239.168.21
188,-66,1647353666.314906000,54.239.168.21
189,-1494,1647353666.315590000,54.239.168.21
190,66,1647353666.315602000,192.168.10.155
191,-1494,1647353666.315676000,54.239.168.21
192,66,1647353666.315682000,192.168.10.155
193,-1244,1647353666.316317000,54.239.168.21
194,-90,1647353666.316318000,54.239.168.21
195,66,1647353666.316329000,192.168.10.155
196,90,1647353666.316576000,192.168.10.155
197,66,1647353666.316600000,192.168.10.155
198,-60,1647353666.319349000,54.239.168.21
199,-60,1647353666.319350000,54.239.168.21
200,74,1647353666.340822000,192.168.10.155
201,-74,1647353666.345628000,54.239.168.21
202,66,1647353666.345661000,192.168.10.155
203,583,1647353666.348252000,192.168.10.155
204,-66,1647353666.348817000,162.219.225.115
205,-66,1647353666.351236000,54.239.168.21
206,-1494,1647353666.352840000,54.239.168.21
207,66,1647353666.352863000,192.168.10.155
208,-1494,1647353666.352885000,54.239.168.21
209,66,1647353666.352888000,192.168.10.155
210,-1208,1647353666.354894000,54.239.168.21
211,66,1647353666.354950000,192.168.10.155
212,130,1647353666.362015000,192.168.10.155
213,506,1647353666.362253000,192.168.10.155
214,-66,1647353666.364357000,54.239.168.21
215,-66,1647353666.364792000,54.239.168.21
216,-2822,1647353666.365639000,54.239.168.21
217,66,1647353666.365649000,192.168.10.155
218,90,1647353666.365888000,192.168.10.155
219,66,1647353666.365908000,192.168.10.155
220,-90,1647353666.365912000,54.239.168.21
221,54,1647353666.365934000,192.168.10.155
222,74,1647353666.367506000,192.168.10.155
223,-60,1647353666.368239000,54.239.168.21
224,-60,1647353666.368351000,54.239.168.21
225,-66,1647353666.369641000,162.219.225.115
226,-66,1647353666.369642000,162.219.225.115
227,-125,1647353666.369740000,162.219.225.115
228,66,1647353666.369752000,192.168.10.155
229,97,1647353666.369827000,192.168.10.155
230,-74,1647353666.370071000,54.239.168.21
231,66,1647353666.370092000,192.168.10.155
232,583,1647353666.374341000,192.168.10.155
233,-66,1647353666.377355000,54.239.168.21
234,-1494,1647353666.378045000,54.239.168.21
235,66,1647353666.378062000,192.168.10.155
236,-1494,1647353666.378126000,54.239.168.21
237,66,1647353666.378133000,192.168.10.155
238,-1208,1647353666.379784000,54.239.168.21
239,66,1647353666.379797000,192.168.10.155
240,130,1647353666.382440000,192.168.10.155
241,518,1647353666.382576000,192.168.10.155
242,-66,1647353666.385236000,54.239.168.21
243,-66,1647353666.385237000,54.239.168.21
244,-995,1647353666.385813000,54.239.168.21
245,66,1647353666.385823000,192.168.10.155
246,-90,1647353666.386038000,54.239.168.21
247,90,1647353666.386049000,192.168.10.155
248,66,1647353666.386074000,192.168.10.155
249,74,1647353666.389862000,192.168.10.155
250,-74,1647353666.392388000,54.239.168.21
251,66,1647353666.392419000,192.168.10.155
252,583,1647353666.395737000,192.168.10.155
253,-66,1647353666.399046000,54.239.168.21
254,-1494,1647353666.399447000,54.239.168.21
255,66,1647353666.399464000,192.168.10.155
256,-1494,1647353666.399533000,54.239.168.21
257,66,1647353666.399539000,192.168.10.155
258,-1208,1647353666.403155000,54.239.168.21
259,66,1647353666.403172000,192.168.10.155
260,130,1647353666.408838000,192.168.10.155
261,518,1647353666.409300000,192.168.10.155
262,-66,1647353666.411451000,54.239.168.21
263,-66,1647353666.411568000,54.239.168.21
264,-674,1647353666.412025000,54.239.168.21
265,66,1647353666.412034000,192.168.10.155
266,90,1647353666.412304000,192.168.10.155
267,-90,1647353666.412320000,54.239.168.21
268,66,1647353666.412334000,192.168.10.155
269,74,1647353666.413884000,192.168.10.155
270,-74,1647353666.416441000,54.239.168.21
271,66,1647353666.416477000,192.168.10.155
272,583,1647353666.418739000,192.168.10.155
273,-66,1647353666.421714000,54.239.168.21
274,-2922,1647353666.427815000,54.239.168.21
275,66,1647353666.427845000,192.168.10.155
276,-1208,1647353666.428841000,54.239.168.21
277,66,1647353666.428853000,192.168.10.155
278,130,1647353666.433529000,192.168.10.155
279,517,1647353666.433755000,192.168.10.155
280,-66,1647353666.435774000,54.239.168.21
281,-66,1647353666.436119000,54.239.168.21
282,-770,1647353666.437309000,54.239.168.21
283,66,1647353666.437325000,192.168.10.155
284,90,1647353666.437647000,192.168.10.155
285,66,1647353666.437673000,192.168.10.155
286,-90,1647353666.438288000,54.239.168.21
287,54,1647353666.438315000,192.168.10.155
288,-60,1647353666.440098000,54.239.168.21
289,-60,1647353666.440164000,54.239.168.21
290,-66,1647353666.454523000,162.219.225.115
291,-901,1647353666.600813000,162.219.225.115
292,66,1647353666.600825000,192.168.10.155
293,-1514,1647353666.608904000,162.219.225.115
294,66,1647353666.608942000,192.168.10.155
295,-1514,1647353666.609042000,162.219.225.115
296,66,1647353666.609058000,192.168.10.155
297,-2962,1647353666.609550000,162.219.225.115
298,66,1647353666.609559000,192.168.10.155
299,-2962,1647353666.611925000,162.219.225.115
300,66,1647353666.611943000,192.168.10.155
301,-1514,1647353666.614310000,162.219.225.115
302,66,1647353666.614335000,192.168.10.155
303,-1514,1647353666.614394000,162.219.225.115
304,66,1647353666.614401000,192.168.10.155
305,-360,1647353666.617283000,162.219.225.115
306,66,1647353666.617300000,192.168.10.155
307,74,1647353666.676055000,192.168.10.155
308,74,1647353666.676222000,192.168.10.155
309,74,1647353666.676402000,192.168.10.155
310,74,1647353666.677022000,192.168.10.155
311,74,1647353666.677404000,192.168.10.155
312,-74,1647353666.679117000,54.230.129.136
313,-74,1647353666.679117000,54.230.129.136
314,66,1647353666.679145000,192.168.10.155
315,66,1647353666.679163000,192.168.10.155
316,-74,1647353666.679765000,54.230.129.136
317,-74,1647353666.679765000,54.230.129.136
318,66,1647353666.679782000,192.168.10.155
319,66,1647353666.679794000,192.168.10.155
320,-74,1647353666.680083000,54.230.129.136
321,66,1647353666.680093000,192.168.10.155
322,583,1647353666.681770000,192.168.10.155
323,547,1647353666.681980000,192.168.10.155
324,583,1647353666.683688000,192.168.10.155
325,-66,1647353666.684564000,54.230.129.136
326,-1069,1647353666.684688000,54.230.130.22
327,66,1647353666.684695000,192.168.10.155
328,-1494,1647353666.685420000,54.230.129.136
329,66,1647353666.685424000,192.168.10.155
330,583,1647353666.685485000,192.168.10.155
331,-1494,1647353666.685534000,54.230.129.136
332,66,1647353666.685538000,192.168.10.155
333,-1494,1647353666.686123000,54.230.129.136
334,66,1647353666.686129000,192.168.10.155
335,-66,1647353666.686744000,54.230.129.136
336,-997,1647353666.687700000,54.230.129.136
337,66,1647353666.687714000,192.168.10.155
338,-4350,1647353666.687870000,54.230.129.136
339,66,1647353666.687879000,192.168.10.155
340,-66,1647353666.688494000,54.230.129.136
341,583,1647353666.688644000,192.168.10.155
342,-997,1647353666.689293000,54.230.129.136
343,66,1647353666.689309000,192.168.10.155
344,-1494,1647353666.689411000,54.230.129.136
345,66,1647353666.689417000,192.168.10.155
346,-2922,1647353666.690119000,54.230.129.136
347,66,1647353666.690134000,192.168.10.155
348,-997,1647353666.690998000,54.230.129.136
349,66,1647353666.691039000,192.168.10.155
350,-66,1647353666.691574000,54.230.129.136
351,-1494,1647353666.692429000,54.230.129.136
352,66,1647353666.692489000,192.168.10.155
353,-1494,1647353666.692566000,54.230.129.136
354,66,1647353666.692588000,192.168.10.155
355,-1494,1647353666.692844000,54.230.129.136
356,66,1647353666.692880000,192.168.10.155
357,583,1647353666.693090000,192.168.10.155
358,-997,1647353666.693973000,54.230.129.136
359,66,1647353666.693988000,192.168.10.155
360,-66,1647353666.695998000,54.230.129.136
361,-1494,1647353666.696919000,54.230.129.136
362,66,1647353666.696936000,192.168.10.155
363,-1494,1647353666.697021000,54.230.129.136
364,66,1647353666.697028000,192.168.10.155
365,-1494,1647353666.697295000,54.230.129.136
366,66,1647353666.697304000,192.168.10.155
367,-997,1647353666.698647000,54.230.129.136
368,66,1647353666.698668000,192.168.10.155
369,570,1647353666.699823000,192.168.10.155
370,-1832,1647353666.702765000,54.230.130.22
371,66,1647353666.702778000,192.168.10.155
372,130,1647353666.705409000,192.168.10.155
373,130,1647353666.705792000,192.168.10.155
374,-66,1647353666.707725000,54.230.129.136
375,-128,1647353666.707808000,54.230.129.136
376,66,1647353666.707859000,192.168.10.155
377,-66,1647353666.708121000,54.230.129.136
378,-128,1647353666.708229000,54.230.129.136
379,66,1647353666.708254000,192.168.10.155
380,130,1647353666.710391000,192.168.10.155
381,236,1647353666.712333000,192.168.10.155
382,403,1647353666.712375000,192.168.10.155
383,236,1647353666.712521000,192.168.10.155
384,897,1647353666.712543000,192.168.10.155
385,130,1647353666.712886000,192.168.10.155
386,130,1647353666.713431000,192.168.10.155
387,97,1647353666.713634000,192.168.10.155
388,-66,1647353666.713636000,54.230.129.136
389,-128,1647353666.713637000,54.230.129.136
390,66,1647353666.713654000,192.168.10.155
391,97,1647353666.713661000,192.168.10.155
392,169,1647353666.713946000,192.168.10.155
393,253,1647353666.714462000,192.168.10.155
394,253,1647353666.714483000,192.168.10.155
395,253,1647353666.714498000,192.168.10.155
396,332,1647353666.714810000,192.168.10.155
397,445,1647353666.715005000,192.168.10.155
398,-66,1647353666.715049000,54.230.129.136
399,-66,1647353666.715050000,54.230.129.136
400,-97,1647353666.715050000,54.230.129.136
401,66,1647353666.715072000,192.168.10.155
402,90,1647353666.715123000,192.168.10.155
403,66,1647353666.715138000,192.168.10.155
404,-66,1647353666.716195000,54.230.129.136
405,-66,1647353666.716195000,54.230.129.136
406,-97,1647353666.716195000,54.230.129.136
407,-15581,1647353666.716198000,54.230.129.136
408,66,1647353666.716213000,192.168.10.155
409,66,1647353666.716225000,192.168.10.155
410,-66,1647353666.716233000,54.230.129.136
411,-128,1647353666.716628000,54.230.129.136
412,-10062,1647353666.716630000,54.230.129.136
413,66,1647353666.716637000,192.168.10.155
414,66,1647353666.716649000,192.168.10.155
415,90,1647353666.716737000,192.168.10.155
416,66,1647353666.716752000,192.168.10.155
417,-6476,1647353666.716886000,54.230.129.136
418,-12064,1647353666.716888000,54.230.129.136
419,66,1647353666.716894000,192.168.10.155
420,66,1647353666.716907000,192.168.10.155
421,-66,1647353666.716920000,54.230.129.136
422,-66,1647353666.716920000,54.230.129.136
423,-66,1647353666.716921000,54.230.129.136
424,-128,1647353666.716921000,54.230.129.136
425,-66,1647353666.716921000,54.230.129.136
426,66,1647353666.716932000,192.168.10.155
427,90,1647353666.717216000,192.168.10.155
428,66,1647353666.717232000,192.168.10.155
429,-66,1647353666.718055000,54.230.129.136
430,-66,1647353666.718055000,54.230.129.136
431,-66,1647353666.718056000,54.230.129.136
432,-97,1647353666.718056000,54.230.129.136
433,-16472,1647353666.718059000,54.230.129.136
434,54,1647353666.718085000,192.168.10.155
435,66,1647353666.718100000,192.168.10.155
436,-97,1647353666.718111000,54.230.129.136
437,-97,1647353666.718111000,54.230.129.136
438,54,1647353666.718118000,192.168.10.155
439,54,1647353666.718129000,192.168.10.155
440,-66,1647353666.718356000,54.230.129.136
441,-66,1647353666.718356000,54.230.129.136
442,-66,1647353666.718356000,54.230.129.136
443,-4350,1647353666.718357000,54.230.129.136
444,54,1647353666.718366000,192.168.10.155
445,66,1647353666.718373000,192.168.10.155
446,-7206,1647353666.718769000,54.230.129.136
447,-11490,1647353666.718771000,54.230.129.136
448,66,1647353666.718779000,192.168.10.155
449,66,1647353666.718789000,192.168.10.155
450,-66,1647353666.719185000,54.230.129.136
451,-1494,1647353666.719185000,54.230.129.136
452,54,1647353666.719191000,192.168.10.155
453,66,1647353666.719197000,192.168.10.155
454,-25848,1647353666.720487000,54.230.129.136
455,66,1647353666.720501000,192.168.10.155
456,-66,1647353666.720539000,54.230.129.136
457,-22914,1647353666.720544000,54.230.129.136
458,54,1647353666.720561000,192.168.10.155
459,66,1647353666.720572000,192.168.10.155
460,-66,1647353666.720595000,54.230.129.136
461,-8634,1647353666.720596000,54.230.129.136
462,-66,1647353666.720597000,54.230.129.136
463,54,1647353666.720604000,192.168.10.155
464,54,1647353666.720616000,192.168.10.155
465,-3650,1647353666.720781000,54.230.129.136
466,-66,1647353666.720781000,54.230.129.136
467,54,1647353666.720790000,192.168.10.155
468,66,1647353666.721450000,192.168.10.155
469,-4272,1647353666.721742000,54.230.129.136
470,-18630,1647353666.721747000,54.230.129.136
471,66,1647353666.721762000,192.168.10.155
472,66,1647353666.721800000,192.168.10.155
473,-5538,1647353666.722630000,54.230.129.136
474,-7446,1647353666.722634000,54.230.129.136
475,66,1647353666.722649000,192.168.10.155
476,66,1647353666.722671000,192.168.10.155
477,-2922,1647353666.723294000,54.230.129.136
478,66,1647353666.723307000,192.168.10.155
479,-10978,1647353666.724173000,54.230.129.136
480,66,1647353666.724223000,192.168.10.155
481,-1480,1647353666.779704000,162.219.225.115
482,66,1647353666.779795000,192.168.10.155
483,-1016,1647353666.779920000,162.219.225.115
484,66,1647353666.779962000,192.168.10.155
485,-1098,1647353666.780687000,162.219.225.115
486,66,1647353666.780729000,192.168.10.155
487,-1514,1647353666.782189000,162.219.225.115
488,-1514,1647353666.782296000,162.219.225.115
489,66,1647353666.782315000,192.168.10.155
490,-1140,1647353666.784554000,162.219.225.115
491,66,1647353666.784587000,192.168.10.155
492,-1514,1647353666.785836000,162.219.225.115
493,-1514,1647353666.785937000,162.219.225.115
494,66,1647353666.785967000,192.168.10.155
495,-1514,1647353666.788324000,162.219.225.115
496,-1514,1647353666.788440000,162.219.225.115
497,66,1647353666.788450000,192.168.10.155
498,-262,1647353666.791134000,162.219.225.115
499,-1514,1647353666.791227000,162.219.225.115
500,66,1647353666.791265000,192.168.10.155
501,-1514,1647353666.791836000,162.219.225.115
502,-1514,1647353666.794062000,162.219.225.115
503,66,1647353666.794071000,192.168.10.155
504,-1514,1647353666.794174000,162.219.225.115
505,-875,1647353666.796813000,162.219.225.115
506,66,1647353666.796820000,192.168.10.155
507,-2962,1647353666.839180000,162.219.225.115
508,66,1647353666.839369000,192.168.10.155
509,-1514,1647353666.840049000,162.219.225.115
510,-1514,1647353666.840140000,162.219.225.115
511,66,1647353666.840162000,192.168.10.155
512,-1514,1647353666.842883000,162.219.225.115
513,-1514,1647353666.842980000,162.219.225.115
514,66,1647353666.843095000,192.168.10.155
515,-527,1647353666.846068000,162.219.225.115
516,66,1647353666.846130000,192.168.10.155
517,-1514,1647353666.847352000,162.219.225.115
518,-1514,1647353666.847447000,162.219.225.115
519,66,1647353666.847481000,192.168.10.155
520,-1514,1647353666.848818000,162.219.225.115
521,-1514,1647353666.848899000,162.219.225.115
522,66,1647353666.848908000,192.168.10.155
523,-1514,1647353666.851622000,162.219.225.115
524,-1514,1647353666.851703000,162.219.225.115
525,66,1647353666.851709000,192.168.10.155
526,-2962,1647353666.864217000,162.219.225.115
527,66,1647353666.864314000,192.168.10.155
528,-1514,1647353666.865318000,162.219.225.115
529,66,1647353666.865330000,192.168.10.155
530,-1514,1647353666.866570000,162.219.225.115
531,66,1647353666.866580000,192.168.10.155
532,-1514,1647353666.866692000,162.219.225.115
533,66,1647353666.866704000,192.168.10.155
534,-807,1647353666.869662000,162.219.225.115
535,66,1647353666.869677000,192.168.10.155
536,-1514,1647353666.869769000,162.219.225.115
537,66,1647353666.869778000,192.168.10.155
538,-1514,1647353666.870382000,162.219.225.115
539,66,1647353666.870397000,192.168.10.155
540,-1514,1647353666.872154000,162.219.225.115
541,66,1647353666.872193000,192.168.10.155
542,-1514,1647353666.872242000,162.219.225.115
543,66,1647353666.872249000,192.168.10.155
544,-1514,1647353666.874562000,162.219.225.115
545,66,1647353666.874589000,192.168.10.155
546,-1514,1647353666.874666000,162.219.225.115
547,66,1647353666.874679000,192.168.10.155
548,-1514,1647353666.876952000,162.219.225.115
549,66,1647353666.876964000,192.168.10.155
550,-1514,1647353666.877489000,162.219.225.115
551,66,1647353666.877499000,192.168.10.155
552,-1514,1647353666.880020000,162.219.225.115
553,66,1647353666.880028000,192.168.10.155
554,-1514,1647353666.880125000,162.219.225.115
555,66,1647353666.880135000,192.168.10.155
556,-1514,1647353666.881525000,162.219.225.115
557,66,1647353666.881535000,192.168.10.155
558,-2962,1647353666.882949000,162.219.225.115
559,66,1647353666.882959000,192.168.10.155
560,-1514,1647353666.884088000,162.219.225.115
561,66,1647353666.884097000,192.168.10.155
562,-1514,1647353666.884154000,162.219.225.115
563,66,1647353666.884164000,192.168.10.155
564,-1514,1647353666.885940000,162.219.225.115
565,66,1647353666.885948000,192.168.10.155
566,-1514,1647353666.886052000,162.219.225.115
567,66,1647353666.886065000,192.168.10.155
568,-2962,1647353666.888101000,162.219.225.115
569,66,1647353666.888122000,192.168.10.155
570,-2962,1647353666.889987000,162.219.225.115
571,66,1647353666.890001000,192.168.10.155
572,-101,1647353666.922145000,162.219.225.115
573,66,1647353666.922196000,192.168.10.155
574,-1514,1647353666.922299000,162.219.225.115
575,66,1647353666.922306000,192.168.10.155
576,-1514,1647353666.922793000,162.219.225.115
577,66,1647353666.922801000,192.168.10.155
578,-1514,1647353666.924043000,162.219.225.115
579,66,1647353666.924081000,192.168.10.155
580,-1514,1647353666.924154000,162.219.225.115
581,66,1647353666.924161000,192.168.10.155
582,-1514,1647353666.925687000,162.219.225.115
583,66,1647353666.925694000,192.168.10.155
584,-1514,1647353666.925782000,162.219.225.115
585,66,1647353666.925786000,192.168.10.155
586,-1514,1647353666.927388000,162.219.225.115
587,66,1647353666.927393000,192.168.10.155
588,-1514,1647353666.927488000,162.219.225.115
589,66,1647353666.927491000,192.168.10.155
590,-1514,1647353666.929074000,162.219.225.115
591,66,1647353666.929081000,192.168.10.155
592,-1514,1647353666.929216000,162.219.225.115
593,66,1647353666.929224000,192.168.10.155
594,-1514,1647353666.931171000,162.219.225.115
595,66,1647353666.931178000,192.168.10.155
596,-1514,1647353666.931304000,162.219.225.115
597,66,1647353666.931307000,192.168.10.155
598,-1514,1647353666.932551000,162.219.225.115
599,66,1647353666.932560000,192.168.10.155
600,-1514,1647353666.932669000,162.219.225.115
601,66,1647353666.932673000,192.168.10.155
602,-1514,1647353666.935531000,162.219.225.115
603,66,1647353666.935546000,192.168.10.155
604,-1514,1647353666.935612000,162.219.225.115
605,66,1647353666.935623000,192.168.10.155
606,211,1647353666.940375000,192.168.10.155
607,74,1647353666.940744000,192.168.10.155
608,-66,1647353666.943034000,54.230.129.136
609,-1494,1647353666.943372000,54.230.129.136
610,66,1647353666.943385000,192.168.10.155
611,-1494,1647353666.943498000,54.230.129.136
612,66,1647353666.943501000,192.168.10.155
613,-8460,1647353666.943922000,54.230.129.136
614,-1578,1647353666.943923000,162.219.225.115
615,66,1647353666.943935000,192.168.10.155
616,66,1647353666.943943000,192.168.10.155
617,-1514,1647353666.948116000,162.219.225.115
618,66,1647353666.948128000,192.168.10.155
619,-1514,1647353666.948232000,162.219.225.115
620,66,1647353666.948238000,192.168.10.155
621,-1514,1647353666.948786000,162.219.225.115
622,66,1647353666.948792000,192.168.10.155
623,-1013,1647353666.948881000,162.219.225.115
624,66,1647353666.948885000,192.168.10.155
625,-1514,1647353666.950021000,162.219.225.115
626,66,1647353666.950033000,192.168.10.155
627,-842,1647353666.950124000,162.219.225.115
628,66,1647353666.950127000,192.168.10.155
629,198,1647353666.954627000,192.168.10.155
630,282,1647353666.955198000,192.168.10.155
631,204,1647353666.955677000,192.168.10.155
632,-1494,1647353666.957887000,54.230.129.136
633,-1494,1647353666.957976000,54.230.129.136
634,66,1647353666.958011000,192.168.10.155
635,191,1647353666.958946000,192.168.10.155
636,-2092,1647353666.959580000,54.230.129.136
637,-1494,1647353666.959581000,54.230.129.136
638,66,1647353666.959595000,192.168.10.155
639,-1359,1647353666.960665000,54.230.129.136
640,-2471,1647353666.960666000,54.230.129.136
641,-1686,1647353666.960668000,54.230.129.136
642,-16472,1647353666.960671000,54.230.129.136
643,66,1647353666.960689000,192.168.10.155
644,66,1647353666.960717000,192.168.10.155
645,66,1647353666.960725000,192.168.10.155
646,66,1647353666.960731000,192.168.10.155
647,-149,1647353666.960738000,54.230.129.136
648,-472,1647353666.960739000,162.219.225.115
649,66,1647353666.960743000,192.168.10.155
650,-2922,1647353666.962261000,54.230.129.136
651,66,1647353666.962288000,192.168.10.155
652,-13616,1647353666.963318000,54.230.129.136
653,66,1647353666.963336000,192.168.10.155
654,-19239,1647353666.963403000,54.230.129.136
655,66,1647353666.963408000,192.168.10.155
656,170,1647353666.967350000,192.168.10.155
657,-1494,1647353666.971911000,54.230.129.136
658,-2922,1647353666.972043000,54.230.129.136
659,66,1647353666.972053000,192.168.10.155
660,-8746,1647353666.972759000,54.230.129.136
661,-97,1647353666.972760000,54.230.129.136
662,66,1647353666.972769000,192.168.10.155
663,74,1647353666.977506000,192.168.10.155
664,200,1647353666.977615000,192.168.10.155
665,-74,1647353666.980093000,54.230.129.136
666,66,1647353666.980112000,192.168.10.155
667,-1494,1647353666.980683000,54.230.129.136
668,-1494,1647353666.980803000,54.230.129.136
669,66,1647353666.980809000,192.168.10.155
670,583,1647353666.982067000,192.168.10.155
671,-13616,1647353666.982265000,54.230.129.136
672,66,1647353666.982269000,192.168.10.155
673,-16472,1647353666.982308000,54.230.129.136
674,66,1647353666.982311000,192.168.10.155
675,-18813,1647353666.983038000,54.230.129.136
676,66,1647353666.983046000,192.168.10.155
677,-66,1647353666.985053000,54.230.129.136
678,-1494,1647353666.985849000,54.230.129.136
679,66,1647353666.985857000,192.168.10.155
680,-1494,1647353666.985978000,54.230.129.136
681,66,1647353666.985983000,192.168.10.155
682,-1494,1647353666.986593000,54.230.129.136
683,66,1647353666.986604000,192.168.10.155
684,-997,1647353666.987449000,54.230.129.136
685,66,1647353666.987459000,192.168.10.155
686,130,1647353666.992326000,192.168.10.155
687,253,1647353666.992597000,192.168.10.155
688,-66,1647353666.995048000,54.230.129.136
689,-66,1647353666.995049000,54.230.129.136
690,-137,1647353666.995369000,54.230.129.136
691,66,1647353666.995375000,192.168.10.155
692,90,1647353666.995483000,192.168.10.155
693,66,1647353666.995503000,192.168.10.155
694,-66,1647353666.997848000,54.230.129.136
695,-66,1647353666.998085000,54.230.129.136
696,66,1647353666.998090000,192.168.10.155
697,-74,1647353667.050724000,34.223.179.246
698,66,1647353667.050749000,192.168.10.155
699,583,1647353667.052692000,192.168.10.155
700,-66,1647353667.163259000,34.223.179.246
701,-2962,1647353667.164750000,34.223.179.246
702,66,1647353667.164767000,192.168.10.155
703,-2615,1647353667.165148000,34.223.179.246
704,66,1647353667.165152000,192.168.10.155
705,192,1647353667.169998000,192.168.10.155
706,-148,1647353667.199355000,162.219.225.115
707,66,1647353667.199433000,192.168.10.155
708,-324,1647353667.282895000,34.223.179.246
709,-135,1647353667.282896000,34.223.179.246
710,66,1647353667.282919000,192.168.10.155
711,66,1647353667.282939000,192.168.10.155
712,243,1647353667.332303000,192.168.10.155
713,505,1647353667.332326000,192.168.10.155
714,104,1647353667.332783000,192.168.10.155
715,-2374,1647353667.341049000,162.219.225.115
716,66,1647353667.341107000,192.168.10.155
717,-774,1647353667.341251000,162.219.225.115
718,66,1647353667.341264000,192.168.10.155
719,-2962,1647353667.342389000,162.219.225.115
720,-1971,1647353667.342390000,162.219.225.115
721,66,1647353667.342402000,192.168.10.155
722,66,1647353667.342419000,192.168.10.155
723,-1977,1647353667.342721000,162.219.225.115
724,66,1647353667.342727000,192.168.10.155
725,-1514,1647353667.343294000,162.219.225.115
726,66,1647353667.343310000,192.168.10.155
727,-1514,1647353667.343412000,162.219.225.115
728,66,1647353667.343418000,192.168.10.155
729,-1864,1647353667.344036000,162.219.225.115
730,66,1647353667.344048000,192.168.10.155
731,158,1647353667.349769000,192.168.10.155
732,159,1647353667.350592000,192.168.10.155
733,158,1647353667.351135000,192.168.10.155
734,159,1647353667.351292000,192.168.10.155
735,159,1647353667.351718000,192.168.10.155
736,-66,1647353667.353142000,54.230.129.136
737,-66,1647353667.353806000,54.230.129.136
738,-2962,1647353667.354937000,162.219.225.115
739,66,1647353667.354976000,192.168.10.155
740,159,1647353667.355163000,192.168.10.155
741,-2277,1647353667.355259000,54.230.129.136
742,-97,1647353667.355259000,54.230.129.136
743,-2962,1647353667.355260000,162.219.225.115
744,66,1647353667.355274000,192.168.10.155
745,66,1647353667.355283000,192.168.10.155
746,-1464,1647353667.355870000,54.230.129.136
747,-1021,1647353667.355870000,54.230.129.136
748,-97,1647353667.355871000,54.230.129.136
749,66,1647353667.355881000,192.168.10.155
750,-2962,1647353667.356526000,162.219.225.115
751,-2154,1647353667.356527000,54.230.129.136
752,-97,1647353667.356527000,54.230.129.136
753,66,1647353667.356543000,192.168.10.155
754,66,1647353667.356566000,192.168.10.155
755,74,1647353667.356908000,192.168.10.155
756,-1023,1647353667.357266000,54.230.129.136
757,-97,1647353667.357271000,54.230.129.136
758,-395,1647353667.357272000,162.219.225.115
759,66,1647353667.357308000,192.168.10.155
760,66,1647353667.357758000,192.168.10.155
761,192,1647353667.358144000,192.168.10.155
762,-2962,1647353667.358555000,162.219.225.115
763,-1514,1647353667.358556000,162.219.225.115
764,66,1647353667.358573000,192.168.10.155
765,66,1647353667.358588000,192.168.10.155
766,-1514,1647353667.358909000,162.219.225.115
767,-1921,1647353667.358910000,54.230.129.136
768,-97,1647353667.358910000,54.230.129.136
769,66,1647353667.358919000,192.168.10.155
770,66,1647353667.358936000,192.168.10.155
771,198,1647353667.359848000,192.168.10.155
772,-2962,1647353667.359992000,162.219.225.115
773,66,1647353667.360005000,192.168.10.155
774,-74,1647353667.360570000,54.230.129.136
775,-2962,1647353667.360571000,162.219.225.115
776,66,1647353667.360598000,192.168.10.155
777,66,1647353667.360614000,192.168.10.155
778,-2962,1647353667.361233000,162.219.225.115
779,66,1647353667.361245000,192.168.10.155
780,-1514,1647353667.361757000,162.219.225.115
781,66,1647353667.361775000,192.168.10.155
782,-569,1647353667.361866000,162.219.225.115
783,66,1647353667.361872000,192.168.10.155
784,-66,1647353667.362549000,54.230.129.136
785,-1514,1647353667.362550000,162.219.225.115
786,66,1647353667.362586000,192.168.10.155
787,168,1647353667.362799000,192.168.10.155
788,-1514,1647353667.363488000,162.219.225.115
789,-696,1647353667.363490000,54.230.129.136
790,-1515,1647353667.363490000,54.230.129.136
791,66,1647353667.363509000,192.168.10.155
792,66,1647353667.363531000,192.168.10.155
793,-97,1647353667.364474000,54.230.129.136
794,-2962,1647353667.364475000,162.219.225.115
795,66,1647353667.364494000,192.168.10.155
796,-2962,1647353667.365111000,162.219.225.115
797,-1514,1647353667.365112000,162.219.225.115
798,66,1647353667.365126000,192.168.10.155
799,66,1647353667.365141000,192.168.10.155
800,-1514,1647353667.365664000,162.219.225.115
801,-128,1647353667.365665000,162.219.225.115
802,66,1647353667.365677000,192.168.10.155
803,-1460,1647353667.366263000,54.230.129.136
804,-97,1647353667.366349000,54.230.129.136
805,66,1647353667.366358000,192.168.10.155
806,-468,1647353667.367972000,162.219.225.115
807,66,1647353667.367990000,192.168.10.155
808,583,1647353667.370089000,192.168.10.155
809,168,1647353667.370289000,192.168.10.155
810,169,1647353667.370509000,192.168.10.155
811,168,1647353667.370649000,192.168.10.155
812,169,1647353667.370916000,192.168.10.155
813,169,1647353667.371380000,192.168.10.155
814,169,1647353667.371683000,192.168.10.155
815,-66,1647353667.372964000,54.230.129.136
816,-66,1647353667.373040000,54.230.129.136
817,-66,1647353667.373985000,54.230.129.136
818,-1494,1647353667.373986000,54.230.129.136
819,66,1647353667.374017000,192.168.10.155
820,-2922,1647353667.374676000,54.230.129.136
821,66,1647353667.374692000,192.168.10.155
822,-2039,1647353667.374768000,54.230.129.136
823,-97,1647353667.374768000,54.230.129.136
824,66,1647353667.374781000,192.168.10.155
825,-1494,1647353667.375464000,54.230.129.136
826,66,1647353667.375520000,192.168.10.155
827,-556,1647353667.375594000,54.230.129.136
828,-97,1647353667.376161000,54.230.129.136
829,-997,1647353667.376163000,54.230.129.136
830,-996,1647353667.376164000,54.230.129.136
831,66,1647353667.376203000,192.168.10.155
832,66,1647353667.376234000,192.168.10.155
833,-1576,1647353667.376543000,54.230.129.136
834,-97,1647353667.376543000,54.230.129.136
835,-951,1647353667.376544000,54.230.129.136
836,-97,1647353667.376545000,54.230.129.136
837,66,1647353667.376573000,192.168.10.155
838,-1498,1647353667.379536000,54.230.129.136
839,-97,1647353667.379537000,54.230.129.136
840,66,1647353667.379557000,192.168.10.155
841,130,1647353667.383105000,192.168.10.155
842,253,1647353667.383371000,192.168.10.155
843,155,1647353667.385599000,192.168.10.155
844,-66,1647353667.385700000,54.230.129.136
845,-128,1647353667.385793000,54.230.129.136
846,66,1647353667.385799000,192.168.10.155
847,155,1647353667.386128000,192.168.10.155
848,-66,1647353667.386326000,54.230.129.136
849,-97,1647353667.386432000,54.230.129.136
850,66,1647353667.386439000,192.168.10.155
851,90,1647353667.386651000,192.168.10.155
852,66,1647353667.386671000,192.168.10.155
853,-1494,1647353667.388659000,54.230.129.136
854,-1494,1647353667.388694000,54.230.129.136
855,66,1647353667.388708000,192.168.10.155
856,-5901,1647353667.389151000,54.230.129.136
857,66,1647353667.389199000,192.168.10.155
858,-66,1647353667.389692000,54.230.129.136
859,-66,1647353667.389692000,54.230.129.136
860,-8634,1647353667.389694000,54.230.129.136
861,66,1647353667.389718000,192.168.10.155
862,66,1647353667.389743000,192.168.10.155
863,-7904,1647353667.390310000,54.230.129.136
864,-517,1647353667.390311000,54.230.129.136
865,66,1647353667.390321000,192.168.10.155
866,189,1647353667.399351000,192.168.10.155
867,185,1647353667.399787000,192.168.10.155
868,178,1647353667.400056000,192.168.10.155
869,-457,1647353667.401251000,162.219.225.115
870,66,1647353667.401264000,192.168.10.155
871,-1494,1647353667.402202000,54.230.129.136
872,-1131,1647353667.402318000,54.230.129.136
873,66,1647353667.402327000,192.168.10.155
874,-2922,1647353667.402987000,54.230.129.136
875,66,1647353667.403002000,192.168.10.155
876,-2223,1647353667.403612000,54.230.129.136
877,66,1647353667.403629000,192.168.10.155
878,-934,1647353667.403695000,54.230.129.136
879,-66,1647353667.442321000,34.223.179.246
880,-104,1647353667.442521000,34.223.179.246
881,66,1647353667.442531000,192.168.10.155
882,-237,1647353667.444783000,34.223.179.246
883,-104,1647353667.444783000,34.223.179.246
884,66,1647353667.444799000,192.168.10.155
885,66,1647353667.444820000,192.168.10.155
886,66,1647353667.447494000,192.168.10.155
887,155,1647353667.448691000,192.168.10.155
888,155,1647353667.449932000,192.168.10.155
889,-978,1647353667.451604000,54.230.129.136
890,66,1647353667.451621000,192.168.10.155
891,-1494,1647353667.452586000,54.230.129.136
892,66,1647353667.452608000,192.168.10.155
893,-1494,1647353667.452678000,54.230.129.136
894,66,1647353667.452684000,192.168.10.155
895,-13616,1647353667.453790000,54.230.129.136
896,66,1647353667.453811000,192.168.10.155
897,-5838,1647353667.453850000,54.230.129.136
898,66,1647353667.453855000,192.168.10.155
899,174,1647353667.516946000,192.168.10.155
900,219,1647353667.517483000,192.168.10.155
901,-66,1647353667.519741000,54.230.129.136
902,-66,1647353667.519834000,54.230.129.136
903,-843,1647353667.520128000,54.230.129.136
904,66,1647353667.520147000,192.168.10.155
905,-11490,1647353667.520895000,54.230.129.136
906,66,1647353667.520917000,192.168.10.155
907,-5048,1647353667.521126000,54.230.129.136
908,-15867,1647353667.521129000,54.230.129.136
909,66,1647353667.521140000,192.168.10.155
910,66,1647353667.521151000,192.168.10.155
911,1284,1647353667.522504000,192.168.10.155
912,180,1647353667.522899000,192.168.10.155
913,183,1647353667.523517000,192.168.10.155
914,-66,1647353667.524825000,54.230.129.136
915,-66,1647353667.525110000,54.230.129.136
916,-1494,1647353667.525508000,54.230.129.136
917,-1494,1647353667.525617000,54.230.129.136
918,66,1647353667.525628000,192.168.10.155
919,-11490,1647353667.526380000,54.230.129.136
920,66,1647353667.526388000,192.168.10.155
921,-2192,1647353667.526548000,54.230.129.136
922,-10534,1647353667.526550000,54.230.129.136
923,66,1647353667.526559000,192.168.10.155
924,66,1647353667.526570000,192.168.10.155
925,-1436,1647353667.526577000,54.230.129.136
926,-1137,1647353667.527115000,54.230.129.136
927,66,1647353667.527125000,192.168.10.155
928,174,1647353667.528822000,192.168.10.155
929,-1494,1647353667.528877000,54.230.129.136
930,-1494,1647353667.528989000,54.230.129.136
931,66,1647353667.528999000,192.168.10.155
932,-13616,1647353667.530054000,54.230.129.136
933,66,1647353667.530065000,192.168.10.155
934,-28626,1647353667.530143000,54.230.129.136
935,66,1647353667.530154000,192.168.10.155
936,-4318,1647353667.531503000,54.230.129.136
937,-32878,1647353667.531511000,54.230.129.136
938,66,1647353667.531533000,192.168.10.155
939,66,1647353667.531555000,192.168.10.155
940,-21486,1647353667.531603000,54.230.129.136
941,66,1647353667.531608000,192.168.10.155
942,-35766,1647353667.533016000,54.230.129.136
943,66,1647353667.533032000,192.168.10.155
944,-57186,1647353667.533149000,54.230.129.136
945,66,1647353667.533160000,192.168.10.155
946,-32910,1647353667.534433000,54.230.129.136
947,66,1647353667.534446000,192.168.10.155
948,-5778,1647353667.534539000,54.230.129.136
949,-66,1647353667.534540000,54.230.129.136
950,-45051,1647353667.534557000,54.230.129.136
951,66,1647353667.534566000,192.168.10.155
952,66,1647353667.534583000,192.168.10.155
953,169,1647353667.535161000,192.168.10.155
954,183,1647353667.535297000,192.168.10.155
955,-2922,1647353667.535838000,54.230.129.136
956,66,1647353667.535854000,192.168.10.155
957,182,1647353667.536137000,192.168.10.155
958,-5628,1647353667.537862000,54.230.129.136
959,66,1647353667.537946000,192.168.10.155
960,169,1647353667.539008000,192.168.10.155
961,191,1647353667.539169000,192.168.10.155
962,-66,1647353667.541096000,54.230.129.136
963,-1494,1647353667.541098000,54.230.129.136
964,-4105,1647353667.542525000,54.230.129.136
965,-5010,1647353667.542527000,54.230.129.136
966,-16472,1647353667.542530000,54.230.129.136
967,66,1647353667.542550000,192.168.10.155
968,66,1647353667.542573000,192.168.10.155
969,66,1647353667.542582000,192.168.10.155
970,-16472,1647353667.542619000,54.230.129.136
971,-18295,1647353667.542647000,54.230.129.136
972,-66,1647353667.542744000,54.230.129.136
973,-1494,1647353667.542882000,54.230.129.136
974,66,1647353667.542906000,192.168.10.155
975,-3271,1647353667.543538000,54.230.129.136
976,66,1647353667.543547000,192.168.10.155
977,-16472,1647353667.544841000,54.230.129.136
978,66,1647353667.544860000,192.168.10.155
979,-2359,1647353667.544892000,54.230.129.136
980,66,1647353667.544948000,192.168.10.155
981,158,1647353667.699403000,192.168.10.155
982,-1494,1647353667.704507000,54.230.129.136
983,66,1647353667.704618000,192.168.10.155
984,-2922,1647353667.704753000,54.230.129.136
985,66,1647353667.704832000,192.168.10.155
986,-12188,1647353667.706056000,54.230.129.136
987,66,1647353667.706076000,192.168.10.155
988,-29925,1647353667.706151000,54.230.129.136
989,66,1647353667.706170000,192.168.10.155
990,-97,1647353667.706213000,54.230.129.136
991,66,1647353667.706218000,192.168.10.155
992,1003,1647353667.733859000,192.168.10.155
993,194,1647353667.761460000,192.168.10.155
994,181,1647353667.762602000,192.168.10.155
995,-2922,1647353667.764718000,54.230.129.136
996,66,1647353667.764748000,192.168.10.155
997,-8634,1647353667.764799000,54.230.129.136
998,66,1647353667.764806000,192.168.10.155
999,-5048,1647353667.764889000,54.230.129.136
1000,-4350,1647353667.764890000,54.230.129.136
1001,66,1647353667.764900000,192.168.10.155
1002,66,1647353667.764911000,192.168.10.155
1003,-11490,1647353667.765754000,54.230.129.136
1004,66,1647353667.765768000,192.168.10.155
1005,-17170,1647353667.766691000,54.230.129.136
1006,66,1647353667.766704000,192.168.10.155
1007,-4215,1647353667.766764000,54.230.129.136
1008,-4912,1647353667.766766000,54.230.129.136
1009,66,1647353667.766775000,192.168.10.155
1010,66,1647353667.766789000,192.168.10.155
1011,-1027,1647353667.813618000,162.219.225.115
1012,-2962,1647353667.813619000,162.219.225.115
1013,66,1647353667.813642000,192.168.10.155
1014,66,1647353667.813672000,192.168.10.155
1015,-2962,1647353667.814339000,162.219.225.115
1016,66,1647353667.814349000,192.168.10.155
1017,-1514,1647353667.814975000,162.219.225.115
1018,66,1647353667.814995000,192.168.10.155
1019,-1514,1647353667.815062000,162.219.225.115
1020,66,1647353667.815067000,192.168.10.155
1021,-395,1647353667.816066000,162.219.225.115
1022,66,1647353667.816076000,192.168.10.155
1023,-66,1647353667.818178000,162.219.225.115
1024,165,1647353667.821979000,192.168.10.155
1025,-1494,1647353667.825994000,54.230.129.136
1026,66,1647353667.826026000,192.168.10.155
1027,-2075,1647353667.826092000,54.230.129.136
1028,66,1647353667.826098000,192.168.10.155
1029,-97,1647353667.826181000,54.230.129.136
1030,66,1647353667.826186000,192.168.10.155
1031,164,1647353667.829134000,192.168.10.155
1032,152,1647353667.830612000,192.168.10.155
1033,-2089,1647353667.833061000,54.230.129.136
1034,-422,1647353667.833063000,54.230.129.136
1035,66,1647353667.833082000,192.168.10.155
1036,66,1647353667.833104000,192.168.10.155
1037,-2597,1647353667.833632000,54.230.129.136
1038,66,1647353667.833651000,192.168.10.155
1039,-1514,1647353667.836826000,162.219.225.115
1040,66,1647353667.836849000,192.168.10.155
1041,-1514,1647353667.836897000,162.219.225.115
1042,66,1647353667.836902000,192.168.10.155
1043,-2962,1647353667.837492000,162.219.225.115
1044,66,1647353667.837501000,192.168.10.155
1045,-1514,1647353667.838061000,162.219.225.115
1046,66,1647353667.838075000,192.168.10.155
1047,-1514,1647353667.838174000,162.219.225.115
1048,66,1647353667.838180000,192.168.10.155
1049,-1514,1647353667.838833000,162.219.225.115
1050,66,1647353667.838839000,192.168.10.155
1051,-1514,1647353667.838950000,162.219.225.115
1052,66,1647353667.838954000,192.168.10.155
1053,-2962,1647353667.840326000,162.219.225.115
1054,66,1647353667.840351000,192.168.10.155
1055,-2962,1647353667.840912000,162.219.225.115
1056,66,1647353667.840920000,192.168.10.155
1057,-2962,1647353667.841489000,162.219.225.115
1058,66,1647353667.841497000,192.168.10.155
1059,-1514,1647353667.842087000,162.219.225.115
1060,66,1647353667.842092000,192.168.10.155
1061,-1514,1647353667.842212000,162.219.225.115
1062,66,1647353667.842216000,192.168.10.155
1063,-1514,1647353667.842932000,162.219.225.115
1064,66,1647353667.842940000,192.168.10.155
1065,-1514,1647353667.843052000,162.219.225.115
1066,66,1647353667.843057000,192.168.10.155
1067,-1514,1647353667.843751000,162.219.225.115
1068,66,1647353667.843764000,192.168.10.155
1069,-1514,1647353667.843871000,162.219.225.115
1070,66,1647353667.843876000,192.168.10.155
1071,-1514,1647353667.844562000,162.219.225.115
1072,66,1647353667.844570000,192.168.10.155
1073,-1514,1647353667.844681000,162.219.225.115
1074,66,1647353667.844685000,192.168.10.155
1075,-1514,1647353667.845908000,162.219.225.115
1076,66,1647353667.845921000,192.168.10.155
1077,-1514,1647353667.846021000,162.219.225.115
1078,66,1647353667.846026000,192.168.10.155
1079,-2962,1647353667.846641000,162.219.225.115
1080,66,1647353667.846648000,192.168.10.155
1081,-2962,1647353667.847389000,162.219.225.115
1082,66,1647353667.847401000,192.168.10.155
1083,-2962,1647353667.848239000,162.219.225.115
1084,66,1647353667.848251000,192.168.10.155
1085,-1514,1647353667.848783000,162.219.225.115
1086,66,1647353667.848796000,192.168.10.155
1087,-1514,1647353667.848893000,162.219.225.115
1088,66,1647353667.848899000,192.168.10.155
1089,-1514,1647353667.849531000,162.219.225.115
1090,66,1647353667.849540000,192.168.10.155
1091,-1514,1647353667.849641000,162.219.225.115
1092,66,1647353667.849648000,192.168.10.155
1093,-1514,1647353667.850375000,162.219.225.115
1094,66,1647353667.850383000,192.168.10.155
1095,-1514,1647353667.850495000,162.219.225.115
1096,66,1647353667.850501000,192.168.10.155
1097,164,1647353667.850808000,192.168.10.155
1098,-2962,1647353667.851346000,162.219.225.115
1099,66,1647353667.851359000,192.168.10.155
1100,-1514,1647353667.852013000,162.219.225.115
1101,66,1647353667.852022000,192.168.10.155
1102,-1514,1647353667.852133000,162.219.225.115
1103,66,1647353667.852139000,192.168.10.155
1104,-1514,1647353667.852836000,162.219.225.115
1105,66,1647353667.852851000,192.168.10.155
1106,-1514,1647353667.852956000,162.219.225.115
1107,66,1647353667.852961000,192.168.10.155
1108,-1514,1647353667.853788000,162.219.225.115
1109,66,1647353667.853847000,192.168.10.155
1110,-1514,1647353667.853961000,162.219.225.115
1111,66,1647353667.853987000,192.168.10.155
1112,165,1647353667.854570000,192.168.10.155
1113,-2962,1647353667.854852000,162.219.225.115
1114,66,1647353667.854882000,192.168.10.155
1115,-3511,1647353667.855390000,54.230.129.136
1116,-1111,1647353667.855390000,54.230.129.136
1117,-97,1647353667.855391000,54.230.129.136
1118,66,1647353667.855409000,192.168.10.155
1119,66,1647353667.855424000,192.168.10.155
1120,66,1647353667.855429000,192.168.10.155
1121,164,1647353667.855843000,192.168.10.155
1122,164,1647353667.856296000,192.168.10.155
1123,-1840,1647353667.856527000,162.219.225.115
1124,66,1647353667.856541000,192.168.10.155
1125,165,1647353667.858028000,192.168.10.155
1126,-66,1647353667.858604000,54.230.129.136
1127,-1494,1647353667.858727000,54.230.129.136
1128,66,1647353667.858737000,192.168.10.155
1129,-3559,1647353667.859423000,54.230.129.136
1130,-3238,1647353667.859424000,54.230.129.136
1131,-97,1647353667.859424000,54.230.129.136
1132,66,1647353667.859433000,192.168.10.155
1133,66,1647353667.859443000,192.168.10.155
1134,66,1647353667.859450000,192.168.10.155
1135,164,1647353667.860132000,192.168.10.155
1136,-2801,1647353667.860810000,54.230.129.136
1137,-2719,1647353667.860811000,54.230.129.136
1138,66,1647353667.860823000,192.168.10.155
1139,66,1647353667.860857000,192.168.10.155
1140,-4812,1647353667.861936000,54.230.129.136
1141,-97,1647353667.861937000,54.230.129.136
1142,66,1647353667.861955000,192.168.10.155
1143,66,1647353667.862184000,192.168.10.155
1144,-5017,1647353667.862569000,54.230.129.136
1145,-97,1647353667.862569000,54.230.129.136
1146,66,1647353667.862595000,192.168.10.155
1147,-1494,1647353667.865063000,54.230.129.136
1148,-1494,1647353667.865171000,54.230.129.136
1149,-3051,1647353667.865572000,54.230.129.136
1150,-97,1647353667.865573000,54.230.129.136
1151,66,1647353667.865932000,192.168.10.155
1152,159,1647353667.882160000,192.168.10.155
1153,160,1647353667.883769000,192.168.10.155
1154,152,1647353667.883860000,192.168.10.155
1155,160,1647353667.884115000,192.168.10.155
1156,159,1647353667.884411000,192.168.10.155
1157,160,1647353667.884967000,192.168.10.155
1158,-2922,1647353667.886414000,54.230.129.136
1159,66,1647353667.886489000,192.168.10.155
1160,-2457,1647353667.886780000,54.230.129.136
1161,-97,1647353667.886781000,54.230.129.136
1162,-66,1647353667.886782000,54.230.129.136
1163,66,1647353667.886797000,192.168.10.155
1164,-2808,1647353667.887566000,54.230.129.136
1165,-2922,1647353667.887575000,54.230.129.136
1166,66,1647353667.887666000,192.168.10.155
1167,66,1647353667.887806000,192.168.10.155
1168,-4416,1647353667.887944000,54.230.129.136
1169,160,1647353667.888258000,192.168.10.155
1170,66,1647353667.888435000,192.168.10.155
1171,-6126,1647353667.889179000,54.230.129.136
1172,-6932,1647353667.889651000,54.230.129.136
1173,-97,1647353667.889654000,54.230.129.136
1174,-2922,1647353667.889655000,54.230.129.136
1175,-3299,1647353667.889731000,54.230.129.136
1176,-97,1647353667.889731000,54.230.129.136
1177,-5362,1647353667.890155000,54.230.129.136
1178,-97,1647353667.890156000,54.230.129.136
1179,66,1647353667.890250000,192.168.10.155
1180,159,1647353667.891904000,192.168.10.155
1181,-3538,1647353667.892103000,54.230.129.136
1182,66,1647353667.892486000,192.168.10.155
1183,159,1647353667.893050000,192.168.10.155
1184,-2287,1647353667.893135000,54.230.129.136
1185,-97,1647353667.893136000,54.230.129.136
1186,66,1647353667.893151000,192.168.10.155
1187,252,1647353667.893658000,192.168.10.155
1188,160,1647353667.893926000,192.168.10.155
1189,214,1647353667.894487000,192.168.10.155
1190,213,1647353667.895038000,192.168.10.155
1191,-1494,1647353667.896226000,54.230.129.136
1192,200,1647353667.896276000,192.168.10.155
1193,-1494,1647353667.896326000,54.230.129.136
1194,-2229,1647353667.896900000,54.230.129.136
1195,-97,1647353667.896901000,54.230.129.136
1196,-66,1647353667.896901000,54.230.129.136
1197,66,1647353667.896913000,192.168.10.155
1198,-677,1647353667.897655000,54.230.129.136
1199,66,1647353667.897705000,192.168.10.155
1200,214,1647353667.898036000,192.168.10.155
1201,-3663,1647353667.898325000,54.230.129.136
1202,66,1647353667.898347000,192.168.10.155
1203,213,1647353667.898610000,192.168.10.155
1204,168,1647353667.898871000,192.168.10.155
1205,-97,1647353667.899309000,54.230.129.136
1206,-7386,1647353667.899311000,54.230.129.136
1207,-97,1647353667.899311000,54.230.129.136
1208,66,1647353667.899341000,192.168.10.155
1209,-6042,1647353667.900159000,54.230.129.136
1210,-97,1647353667.900160000,54.230.129.136
1211,66,1647353667.900171000,192.168.10.155
1212,-66,1647353667.901425000,54.230.129.136
1213,-1494,1647353667.902591000,54.230.129.136
1214,66,1647353667.902606000,192.168.10.155
1215,-1494,1647353667.902698000,54.230.129.136
1216,-13616,1647353667.904225000,54.230.129.136
1217,-20058,1647353667.904284000,54.230.129.136
1218,66,1647353667.904423000,192.168.10.155
1219,-11490,1647353667.904717000,54.230.129.136
1220,66,1647353667.904911000,192.168.10.155
1221,-1462,1647353667.905297000,54.230.129.136
1222,-18710,1647353667.905299000,54.230.129.136
1223,66,1647353667.905314000,192.168.10.155
1224,-97,1647353667.905373000,54.230.129.136
1225,-32878,1647353667.905378000,54.230.129.136
1226,-36029,1647353667.906607000,54.230.129.136
1227,-11490,1647353667.906840000,54.230.129.136
1228,-27198,1647353667.907454000,54.230.129.136
1229,66,1647353667.907548000,192.168.10.155
1230,-11490,1647353667.907689000,54.230.129.136
1231,66,1647353667.907721000,192.168.10.155
1232,-20155,1647353667.908066000,54.230.129.136
1233,66,1647353667.908074000,192.168.10.155
1234,-2922,1647353667.908091000,54.230.129.136
1235,66,1647353667.908319000,192.168.10.155
1236,-2922,1647353667.909590000,54.230.129.136
1237,-38622,1647353667.909596000,54.230.129.136
1238,66,1647353667.909620000,192.168.10.155
1239,66,1647353667.909658000,192.168.10.155
1240,-25770,1647353667.910740000,54.230.129.136
1241,66,1647353667.910750000,192.168.10.155
1242,-64326,1647353667.912097000,54.230.129.136
1243,66,1647353667.912115000,192.168.10.155
1244,-183,1647353667.912141000,54.230.129.136
1245,178,1647353667.916049000,192.168.10.155
1246,-1494,1647353667.918727000,54.230.129.136
1247,-1494,1647353667.918820000,54.230.129.136
1248,66,1647353667.918831000,192.168.10.155
1249,-5260,1647353667.919516000,54.230.129.136
1250,66,1647353667.919529000,192.168.10.155
1251,239,1647353667.924893000,192.168.10.155
1252,166,1647353667.925402000,192.168.10.155
1253,165,1647353667.926900000,192.168.10.155
1254,-1494,1647353667.927932000,54.230.129.136
1255,-1976,1647353667.928054000,54.230.129.136
1256,66,1647353667.928065000,192.168.10.155
1257,-1494,1647353667.929823000,54.230.129.136
1258,-1494,1647353667.929918000,54.230.129.136
1259,66,1647353667.929929000,192.168.10.155
1260,-1948,1647353667.930228000,54.230.129.136
1261,-97,1647353667.930228000,54.230.129.136
1262,66,1647353667.930236000,192.168.10.155
1263,167,1647353667.930390000,192.168.10.155
1264,-6049,1647353667.931187000,54.230.129.136
1265,-97,1647353667.931188000,54.230.129.136
1266,66,1647353667.931210000,192.168.10.155
1267,167,1647353667.931932000,192.168.10.155
1268,153,1647353667.932231000,192.168.10.155
1269,153,1647353667.932584000,192.168.10.155
1270,-1494,1647353667.933539000,54.230.129.136
1271,-1494,1647353667.933651000,54.230.129.136
1272,66,1647353667.933663000,192.168.10.155
1273,-3616,1647353667.934008000,54.230.129.136
1274,-97,1647353667.934009000,54.230.129.136
1275,66,1647353667.934017000,192.168.10.155
1276,-66,1647353667.934534000,54.230.129.136
1277,164,1647353667.934765000,192.168.10.155
1278,-1494,1647353667.935014000,54.230.129.136
1279,153,1647353667.935024000,192.168.10.155
1280,-1494,1647353667.935130000,54.230.129.136
1281,-4004,1647353667.935876000,54.230.129.136
1282,-97,1647353667.935877000,54.230.129.136
1283,66,1647353667.935890000,192.168.10.155
1284,-2310,1647353667.936844000,54.230.129.136
1285,-97,1647353667.936845000,54.230.129.136
1286,66,1647353667.936863000,192.168.10.155
1287,-1977,1647353667.937210000,54.230.129.136
1288,-97,1647353667.937211000,54.230.129.136
1289,66,1647353667.937224000,192.168.10.155
1290,-66,1647353667.937996000,54.230.129.136
1291,-863,1647353667.938093000,54.230.129.136
1292,66,1647353667.938145000,192.168.10.155
1293,-1494,1647353667.939834000,54.230.129.136
1294,-1480,1647353667.939935000,54.230.129.136
1295,66,1647353667.939951000,192.168.10.155
1296,-97,1647353667.940493000,54.230.129.136
1297,184,1647353667.961408000,192.168.10.155
1298,180,1647353667.961856000,192.168.10.155
1299,-1494,1647353667.964279000,54.230.129.136
1300,-1494,1647353667.964396000,54.230.129.136
1301,-11490,1647353667.965234000,54.230.129.136
1302,-2192,1647353667.965361000,54.230.129.136
1303,-6731,1647353667.965362000,54.230.129.136
1304,-1739,1647353667.965363000,54.230.129.136
1305,66,1647353667.965567000,192.168.10.155
1306,66,1647353667.987567000,192.168.10.155
1307,251,1647353668.001064000,192.168.10.155
1308,-2922,1647353668.004252000,54.230.129.136
1309,66,1647353668.004275000,192.168.10.155
1310,-1494,1647353668.004606000,54.230.129.136
1311,66,1647353668.004613000,192.168.10.155
1312,-12188,1647353668.005075000,54.230.129.136
1313,66,1647353668.005091000,192.168.10.155
1314,-950,1647353668.005103000,54.230.129.136
1315,66,1647353668.005107000,192.168.10.155
1316,-1514,1647353668.036562000,162.219.225.115
1317,66,1647353668.036583000,192.168.10.155
1318,-1514,1647353668.036774000,162.219.225.115
1319,66,1647353668.036781000,192.168.10.155
1320,-475,1647353668.039181000,162.219.225.115
1321,-888,1647353668.039183000,162.219.225.115
1322,66,1647353668.039209000,192.168.10.155
1323,66,1647353668.039244000,192.168.10.155
1324,-138,1647353668.040947000,162.219.225.115
1325,66,1647353668.040962000,192.168.10.155
1326,240,1647353668.051809000,192.168.10.155
1327,-2922,1647353668.055026000,54.230.129.136
1328,66,1647353668.055111000,192.168.10.155
1329,-11816,1647353668.055590000,54.230.129.136
1330,66,1647353668.055654000,192.168.10.155
1331,155,1647353668.078159000,192.168.10.155
1332,-1729,1647353668.081058000,54.230.129.136
1333,66,1647353668.081070000,192.168.10.155
1334,164,1647353668.116921000,192.168.10.155
1335,-1428,1647353668.120166000,54.230.129.136
1336,-1514,1647353668.120461000,162.219.225.115
1337,66,1647353668.120480000,192.168.10.155
1338,-1514,1647353668.120579000,162.219.225.115
1339,66,1647353668.120583000,192.168.10.155
1340,-146,1647353668.121136000,162.219.225.115
1341,66,1647353668.121185000,192.168.10.155
1342,-1906,1647353668.133075000,162.219.225.115
1343,66,1647353668.133087000,192.168.10.155
1344,-1514,1647353668.137667000,162.219.225.115
1345,66,1647353668.137682000,192.168.10.155
1346,-1514,1647353668.137776000,162.219.225.115
1347,66,1647353668.137779000,192.168.10.155
1348,-2962,1647353668.138349000,162.219.225.115
1349,66,1647353668.138355000,192.168.10.155
1350,-2962,1647353668.138981000,162.219.225.115
1351,66,1647353668.138990000,192.168.10.155
1352,-395,1647353668.139658000,162.219.225.115
1353,66,1647353668.139683000,192.168.10.155
1354,-1514,1647353668.141639000,162.219.225.115
1355,66,1647353668.141656000,192.168.10.155
1356,-1514,1647353668.141721000,162.219.225.115
1357,66,1647353668.141728000,192.168.10.155
1358,-2962,1647353668.142328000,162.219.225.115
1359,66,1647353668.142339000,192.168.10.155
1360,-1514,1647353668.142931000,162.219.225.115
1361,66,1647353668.142941000,192.168.10.155
1362,-1514,1647353668.143047000,162.219.225.115
1363,66,1647353668.143052000,192.168.10.155
1364,-2962,1647353668.143784000,162.219.225.115
1365,66,1647353668.143798000,192.168.10.155
1366,-1514,1647353668.144404000,162.219.225.115
1367,66,1647353668.144410000,192.168.10.155
1368,177,1647353668.144455000,192.168.10.155
1369,-1514,1647353668.144501000,162.219.225.115
1370,66,1647353668.144504000,192.168.10.155
1371,-1514,1647353668.145114000,162.219.225.115
1372,66,1647353668.145120000,192.168.10.155
1373,-1514,1647353668.145241000,162.219.225.115
1374,66,1647353668.145243000,192.168.10.155
1375,-758,1647353668.145779000,162.219.225.115
1376,66,1647353668.145788000,192.168.10.155
1377,-1514,1647353668.145916000,162.219.225.115
1378,66,1647353668.145922000,192.168.10.155
1379,-1514,1647353668.146186000,162.219.225.115
1380,66,1647353668.146192000,192.168.10.155
1381,74,1647353668.146677000,192.168.10.155
1382,-2529,1647353668.146904000,162.219.225.115
1383,66,1647353668.146909000,192.168.10.155
1384,-2922,1647353668.147564000,54.230.129.136
1385,66,1647353668.147583000,192.168.10.155
1386,-6644,1647353668.148248000,54.230.129.136
1387,66,1647353668.148257000,192.168.10.155
1388,66,1647353668.163490000,192.168.10.155
1389,171,1647353668.165072000,192.168.10.155
1390,-674,1647353668.168337000,54.230.129.136
1391,66,1647353668.168392000,192.168.10.155
1392,-66,1647353668.249518000,52.119.167.229
1393,54,1647353668.249552000,192.168.10.155
1394,571,1647353668.252816000,192.168.10.155
1395,214,1647353668.283954000,192.168.10.155
1396,202,1647353668.328157000,192.168.10.155
1397,-2013,1647353668.331526000,54.230.129.136
1398,66,1647353668.331545000,192.168.10.155
1399,159,1647353668.334158000,192.168.10.155
1400,-1717,1647353668.338846000,54.230.129.136
1401,-97,1647353668.338847000,54.230.129.136
1402,66,1647353668.338876000,192.168.10.155
1403,66,1647353668.339138000,192.168.10.155
1404,-60,1647353668.352215000,52.119.167.229
1405,-60,1647353668.355518000,52.119.167.229
1406,-1514,1647353668.357859000,52.119.167.229
1407,54,1647353668.357888000,192.168.10.155
1408,-1514,1647353668.357956000,52.119.167.229
1409,54,1647353668.357962000,192.168.10.155
1410,-3047,1647353668.358222000,52.119.167.229
1411,54,1647353668.358228000,192.168.10.155
1412,180,1647353668.364210000,192.168.10.155
1413,-66,1647353668.367414000,162.219.225.115
1414,155,1647353668.381812000,192.168.10.155
1415,-2861,1647353668.383127000,162.219.225.115
1416,66,1647353668.383144000,192.168.10.155
1417,-1408,1647353668.384815000,54.230.129.136
1418,66,1647353668.384840000,192.168.10.155
1419,158,1647353668.396235000,192.168.10.155
1420,191,1647353668.396390000,192.168.10.155
1421,-66,1647353668.399131000,54.230.129.136
1422,-2143,1647353668.403809000,54.230.129.136
1423,-97,1647353668.403810000,54.230.129.136
1424,66,1647353668.403884000,192.168.10.155
1425,-16472,1647353668.404886000,54.230.129.136
1426,66,1647353668.404902000,192.168.10.155
1427,-7206,1647353668.404941000,54.230.129.136
1428,66,1647353668.404945000,192.168.10.155
1429,-25738,1647353668.406104000,54.230.129.136
1430,66,1647353668.406119000,192.168.10.155
1431,-21536,1647353668.406178000,54.230.129.136
1432,66,1647353668.406185000,192.168.10.155
1433,178,1647353668.457083000,192.168.10.155
1434,178,1647353668.459050000,192.168.10.155
1435,-1297,1647353668.460316000,54.230.129.136
1436,-1297,1647353668.461616000,54.230.129.136
1437,66,1647353668.461641000,192.168.10.155
1438,-105,1647353668.466990000,52.119.167.229
1439,54,1647353668.467007000,192.168.10.155
1440,524,1647353668.467312000,192.168.10.155
1441,351,1647353668.482951000,192.168.10.155
1442,-1494,1647353668.497703000,54.230.129.136
1443,66,1647353668.497733000,192.168.10.155
1444,-2922,1647353668.497928000,54.230.129.136
1445,66,1647353668.497938000,192.168.10.155
1446,-12188,1647353668.499145000,54.230.129.136
1447,66,1647353668.499164000,192.168.10.155
1448,-32878,1647353668.499240000,54.230.129.136
1449,66,1647353668.499246000,192.168.10.155
1450,-14346,1647353668.499277000,54.230.129.136
1451,66,1647353668.499281000,192.168.10.155
1452,-34338,1647353668.500087000,54.230.129.136
1453,66,1647353668.500102000,192.168.10.155
1454,-732,1647353668.500210000,54.230.129.136
1455,-13989,1647353668.500213000,54.230.129.136
1456,66,1647353668.500222000,192.168.10.155
1457,66,1647353668.500233000,192.168.10.155
1458,-503,1647353668.596752000,52.119.167.229
1459,54,1647353668.596788000,192.168.10.155
1460,1514,1647353668.714729000,192.168.10.155
1461,196,1647353668.714748000,192.168.10.155
1462,1514,1647353668.715622000,192.168.10.155
1463,595,1647353668.715644000,192.168.10.155
1464,1479,1647353668.717113000,192.168.10.155
1465,74,1647353668.721165000,192.168.10.155
1466,149,1647353668.731250000,192.168.10.155
1467,74,1647353668.733357000,192.168.10.155
1468,-1494,1647353668.734041000,54.230.129.136
1469,66,1647353668.734066000,192.168.10.155
1470,-2922,1647353668.734168000,54.230.129.136
1471,66,1647353668.734180000,192.168.10.155
1472,-699,1647353668.734730000,54.230.129.136
1473,66,1647353668.734742000,192.168.10.155
1474,-74,1647353668.735928000,54.239.163.138
1475,66,1647353668.735960000,192.168.10.155
1476,583,1647353668.738914000,192.168.10.155
1477,-66,1647353668.742364000,54.239.163.138
1478,-1494,1647353668.743168000,54.239.163.138
1479,66,1647353668.743187000,192.168.10.155
1480,-1494,1647353668.743269000,54.239.163.138
1481,66,1647353668.743278000,192.168.10.155
1482,-1494,1647353668.743839000,54.239.163.138
1483,66,1647353668.743847000,192.168.10.155
1484,-1756,1647353668.744568000,54.239.163.138
1485,66,1647353668.744580000,192.168.10.155
1486,130,1647353668.750313000,192.168.10.155
1487,236,1647353668.751310000,192.168.10.155
1488,385,1647353668.751357000,192.168.10.155
1489,-66,1647353668.752714000,54.239.163.138
1490,-128,1647353668.753404000,54.239.163.138
1491,66,1647353668.753428000,192.168.10.155
1492,97,1647353668.753566000,192.168.10.155
1493,-66,1647353668.754289000,54.239.163.138
1494,-66,1647353668.754290000,54.239.163.138
1495,-97,1647353668.754579000,54.239.163.138
1496,66,1647353668.754589000,192.168.10.155
1497,-1494,1647353668.755525000,54.239.163.138
1498,66,1647353668.755543000,192.168.10.155
1499,-1494,1647353668.755639000,54.239.163.138
1500,66,1647353668.755649000,192.168.10.155
1501,-6859,1647353668.756325000,54.239.163.138
1502,66,1647353668.756349000,192.168.10.155
1503,-66,1647353668.756918000,54.239.163.138
1504,105,1647353668.765114000,192.168.10.155
1505,105,1647353668.765204000,192.168.10.155
1506,105,1647353668.765220000,192.168.10.155
1507,112,1647353668.765241000,192.168.10.155
1508,85,1647353668.765301000,192.168.10.155
1509,54,1647353668.765311000,192.168.10.155
1510,97,1647353668.765397000,192.168.10.155
1511,66,1647353668.765403000,192.168.10.155
1512,90,1647353668.765758000,192.168.10.155
1513,66,1647353668.765768000,192.168.10.155
1514,90,1647353668.765911000,192.168.10.155
1515,66,1647353668.765919000,192.168.10.155
1516,97,1647353668.766040000,192.168.10.155
1517,66,1647353668.766048000,192.168.10.155
1518,90,1647353668.766179000,192.168.10.155
1519,66,1647353668.766187000,192.168.10.155
1520,-66,1647353668.767515000,54.230.130.62
1521,-66,1647353668.767608000,54.239.163.138
1522,-66,1647353668.767960000,54.230.130.22
1523,66,1647353668.767974000,192.168.10.155
1524,-66,1647353668.768640000,54.230.129.136
1525,-66,1647353668.768640000,54.230.129.136
1526,-66,1647353668.768641000,54.230.130.62
1527,66,1647353668.768657000,192.168.10.155
1528,-66,1647353668.769180000,54.230.130.62
1529,-66,1647353668.769181000,54.230.129.136
1530,-66,1647353668.769181000,54.239.163.138
1531,66,1647353668.769199000,192.168.10.155
1532,66,1647353668.769234000,192.168.10.155
1533,-66,1647353668.770395000,54.230.129.136
1534,66,1647353668.770460000,192.168.10.155
1535,74,1647353668.779947000,192.168.10.155
1536,-66,1647353668.800528000,162.219.225.115
1537,-66,1647353668.826542000,34.223.179.246
1538,-66,1647353668.827384000,52.94.176.11
1539,54,1647353668.827414000,192.168.10.155
1540,571,1647353668.829221000,192.168.10.155
1541,-235,1647353668.829476000,34.223.179.246
1542,66,1647353668.829498000,192.168.10.155
1543,-104,1647353668.829574000,34.223.179.246
1544,66,1647353668.829578000,192.168.10.155
1545,-235,1647353668.842779000,34.223.179.246
1546,-104,1647353668.842780000,34.223.179.246
1547,66,1647353668.842795000,192.168.10.155
1548,66,1647353668.842822000,192.168.10.155
1549,112,1647353668.843098000,192.168.10.155
1550,97,1647353668.843274000,192.168.10.155
1551,74,1647353668.845346000,192.168.10.155
1552,-74,1647353668.847762000,54.239.132.159
1553,66,1647353668.847796000,192.168.10.155
1554,583,1647353668.851415000,192.168.10.155
1555,74,1647353668.852491000,192.168.10.155
1556,74,1647353668.852601000,192.168.10.155
1557,74,1647353668.852744000,192.168.10.155
1558,74,1647353668.852830000,192.168.10.155
1559,74,1647353668.853603000,192.168.10.155
1560,-66,1647353668.854127000,54.239.132.159
1561,-74,1647353668.855108000,54.230.129.136
1562,66,1647353668.855242000,192.168.10.155
1563,-74,1647353668.855354000,54.230.129.136
1564,-74,1647353668.855354000,54.230.129.136
1565,66,1647353668.855386000,192.168.10.155
1566,66,1647353668.855419000,192.168.10.155
1567,-74,1647353668.855542000,54.230.129.136
1568,66,1647353668.855565000,192.168.10.155
1569,-74,1647353668.856125000,54.230.129.136
1570,66,1647353668.856170000,192.168.10.155
1571,-1494,1647353668.862138000,54.239.132.159
1572,66,1647353668.862153000,192.168.10.155
1573,-1494,1647353668.862228000,54.239.132.159
1574,66,1647353668.862231000,192.168.10.155
1575,-1494,1647353668.862779000,54.239.132.159
1576,66,1647353668.862782000,192.168.10.155
1577,583,1647353668.863077000,192.168.10.155
1578,-66,1647353668.865867000,54.230.129.136
1579,-1755,1647353668.866499000,54.239.132.159
1580,66,1647353668.866514000,192.168.10.155
1581,-2922,1647353668.867216000,54.230.129.136
1582,66,1647353668.867229000,192.168.10.155
1583,583,1647353668.867334000,192.168.10.155
1584,-1494,1647353668.867760000,54.230.129.136
1585,-60,1647353668.867761000,52.119.167.229
1586,66,1647353668.867781000,192.168.10.155
1587,54,1647353668.867805000,192.168.10.155
1588,-997,1647353668.868780000,54.230.129.136
1589,66,1647353668.868799000,192.168.10.155
1590,-66,1647353668.870604000,54.230.129.136
1591,-1494,1647353668.871572000,54.230.129.136
1592,66,1647353668.871588000,192.168.10.155
1593,-1494,1647353668.871673000,54.230.129.136
1594,66,1647353668.871677000,192.168.10.155
1595,-1494,1647353668.872239000,54.230.129.136
1596,66,1647353668.872271000,192.168.10.155
1597,-997,1647353668.873129000,54.230.129.136
1598,66,1647353668.873177000,192.168.10.155
1599,583,1647353668.873950000,192.168.10.155
1600,-66,1647353668.877148000,54.230.129.136
1601,-1494,1647353668.878067000,54.230.129.136
1602,66,1647353668.878115000,192.168.10.155
1603,-1494,1647353668.878159000,54.230.129.136
1604,66,1647353668.878167000,192.168.10.155
1605,583,1647353668.878286000,192.168.10.155
1606,-1494,1647353668.878971000,54.230.129.136
1607,66,1647353668.878984000,192.168.10.155
1608,-997,1647353668.880606000,54.230.129.136
1609,66,1647353668.880612000,192.168.10.155
1610,583,1647353668.881686000,192.168.10.155
1611,-66,1647353668.881771000,54.230.129.136
1612,-1494,1647353668.883363000,54.230.129.136
1613,66,1647353668.883383000,192.168.10.155
1614,-1494,1647353668.883448000,54.230.129.136
1615,66,1647353668.883454000,192.168.10.155
1616,-1494,1647353668.884068000,54.230.129.136
1617,66,1647353668.884084000,192.168.10.155
1618,-66,1647353668.885609000,54.230.129.136
1619,-997,1647353668.885610000,54.230.129.136
1620,66,1647353668.885633000,192.168.10.155
1621,-4350,1647353668.885986000,54.230.129.136
1622,66,1647353668.885997000,192.168.10.155
1623,-997,1647353668.887434000,54.230.129.136
1624,66,1647353668.887567000,192.168.10.155
1625,-74,1647353668.892605000,34.223.179.246
1626,66,1647353668.892676000,192.168.10.155
1627,74,1647353668.894381000,192.168.10.155
1628,-74,1647353668.897032000,54.230.129.136
1629,66,1647353668.897052000,192.168.10.155
1630,583,1647353668.899130000,192.168.10.155
1631,-297,1647353668.901888000,162.219.225.115
1632,66,1647353668.901912000,192.168.10.155
1633,105,1647353668.904506000,192.168.10.155
1634,583,1647353668.908862000,192.168.10.155
1635,-66,1647353668.911669000,54.230.129.136
1636,90,1647353668.912553000,192.168.10.155
1637,66,1647353668.912586000,192.168.10.155
1638,-2922,1647353668.912748000,54.230.129.136
1639,66,1647353668.912761000,192.168.10.155
1640,130,1647353668.913319000,192.168.10.155
1641,130,1647353668.913861000,192.168.10.155
1642,-1494,1647353668.913921000,54.230.129.136
1643,66,1647353668.913928000,192.168.10.155
1644,130,1647353668.914162000,192.168.10.155
1645,-997,1647353668.914454000,54.230.129.136
1646,66,1647353668.914459000,192.168.10.155
1647,130,1647353668.915359000,192.168.10.155
1648,-66,1647353668.915897000,54.239.132.159
1649,-66,1647353668.916019000,54.230.129.136
1650,501,1647353668.916479000,192.168.10.155
1651,-128,1647353668.916510000,54.230.129.136
1652,66,1647353668.916518000,192.168.10.155
1653,-66,1647353668.916625000,54.230.129.136
1654,236,1647353668.916640000,192.168.10.155
1655,420,1647353668.916661000,192.168.10.155
1656,253,1647353668.916706000,192.168.10.155
1657,-128,1647353668.917163000,54.230.129.136
1658,66,1647353668.917169000,192.168.10.155
1659,158,1647353668.917471000,192.168.10.155
1660,-66,1647353668.918030000,54.230.129.136
1661,-128,1647353668.918031000,54.230.129.136
1662,66,1647353668.918048000,192.168.10.155
1663,-66,1647353668.918889000,54.230.129.136
1664,-66,1647353668.918994000,54.230.129.136
1665,-66,1647353668.919331000,54.239.132.159
1666,-97,1647353668.919332000,54.230.129.136
1667,66,1647353668.919352000,192.168.10.155
1668,-66,1647353668.919431000,54.230.129.136
1669,97,1647353668.919609000,192.168.10.155
1670,-66,1647353668.919685000,54.230.129.136
1671,-2862,1647353668.919854000,54.230.129.136
1672,66,1647353668.919865000,192.168.10.155
1673,-97,1647353668.919921000,54.230.129.136
1674,66,1647353668.919927000,192.168.10.155
1675,158,1647353668.920077000,192.168.10.155
1676,130,1647353668.920406000,192.168.10.155
1677,-3124,1647353668.920580000,54.230.129.136
1678,66,1647353668.920593000,192.168.10.155
1679,-16472,1647353668.921624000,54.230.129.136
1680,66,1647353668.921690000,192.168.10.155
1681,-9490,1647353668.923191000,54.230.129.136
1682,-16472,1647353668.923209000,54.239.132.159
1683,66,1647353668.923289000,192.168.10.155
1684,66,1647353668.923332000,192.168.10.155
1685,-7206,1647353668.923405000,54.239.132.159
1686,66,1647353668.923417000,192.168.10.155
1687,-11490,1647353668.923448000,54.239.132.159
1688,66,1647353668.923452000,192.168.10.155
1689,-2922,1647353668.923689000,54.239.132.159
1690,-4350,1647353668.923695000,54.239.132.159
1691,-10062,1647353668.923713000,54.230.129.136
1692,66,1647353668.923749000,192.168.10.155
1693,66,1647353668.923809000,192.168.10.155
1694,-66,1647353668.923857000,54.230.129.136
1695,-66,1647353668.923858000,54.230.129.136
1696,-66,1647353668.923861000,54.230.129.136
1697,-128,1647353668.923863000,54.230.129.136
1698,66,1647353668.923917000,192.168.10.155
1699,-1494,1647353668.924263000,54.230.129.136
1700,-1494,1647353668.924300000,54.230.129.136
1701,66,1647353668.924715000,192.168.10.155
1702,-11490,1647353668.924872000,54.230.129.136
1703,66,1647353668.925035000,192.168.10.155
1704,-1494,1647353668.925860000,54.230.129.136
1705,66,1647353668.925886000,192.168.10.155
1706,-1494,1647353668.925943000,54.230.129.136
1707,158,1647353668.926213000,192.168.10.155
1708,-10888,1647353668.927074000,54.230.129.136
1709,66,1647353668.927964000,192.168.10.155
1710,-9633,1647353668.928136000,54.239.132.159
1711,-66,1647353668.928597000,54.230.129.136
1712,66,1647353668.928727000,192.168.10.155
1713,-1494,1647353668.928932000,54.230.129.136
1714,66,1647353668.928972000,192.168.10.155
1715,-1375,1647353668.929029000,54.230.129.136
1716,66,1647353668.929037000,192.168.10.155
1717,157,1647353668.929167000,192.168.10.155
1718,253,1647353668.929203000,192.168.10.155
1719,253,1647353668.929222000,192.168.10.155
1720,90,1647353668.929288000,192.168.10.155
1721,66,1647353668.929300000,192.168.10.155
1722,-2922,1647353668.929938000,54.230.129.136
1723,66,1647353668.929950000,192.168.10.155
1724,90,1647353668.931032000,192.168.10.155
1725,66,1647353668.931057000,192.168.10.155
1726,90,1647353668.931148000,192.168.10.155
1727,66,1647353668.931159000,192.168.10.155
1728,-13616,1647353668.931203000,54.230.129.136
1729,66,1647353668.931216000,192.168.10.155
1730,-3113,1647353668.931230000,54.230.129.136
1731,66,1647353668.931233000,192.168.10.155
1732,130,1647353668.931556000,192.168.10.155
1733,130,1647353668.931886000,192.168.10.155
1734,-66,1647353668.932172000,54.230.129.136
1735,-66,1647353668.932173000,54.230.129.136
1736,253,1647353668.932207000,192.168.10.155
1737,158,1647353668.932630000,192.168.10.155
1738,253,1647353668.932687000,192.168.10.155
1739,-97,1647353668.932825000,54.230.129.136
1740,-97,1647353668.932826000,54.230.129.136
1741,-66,1647353668.932826000,54.230.129.136
1742,-66,1647353668.932826000,54.230.129.136
1743,-66,1647353668.932826000,54.230.129.136
1744,-1494,1647353668.932827000,54.230.129.136
1745,54,1647353668.932848000,192.168.10.155
1746,54,1647353668.932866000,192.168.10.155
1747,66,1647353668.932881000,192.168.10.155
1748,-1373,1647353668.933108000,54.230.129.136
1749,-10062,1647353668.933111000,54.230.129.136
1750,66,1647353668.933119000,192.168.10.155
1751,66,1647353668.933129000,192.168.10.155
1752,157,1647353668.933356000,192.168.10.155
1753,-5320,1647353668.933951000,54.230.129.136
1754,-66,1647353668.933952000,54.230.129.136
1755,-66,1647353668.933952000,54.230.129.136
1756,66,1647353668.933962000,192.168.10.155
1757,54,1647353668.933978000,192.168.10.155
1758,54,1647353668.933989000,192.168.10.155
1759,-66,1647353668.934473000,54.230.129.136
1760,-60,1647353668.934474000,52.94.176.11
1761,-66,1647353668.934474000,54.230.129.136
1762,-66,1647353668.934474000,54.230.129.136
1763,-128,1647353668.934474000,54.230.129.136
1764,54,1647353668.934488000,192.168.10.155
1765,54,1647353668.934509000,192.168.10.155
1766,66,1647353668.934522000,192.168.10.155
1767,90,1647353668.934810000,192.168.10.155
1768,66,1647353668.934828000,192.168.10.155
1769,-66,1647353668.935023000,54.230.129.136
1770,-66,1647353668.935024000,54.230.129.136
1771,-97,1647353668.935024000,54.230.129.136
1772,-128,1647353668.935025000,54.230.129.136
1773,54,1647353668.935051000,192.168.10.155
1774,66,1647353668.935067000,192.168.10.155
1775,90,1647353668.935184000,192.168.10.155
1776,66,1647353668.935194000,192.168.10.155
1777,-66,1647353668.935553000,54.230.129.136
1778,-66,1647353668.935554000,54.230.129.136
1779,-97,1647353668.935554000,54.230.129.136
1780,54,1647353668.935573000,192.168.10.155
1781,-66,1647353668.936196000,54.230.129.136
1782,-2818,1647353668.936197000,54.230.129.136
1783,66,1647353668.936213000,192.168.10.155
1784,-60,1647353668.936760000,52.94.176.11
1785,-3141,1647353668.936762000,54.230.129.136
1786,66,1647353668.936779000,192.168.10.155
1787,-15439,1647353668.937815000,54.230.129.136
1788,66,1647353668.937860000,192.168.10.155
1789,-4350,1647353668.937913000,54.230.129.136
1790,66,1647353668.937921000,192.168.10.155
1791,-12188,1647353668.939023000,54.230.129.136
1792,66,1647353668.939076000,192.168.10.155
1793,-66,1647353668.939193000,54.230.129.136
1794,-10467,1647353668.939209000,54.230.129.136
1795,54,1647353668.939273000,192.168.10.155
1796,66,1647353668.939304000,192.168.10.155
1797,-66,1647353668.939397000,54.230.129.136
1798,-6090,1647353668.939409000,52.94.176.11
1799,-66,1647353668.939412000,54.230.129.136
1800,-66,1647353668.939413000,54.230.129.136
1801,54,1647353668.939458000,192.168.10.155
1802,54,1647353668.939522000,192.168.10.155
1803,54,1647353668.939536000,192.168.10.155
1804,54,1647353668.939549000,192.168.10.155
1805,180,1647353668.945718000,192.168.10.155
1806,74,1647353668.950329000,192.168.10.155
1807,-66,1647353668.953578000,34.223.179.246
1808,-66,1647353668.953675000,34.223.179.246
1809,66,1647353668.953724000,192.168.10.155
1810,74,1647353668.959718000,192.168.10.155
1811,74,1647353668.975236000,192.168.10.155
1812,-66,1647353668.987302000,162.219.225.115
1813,-66,1647353668.994378000,162.219.225.115
1814,-90,1647353668.994379000,162.219.225.115
1815,54,1647353668.994415000,192.168.10.155
1816,-66,1647353668.994595000,162.219.225.115
1817,-66,1647353668.994596000,162.219.225.115
1818,54,1647353668.994603000,192.168.10.155
1819,54,1647353668.994611000,192.168.10.155
1820,-66,1647353669.012483000,34.223.179.246
1821,-1514,1647353669.014511000,34.223.179.246
1822,66,1647353669.014529000,192.168.10.155
1823,-1514,1647353669.014567000,34.223.179.246
1824,66,1647353669.014574000,192.168.10.155
1825,-2615,1647353669.015574000,34.223.179.246
1826,66,1647353669.015590000,192.168.10.155
1827,-74,1647353669.031646000,162.219.225.115
1828,66,1647353669.031674000,192.168.10.155
1829,192,1647353669.033175000,192.168.10.155
1830,583,1647353669.037376000,192.168.10.155
1831,-105,1647353669.052627000,52.94.176.11
1832,54,1647353669.052647000,192.168.10.155
1833,1514,1647353669.056689000,192.168.10.155
1834,1514,1647353669.056712000,192.168.10.155
1835,1514,1647353669.056723000,192.168.10.155
1836,1514,1647353669.056726000,192.168.10.155
1837,1514,1647353669.057073000,192.168.10.155
1838,418,1647353669.057080000,192.168.10.155
1839,-66,1647353669.073873000,52.94.176.11
1840,54,1647353669.073898000,192.168.10.155
1841,-66,1647353669.077533000,52.94.176.11
1842,54,1647353669.077573000,192.168.10.155
1843,571,1647353669.080886000,192.168.10.155
1844,571,1647353669.092769000,192.168.10.155
1845,74,1647353669.098413000,192.168.10.155
1846,74,1647353669.108191000,192.168.10.155
1847,-66,1647353669.118288000,162.219.225.115
1848,-2962,1647353669.120353000,162.219.225.115
1849,66,1647353669.120370000,192.168.10.155
1850,-2694,1647353669.120833000,162.219.225.115
1851,66,1647353669.120841000,192.168.10.155
1852,130,1647353669.127483000,192.168.10.155
1853,236,1647353669.128668000,192.168.10.155
1854,1026,1647353669.128762000,192.168.10.155
1855,-324,1647353669.146249000,34.223.179.246
1856,-135,1647353669.146251000,34.223.179.246
1857,66,1647353669.146321000,192.168.10.155
1858,66,1647353669.146391000,192.168.10.155
1859,243,1647353669.148483000,192.168.10.155
1860,600,1647353669.148646000,192.168.10.155
1861,480,1647353669.149130000,192.168.10.155
1862,104,1647353669.149489000,192.168.10.155
1863,210,1647353669.149586000,192.168.10.155
1864,1514,1647353669.149634000,192.168.10.155
1865,1514,1647353669.149639000,192.168.10.155
1866,1514,1647353669.149647000,192.168.10.155
1867,1514,1647353669.149649000,192.168.10.155
1868,1514,1647353669.150904000,192.168.10.155
1869,-60,1647353669.163442000,52.94.176.11
1870,-60,1647353669.163442000,52.94.176.11
1871,-60,1647353669.163443000,52.94.176.11
1872,-60,1647353669.172911000,52.94.176.11
1873,-681,1647353669.174616000,52.94.176.11
1874,54,1647353669.174673000,192.168.10.155
1875,-60,1647353669.180218000,52.94.176.11
1876,-1514,1647353669.182066000,52.94.176.11
1877,54,1647353669.182113000,192.168.10.155
1878,-1514,1647353669.182255000,52.94.176.11
1879,54,1647353669.182261000,192.168.10.155
1880,-3170,1647353669.182497000,52.94.176.11
1881,54,1647353669.182503000,192.168.10.155
1882,180,1647353669.188625000,192.168.10.155
1883,-60,1647353669.193515000,52.94.176.11
1884,-66,1647353669.196904000,52.94.176.11
1885,54,1647353669.196931000,192.168.10.155
1886,571,1647353669.200254000,192.168.10.155
1887,-60,1647353669.209096000,52.94.176.11
1888,-66,1647353669.209862000,162.219.225.115
1889,-1514,1647353669.210814000,52.94.176.11
1890,54,1647353669.210827000,192.168.10.155
1891,-1514,1647353669.210875000,52.94.176.11
1892,54,1647353669.210879000,192.168.10.155
1893,-3170,1647353669.211484000,52.94.176.11
1894,-66,1647353669.211485000,162.219.225.115
1895,-125,1647353669.211485000,162.219.225.115
1896,54,1647353669.211494000,192.168.10.155
1897,66,1647353669.211510000,192.168.10.155
1898,-66,1647353669.213083000,162.219.225.115
1899,180,1647353669.217092000,192.168.10.155
1900,97,1647353669.217506000,192.168.10.155
1901,-66,1647353669.221593000,52.94.176.11
1902,54,1647353669.221623000,192.168.10.155
1903,571,1647353669.226113000,192.168.10.155
1904,-66,1647353669.261526000,34.223.179.246
1905,1514,1647353669.261559000,192.168.10.155
1906,1514,1647353669.261575000,192.168.10.155
1907,-104,1647353669.261740000,34.223.179.246
1908,66,1647353669.261763000,192.168.10.155
1909,1254,1647353669.262022000,192.168.10.155
1910,-66,1647353669.262607000,34.223.179.246
1911,-66,1647353669.262931000,34.223.179.246
1912,-66,1647353669.263297000,34.223.179.246
1913,-236,1647353669.263414000,34.223.179.246
1914,66,1647353669.263436000,192.168.10.155
1915,-104,1647353669.263662000,34.223.179.246
1916,66,1647353669.263680000,192.168.10.155
1917,-235,1647353669.263781000,34.223.179.246
1918,-104,1647353669.263782000,34.223.179.246
1919,66,1647353669.263885000,192.168.10.155
1920,105,1647353669.287189000,192.168.10.155
1921,90,1647353669.287325000,192.168.10.155
1922,66,1647353669.287349000,192.168.10.155
1923,85,1647353669.287487000,192.168.10.155
1924,54,1647353669.287504000,192.168.10.155
1925,90,1647353669.287719000,192.168.10.155
1926,66,1647353669.288170000,192.168.10.155
1927,-105,1647353669.288924000,52.94.176.11
1928,54,1647353669.288942000,192.168.10.155
1929,1514,1647353669.289353000,192.168.10.155
1930,1514,1647353669.289367000,192.168.10.155
1931,-66,1647353669.289601000,54.230.129.136
1932,-66,1647353669.289698000,54.239.132.159
1933,224,1647353669.290063000,192.168.10.155
1934,-66,1647353669.291265000,54.239.132.159
1935,-66,1647353669.291266000,54.230.129.136
1936,66,1647353669.291294000,192.168.10.155
1937,-66,1647353669.295916000,54.230.129.136
1938,-66,1647353669.295917000,54.230.129.136
1939,-60,1647353669.295917000,52.94.176.11
1940,66,1647353669.295937000,192.168.10.155
1941,-60,1647353669.298718000,52.94.176.11
1942,-1514,1647353669.300784000,52.94.176.11
1943,54,1647353669.300798000,192.168.10.155
1944,-4630,1647353669.301410000,52.94.176.11
1945,54,1647353669.301423000,192.168.10.155
1946,-66,1647353669.302142000,162.219.225.115
1947,180,1647353669.309129000,192.168.10.155
1948,-476,1647353669.309182000,162.219.225.115
1949,66,1647353669.309194000,192.168.10.155
1950,105,1647353669.309623000,192.168.10.155
1951,90,1647353669.309772000,192.168.10.155
1952,-105,1647353669.333577000,52.94.176.11
1953,54,1647353669.333607000,192.168.10.155
1954,-60,1647353669.334022000,52.94.176.11
1955,1514,1647353669.335662000,192.168.10.155
1956,1514,1647353669.335680000,192.168.10.155
1957,1514,1647353669.335695000,192.168.10.155
1958,1514,1647353669.335698000,192.168.10.155
1959,1514,1647353669.336053000,192.168.10.155
1960,1514,1647353669.336061000,192.168.10.155
1961,1514,1647353669.336070000,192.168.10.155
1962,1514,1647353669.336074000,192.168.10.155
1963,1514,1647353669.336394000,192.168.10.155
1964,1514,1647353669.336400000,192.168.10.155
1965,-60,1647353669.339036000,52.94.176.11
1966,-1514,1647353669.340502000,52.94.176.11
1967,54,1647353669.340523000,192.168.10.155
1968,-1514,1647353669.340584000,52.94.176.11
1969,54,1647353669.340588000,192.168.10.155
1970,-3170,1647353669.341190000,52.94.176.11
1971,54,1647353669.341202000,192.168.10.155
1972,180,1647353669.349150000,192.168.10.155
1973,-66,1647353669.374190000,34.223.179.246
1974,-260,1647353669.377529000,34.223.179.246
1975,66,1647353669.377572000,192.168.10.155
1976,112,1647353669.377784000,192.168.10.155
1977,97,1647353669.377905000,192.168.10.155
1978,-60,1647353669.388375000,52.94.176.11
1979,-60,1647353669.394175000,52.94.176.11
1980,54,1647353669.394203000,192.168.10.155
1981,-66,1647353669.394233000,162.219.225.115
1982,-66,1647353669.394233000,162.219.225.115
1983,-90,1647353669.395214000,162.219.225.115
1984,54,1647353669.395230000,192.168.10.155
1985,-66,1647353669.395324000,162.219.225.115
1986,54,1647353669.395329000,192.168.10.155
1987,-659,1647353669.404817000,52.94.176.11
1988,-105,1647353669.404818000,52.94.176.11
1989,54,1647353669.404845000,192.168.10.155
1990,54,1647353669.404872000,192.168.10.155
1991,85,1647353669.405174000,192.168.10.155
1992,54,1647353669.405192000,192.168.10.155
1993,54,1647353669.405512000,192.168.10.155
1994,-105,1647353669.408916000,52.94.176.11
1995,54,1647353669.408955000,192.168.10.155
1996,74,1647353669.410445000,192.168.10.155
1997,74,1647353669.411562000,192.168.10.155
1998,54,1647353669.420462000,192.168.10.155
1999,-60,1647353669.452202000,52.94.176.11
2000,-60,1647353669.452204000,52.94.176.11
2001,1514,1647353669.452254000,192.168.10.155
2002,1514,1647353669.452274000,192.168.10.155
2003,1514,1647353669.452283000,192.168.10.155
2004,1514,1647353669.452285000,192.168.10.155
2005,-60,1647353669.452547000,52.94.176.11
2006,-60,1647353669.452548000,52.94.176.11
2007,1514,1647353669.452893000,192.168.10.155
2008,1514,1647353669.452905000,192.168.10.155
2009,1514,1647353669.452908000,192.168.10.155
2010,1514,1647353669.452913000,192.168.10.155
2011,1514,1647353669.452915000,192.168.10.155
2012,-60,1647353669.453085000,52.94.176.11
2013,1514,1647353669.453483000,192.168.10.155
2014,1514,1647353669.453488000,192.168.10.155
2015,1514,1647353669.453495000,192.168.10.155
2016,1514,1647353669.453497000,192.168.10.155
2017,1514,1647353669.453820000,192.168.10.155
2018,1514,1647353669.453828000,192.168.10.155
2019,1514,1647353669.453830000,192.168.10.155
2020,1514,1647353669.453837000,192.168.10.155
2021,1514,1647353669.453839000,192.168.10.155
2022,1514,1647353669.454228000,192.168.10.155
2023,1514,1647353669.454231000,192.168.10.155
2024,-105,1647353669.461708000,52.94.176.11
2025,54,1647353669.461732000,192.168.10.155
2026,-66,1647353669.490512000,34.223.179.246
2027,-66,1647353669.490513000,34.223.179.246
2028,66,1647353669.490541000,192.168.10.155
2029,-60,1647353669.503860000,52.94.176.11
2030,-60,1647353669.503861000,52.94.176.11
2031,-60,1647353669.503861000,52.94.176.11
2032,54,1647353669.503876000,192.168.10.155
2033,54,1647353669.503897000,192.168.10.155
2034,-74,1647353669.527093000,34.223.179.246
2035,54,1647353669.527110000,192.168.10.155
2036,-66,1647353669.530086000,52.94.176.11
2037,54,1647353669.530093000,192.168.10.155
2038,-60,1647353669.532688000,52.94.176.11
2039,54,1647353669.532700000,192.168.10.155
2040,-60,1647353669.569974000,52.94.176.11
2041,-60,1647353669.569975000,52.94.176.11
2042,1514,1647353669.569996000,192.168.10.155
2043,1514,1647353669.570006000,192.168.10.155
2044,1514,1647353669.570746000,192.168.10.155
2045,1514,1647353669.570752000,192.168.10.155
2046,1514,1647353669.570754000,192.168.10.155
2047,1514,1647353669.570755000,192.168.10.155
2048,-60,1647353669.573148000,52.94.176.11
2049,-60,1647353669.573148000,52.94.176.11
2050,-60,1647353669.573148000,52.94.176.11
2051,-60,1647353669.573149000,52.94.176.11
2052,-60,1647353669.573149000,52.94.176.11
2053,-60,1647353669.573149000,52.94.176.11
2054,-60,1647353669.573149000,52.94.176.11
2055,1514,1647353669.573162000,192.168.10.155
2056,1514,1647353669.573167000,192.168.10.155
2057,1514,1647353669.573168000,192.168.10.155
2058,1514,1647353669.573173000,192.168.10.155
2059,1514,1647353669.573174000,192.168.10.155
2060,1514,1647353669.573176000,192.168.10.155
2061,1514,1647353669.574621000,192.168.10.155
2062,1514,1647353669.574627000,192.168.10.155
2063,1514,1647353669.574629000,192.168.10.155
2064,1514,1647353669.574633000,192.168.10.155
2065,1514,1647353669.574635000,192.168.10.155
2066,1085,1647353669.574636000,192.168.10.155
2067,-60,1647353669.687012000,52.94.176.11
2068,-60,1647353669.687509000,52.94.176.11
2069,-60,1647353669.690489000,52.94.176.11
2070,-60,1647353669.690826000,52.94.176.11
2071,-60,1647353669.690826000,52.94.176.11
2072,-60,1647353669.690826000,52.94.176.11
2073,-85,1647353669.691331000,52.94.176.11
2074,-60,1647353669.691332000,52.94.176.11
2075,54,1647353669.691343000,192.168.10.155
2076,54,1647353669.691358000,192.168.10.155
