index,size,time,ip
0,78,1649181373.398666,192.168.1.3
1,78,1649181373.399238,192.168.1.3
2,-74,1649181373.40669,18.65.110.227
3,-74,1649181373.406697,18.65.110.227
4,66,1649181373.406763,192.168.1.3
5,66,1649181373.406782,192.168.1.3
6,583,1649181373.407129,192.168.1.3
7,583,1649181373.40753,192.168.1.3
8,-66,1649181373.415631,18.65.110.227
9,-1468,1649181373.415632,18.65.110.227
10,-1468,1649181373.415633,18.65.110.227
11,-1468,1649181373.415634,18.65.110.227
12,-66,1649181373.415643,18.65.110.227
13,-1468,1649181373.415644,18.65.110.227
14,-1468,1649181373.415646,18.65.110.227
15,66,1649181373.415696,192.168.1.3
16,66,1649181373.415718,192.168.1.3
17,66,1649181373.415817,192.168.1.3
18,-1468,1649181373.416065,18.65.110.227
19,66,1649181373.416109,192.168.1.3
20,66,1649181373.416315,192.168.1.3
21,-1115,1649181373.417518,18.65.110.227
22,-1115,1649181373.417527,18.65.110.227
23,66,1649181373.417568,192.168.1.3
24,66,1649181373.417591,192.168.1.3
25,130,1649181373.434381,192.168.1.3
26,130,1649181373.434551,192.168.1.3
27,66,1649181373.434631,192.168.1.3
28,158,1649181373.434739,192.168.1.3
29,831,1649181373.435058,192.168.1.3
30,-66,1649181373.441445,18.65.110.227
31,-128,1649181373.441446,18.65.110.227
32,66,1649181373.441478,192.168.1.3
33,97,1649181373.441631,192.168.1.3
34,-66,1649181373.442311,18.65.110.227
35,-97,1649181373.442312,18.65.110.227
36,-66,1649181373.442312,18.65.110.227
37,-66,1649181373.442319,18.65.110.227
38,-66,1649181373.442319,18.65.110.227
39,-66,1649181373.44232,18.65.110.227
40,66,1649181373.442358,192.168.1.3
41,66,1649181373.442417,192.168.1.3
42,-66,1649181373.449477,18.65.110.227
43,-1172,1649181373.707157,18.65.110.227
44,-1468,1649181373.707208,18.65.110.227
45,-1468,1649181373.70721,18.65.110.227
46,-1468,1649181373.707211,18.65.110.227
47,-1468,1649181373.707212,18.65.110.227
48,-1468,1649181373.707214,18.65.110.227
49,-1468,1649181373.707229,18.65.110.227
50,66,1649181373.707231,192.168.1.3
51,-1468,1649181373.707232,18.65.110.227
52,-1468,1649181373.707233,18.65.110.227
53,-546,1649181373.707235,18.65.110.227
54,66,1649181373.707276,192.168.1.3
55,66,1649181373.707294,192.168.1.3
56,66,1649181373.707335,192.168.1.3
57,-546,1649181373.710804,18.65.110.227
58,78,1649181373.710847,192.168.1.3
59,-1468,1649181373.749242,18.65.110.227
60,-1468,1649181373.749244,18.65.110.227
61,-1468,1649181373.749245,18.65.110.227
62,-1468,1649181373.749245,18.65.110.227
63,-1468,1649181373.749246,18.65.110.227
64,-1468,1649181373.749247,18.65.110.227
65,-680,1649181373.749247,18.65.110.227
66,-1468,1649181373.749248,18.65.110.227
67,66,1649181373.749297,192.168.1.3
68,-1468,1649181373.74932,18.65.110.227
69,-1468,1649181373.749321,18.65.110.227
70,-1468,1649181373.749322,18.65.110.227
71,-1468,1649181373.749323,18.65.110.227
72,-1468,1649181373.749323,18.65.110.227
73,-1468,1649181373.749324,18.65.110.227
74,-1468,1649181373.749325,18.65.110.227
75,66,1649181373.749354,192.168.1.3
76,66,1649181373.74936,192.168.1.3
77,66,1649181373.749427,192.168.1.3
78,-1468,1649181373.750598,18.65.110.227
79,-1468,1649181373.750599,18.65.110.227
80,-1468,1649181373.7506,18.65.110.227
81,-1050,1649181373.750601,18.65.110.227
82,-409,1649181373.750601,18.65.110.227
83,66,1649181373.750633,192.168.1.3
84,66,1649181373.750756,192.168.1.3
85,-404,1649181373.767042,18.65.110.227
86,66,1649181373.767071,192.168.1.3
87,78,1649181373.823789,192.168.1.3
88,-1468,1649181373.841011,18.65.110.227
89,-1431,1649181373.841012,18.65.110.227
90,-1468,1649181373.841012,18.65.110.227
91,-237,1649181373.841013,18.65.110.227
92,66,1649181373.841056,192.168.1.3
93,66,1649181373.841108,192.168.1.3
94,-1468,1649181373.847497,18.65.110.227
95,-1468,1649181373.847498,18.65.110.227
96,-1468,1649181373.847498,18.65.110.227
97,-1468,1649181373.847499,18.65.110.227
98,-1468,1649181373.8475,18.65.110.227
99,-607,1649181373.8475,18.65.110.227
100,-1468,1649181373.847501,18.65.110.227
101,-244,1649181373.847501,18.65.110.227
102,-1468,1649181373.847502,18.65.110.227
103,-1468,1649181373.847502,18.65.110.227
104,-1468,1649181373.847503,18.65.110.227
105,-1468,1649181373.847504,18.65.110.227
106,-1468,1649181373.847533,18.65.110.227
107,-1468,1649181373.847534,18.65.110.227
108,-680,1649181373.847534,18.65.110.227
109,66,1649181373.847553,192.168.1.3
110,66,1649181373.847578,192.168.1.3
111,66,1649181373.847662,192.168.1.3
112,-1468,1649181373.848744,18.65.110.227
113,-1468,1649181373.848744,18.65.110.227
114,-1468,1649181373.848745,18.65.110.227
115,-1468,1649181373.848746,18.65.110.227
116,-1468,1649181373.848746,18.65.110.227
117,-1468,1649181373.848747,18.65.110.227
118,-1468,1649181373.848747,18.65.110.227
119,-1468,1649181373.848748,18.65.110.227
120,66,1649181373.848793,192.168.1.3
121,66,1649181373.84927,192.168.1.3
122,-1468,1649181373.850089,18.65.110.227
123,-1468,1649181373.85009,18.65.110.227
124,-1468,1649181373.85009,18.65.110.227
125,-1468,1649181373.850091,18.65.110.227
126,-1468,1649181373.850092,18.65.110.227
127,-1468,1649181373.850092,18.65.110.227
128,-1468,1649181373.850093,18.65.110.227
129,-1468,1649181373.850093,18.65.110.227
130,66,1649181373.850132,192.168.1.3
131,66,1649181373.850176,192.168.1.3
132,-1468,1649181373.850576,18.65.110.227
133,-1468,1649181373.850577,18.65.110.227
134,-845,1649181373.850578,18.65.110.227
135,66,1649181373.850597,192.168.1.3
136,66,1649181373.850628,192.168.1.3
137,-1468,1649181373.939248,18.65.110.227
138,-1468,1649181373.939249,18.65.110.227
139,-1468,1649181373.93925,18.65.110.227
140,-1468,1649181373.93925,18.65.110.227
141,-1468,1649181373.939251,18.65.110.227
142,-1468,1649181373.939252,18.65.110.227
143,-1468,1649181373.939253,18.65.110.227
144,-1468,1649181373.939254,18.65.110.227
145,-1468,1649181373.93928,18.65.110.227
146,-1468,1649181373.939281,18.65.110.227
147,-1468,1649181373.939282,18.65.110.227
148,-1050,1649181373.939283,18.65.110.227
149,-1468,1649181373.939284,18.65.110.227
150,-307,1649181373.939284,18.65.110.227
151,66,1649181373.939297,192.168.1.3
152,66,1649181373.939314,192.168.1.3
153,66,1649181373.939386,192.168.1.3
154,-1468,1649181373.945753,18.65.110.227
155,-1468,1649181373.945755,18.65.110.227
156,-1468,1649181373.945755,18.65.110.227
157,-1468,1649181373.945756,18.65.110.227
158,-1468,1649181373.945757,18.65.110.227
159,-1468,1649181373.945757,18.65.110.227
160,-686,1649181373.945758,18.65.110.227
161,-1468,1649181373.945759,18.65.110.227
162,-1468,1649181373.945759,18.65.110.227
163,-1468,1649181373.94576,18.65.110.227
164,-1468,1649181373.945761,18.65.110.227
165,-1468,1649181373.945762,18.65.110.227
166,-1468,1649181373.945802,18.65.110.227
167,-1468,1649181373.945803,18.65.110.227
168,-1468,1649181373.945804,18.65.110.227
169,-1468,1649181373.945804,18.65.110.227
170,-1468,1649181373.945805,18.65.110.227
171,66,1649181373.945812,192.168.1.3
172,66,1649181373.94583,192.168.1.3
173,66,1649181373.945909,192.168.1.3
174,-1468,1649181373.946869,18.65.110.227
175,-1468,1649181373.946871,18.65.110.227
176,-1468,1649181373.946871,18.65.110.227
177,-1468,1649181373.946872,18.65.110.227
178,-1468,1649181373.946873,18.65.110.227
179,-1468,1649181373.946873,18.65.110.227
180,-1468,1649181373.946874,18.65.110.227
181,-1468,1649181373.946875,18.65.110.227
182,66,1649181373.9469,192.168.1.3
183,66,1649181373.946938,192.168.1.3
184,-1468,1649181373.947013,18.65.110.227
185,-1468,1649181373.947014,18.65.110.227
186,66,1649181373.947039,192.168.1.3
187,66,1649181373.947072,192.168.1.3
188,-1468,1649181373.947988,18.65.110.227
189,-1468,1649181373.947989,18.65.110.227
190,-1468,1649181373.94799,18.65.110.227
191,-1468,1649181373.947991,18.65.110.227
192,-1468,1649181373.947992,18.65.110.227
193,-1468,1649181373.947992,18.65.110.227
194,-1468,1649181373.947993,18.65.110.227
195,-1468,1649181373.947994,18.65.110.227
196,-325,1649181373.947995,18.65.110.227
197,66,1649181373.948032,192.168.1.3
198,66,1649181373.948172,192.168.1.3
199,-1464,1649181373.949619,18.65.110.227
200,66,1649181373.94972,192.168.1.3
201,-74,1649181373.95086,34.223.189.100
202,66,1649181373.950907,192.168.1.3
203,583,1649181373.95119,192.168.1.3
204,-66,1649181374.078836,34.223.189.100
205,-1468,1649181374.080461,34.223.189.100
206,-1468,1649181374.080462,34.223.189.100
207,-1468,1649181374.080462,34.223.189.100
208,-1305,1649181374.080463,34.223.189.100
209,66,1649181374.080507,192.168.1.3
210,66,1649181374.080556,192.168.1.3
211,192,1649181374.08998,192.168.1.3
212,165,1649181374.090187,192.168.1.3
213,651,1649181374.090394,192.168.1.3
214,-1468,1649181374.13746,18.65.110.227
215,-565,1649181374.137462,18.65.110.227
216,66,1649181374.137557,192.168.1.3
217,-1468,1649181374.139449,18.65.110.227
218,-1468,1649181374.139451,18.65.110.227
219,-1468,1649181374.139451,18.65.110.227
220,-1468,1649181374.139452,18.65.110.227
221,-1468,1649181374.139453,18.65.110.227
222,-1468,1649181374.139454,18.65.110.227
223,-1461,1649181374.139455,18.65.110.227
224,66,1649181374.139505,192.168.1.3
225,66,1649181374.139606,192.168.1.3
226,-1468,1649181374.142297,18.65.110.227
227,-1468,1649181374.142298,18.65.110.227
228,-1468,1649181374.142299,18.65.110.227
229,-1468,1649181374.142299,18.65.110.227
230,-1468,1649181374.1423,18.65.110.227
231,-1468,1649181374.142301,18.65.110.227
232,-1468,1649181374.142302,18.65.110.227
233,-1468,1649181374.142302,18.65.110.227
234,66,1649181374.142352,192.168.1.3
235,-1468,1649181374.142397,18.65.110.227
236,-1468,1649181374.142398,18.65.110.227
237,-1468,1649181374.142399,18.65.110.227
238,-152,1649181374.1424,18.65.110.227
239,66,1649181374.142453,192.168.1.3
240,66,1649181374.142788,192.168.1.3
241,-1468,1649181374.149876,18.65.110.227
242,-1468,1649181374.149877,18.65.110.227
243,-1468,1649181374.149878,18.65.110.227
244,-1468,1649181374.149878,18.65.110.227
245,-1468,1649181374.149879,18.65.110.227
246,-1468,1649181374.149879,18.65.110.227
247,-1468,1649181374.14988,18.65.110.227
248,-1468,1649181374.149881,18.65.110.227
249,66,1649181374.149924,192.168.1.3
250,-1468,1649181374.14994,18.65.110.227
251,-1468,1649181374.149941,18.65.110.227
252,66,1649181374.14996,192.168.1.3
253,66,1649181374.150055,192.168.1.3
254,-1468,1649181374.15041,18.65.110.227
255,-1084,1649181374.150411,18.65.110.227
256,-1468,1649181374.150412,18.65.110.227
257,-352,1649181374.150413,18.65.110.227
258,66,1649181374.150444,192.168.1.3
259,66,1649181374.150717,192.168.1.3
260,-1468,1649181374.160323,18.65.110.227
261,-253,1649181374.160323,18.65.110.227
262,66,1649181374.160354,192.168.1.3
263,-1468,1649181374.170006,18.65.110.227
264,-925,1649181374.170008,18.65.110.227
265,66,1649181374.170044,192.168.1.3
266,-423,1649181374.180364,18.65.110.227
267,66,1649181374.180428,192.168.1.3
268,-447,1649181374.206988,18.65.110.227
269,66,1649181374.208582,192.168.1.3
270,-66,1649181374.216492,34.223.189.100
271,-324,1649181374.216493,34.223.189.100
272,66,1649181374.21655,192.168.1.3
273,-144,1649181374.218482,34.223.189.100
274,66,1649181374.21852,192.168.1.3
275,104,1649181374.21869,192.168.1.3
276,-236,1649181374.219568,34.223.189.100
277,-104,1649181374.219569,34.223.189.100
278,66,1649181374.219596,192.168.1.3
279,-350,1649181374.232556,18.65.110.227
280,66,1649181374.234328,192.168.1.3
281,-66,1649181374.386759,34.223.189.100
282,980,1649181374.547672,192.168.1.3
283,-66,1649181374.555216,18.65.110.227
284,194,1649181374.588032,192.168.1.3
285,795,1649181374.588239,192.168.1.3
286,-66,1649181374.595105,18.65.110.227
287,-66,1649181374.595106,18.65.110.227
288,-1468,1649181374.833458,18.65.110.227
289,-1468,1649181374.833459,18.65.110.227
290,-1468,1649181374.83346,18.65.110.227
291,-154,1649181374.833461,18.65.110.227
292,-1218,1649181374.833462,18.65.110.227
293,-97,1649181374.833462,18.65.110.227
294,66,1649181374.833527,192.168.1.3
295,66,1649181374.833644,192.168.1.3
296,-97,1649181374.835453,18.65.110.227
297,-775,1649181374.835454,18.65.110.227
298,-1361,1649181374.835455,18.65.110.227
299,-1468,1649181374.835456,18.65.110.227
300,-1468,1649181374.835457,18.65.110.227
301,-594,1649181374.835458,18.65.110.227
302,-1468,1649181374.835459,18.65.110.227
303,-1468,1649181374.83546,18.65.110.227
304,-1468,1649181374.835484,18.65.110.227
305,-1468,1649181374.835485,18.65.110.227
306,-1468,1649181374.835486,18.65.110.227
307,-1468,1649181374.835487,18.65.110.227
308,78,1649181374.835523,192.168.1.3
309,66,1649181374.83555,192.168.1.3
310,-680,1649181374.835634,18.65.110.227
311,-1468,1649181374.835635,18.65.110.227
312,-1468,1649181374.835636,18.65.110.227
313,-1468,1649181374.835637,18.65.110.227
314,66,1649181374.835648,192.168.1.3
315,66,1649181374.835667,192.168.1.3
316,66,1649181374.835709,192.168.1.3
317,-1468,1649181374.835721,18.65.110.227
318,-1468,1649181374.835722,18.65.110.227
319,-1468,1649181374.835723,18.65.110.227
320,-1468,1649181374.835724,18.65.110.227
321,-1468,1649181374.835725,18.65.110.227
322,-1468,1649181374.835726,18.65.110.227
323,-1468,1649181374.835727,18.65.110.227
324,-243,1649181374.835728,18.65.110.227
325,66,1649181374.835755,192.168.1.3
326,66,1649181374.835779,192.168.1.3
327,-1468,1649181374.835956,18.65.110.227
328,-1468,1649181374.835957,18.65.110.227
329,-1468,1649181374.835958,18.65.110.227
330,-1468,1649181374.835959,18.65.110.227
331,-391,1649181374.83596,18.65.110.227
332,-945,1649181374.835961,18.65.110.227
333,66,1649181374.836004,192.168.1.3
334,66,1649181374.836016,192.168.1.3
335,-856,1649181374.838538,18.65.110.227
336,66,1649181374.838587,192.168.1.3
337,-1468,1649181374.84599,18.65.110.227
338,-1468,1649181374.845991,18.65.110.227
339,-1468,1649181374.845991,18.65.110.227
340,-1468,1649181374.845992,18.65.110.227
341,-1468,1649181374.845992,18.65.110.227
342,-1468,1649181374.845993,18.65.110.227
343,-1468,1649181374.845993,18.65.110.227
344,-1468,1649181374.845994,18.65.110.227
345,-1468,1649181374.845994,18.65.110.227
346,-1468,1649181374.845995,18.65.110.227
347,66,1649181374.846038,192.168.1.3
348,66,1649181374.846119,192.168.1.3
349,-1023,1649181374.846448,18.65.110.227
350,66,1649181374.846472,192.168.1.3
351,-1468,1649181374.852135,18.65.110.227
352,-1468,1649181374.852136,18.65.110.227
353,-1304,1649181374.852136,18.65.110.227
354,66,1649181374.852171,192.168.1.3
355,66,1649181374.852255,192.168.1.3
356,-1468,1649181374.868638,18.65.110.227
357,-1468,1649181374.868639,18.65.110.227
358,-1468,1649181374.86864,18.65.110.227
359,-1468,1649181374.86864,18.65.110.227
360,-1468,1649181374.868641,18.65.110.227
361,-1468,1649181374.868641,18.65.110.227
362,-1468,1649181374.868642,18.65.110.227
363,-1468,1649181374.868642,18.65.110.227
364,66,1649181374.868688,192.168.1.3
365,-1468,1649181374.868762,18.65.110.227
366,-968,1649181374.868763,18.65.110.227
367,66,1649181374.868814,192.168.1.3
368,66,1649181374.869536,192.168.1.3
369,-1468,1649181374.895703,18.65.110.227
370,-1468,1649181374.895704,18.65.110.227
371,-1113,1649181374.895704,18.65.110.227
372,66,1649181374.895738,192.168.1.3
373,66,1649181374.895787,192.168.1.3
374,-1468,1649181374.904371,18.65.110.227
375,-1468,1649181374.904372,18.65.110.227
376,-1468,1649181374.904373,18.65.110.227
377,-1468,1649181374.904373,18.65.110.227
378,-1468,1649181374.904373,18.65.110.227
379,-1468,1649181374.904374,18.65.110.227
380,-1468,1649181374.904375,18.65.110.227
381,-1468,1649181374.904375,18.65.110.227
382,-1468,1649181374.904376,18.65.110.227
383,-1468,1649181374.904376,18.65.110.227
384,-903,1649181374.904377,18.65.110.227
385,66,1649181374.904423,192.168.1.3
386,66,1649181374.904467,192.168.1.3
387,-1468,1649181374.906674,18.65.110.227
388,-650,1649181374.906675,18.65.110.227
389,66,1649181374.906698,192.168.1.3
390,-1168,1649181374.958363,18.65.110.227
391,-350,1649181374.958365,18.65.110.227
392,-97,1649181374.958367,18.65.110.227
393,66,1649181374.958442,192.168.1.3
394,-1468,1649181375.200434,18.65.110.227
395,-270,1649181375.200435,18.65.110.227
396,66,1649181375.200474,192.168.1.3
397,-1468,1649181375.219731,18.65.110.227
398,-1468,1649181375.219732,18.65.110.227
399,-1468,1649181375.219732,18.65.110.227
400,-332,1649181375.219733,18.65.110.227
401,66,1649181375.219769,192.168.1.3
402,66,1649181375.219851,192.168.1.3
403,-1468,1649181375.224559,18.65.110.227
404,-1468,1649181375.224559,18.65.110.227
405,-1468,1649181375.22456,18.65.110.227
406,-1468,1649181375.224561,18.65.110.227
407,-1468,1649181375.224561,18.65.110.227
408,-1468,1649181375.224561,18.65.110.227
409,-680,1649181375.224562,18.65.110.227
410,66,1649181375.224594,192.168.1.3
411,66,1649181375.224674,192.168.1.3
412,-1468,1649181375.225693,18.65.110.227
413,-1468,1649181375.225694,18.65.110.227
414,-1468,1649181375.225695,18.65.110.227
415,-1468,1649181375.225695,18.65.110.227
416,-1468,1649181375.225696,18.65.110.227
417,-1468,1649181375.225696,18.65.110.227
418,-1468,1649181375.225697,18.65.110.227
419,-1468,1649181375.225697,18.65.110.227
420,-1468,1649181375.225698,18.65.110.227
421,-1468,1649181375.225698,18.65.110.227
422,66,1649181375.225742,192.168.1.3
423,66,1649181375.226055,192.168.1.3
424,-1468,1649181375.226168,18.65.110.227
425,-1050,1649181375.226168,18.65.110.227
426,-1468,1649181375.226169,18.65.110.227
427,-1468,1649181375.226169,18.65.110.227
428,-1468,1649181375.22617,18.65.110.227
429,-1468,1649181375.22617,18.65.110.227
430,-1468,1649181375.226171,18.65.110.227
431,-116,1649181375.226172,18.65.110.227
432,66,1649181375.226192,192.168.1.3
433,66,1649181375.226246,192.168.1.3
434,-97,1649181375.22715,18.65.110.227
435,66,1649181375.227197,192.168.1.3
436,78,1649181375.55645,192.168.1.3
437,-66,1649181375.689372,52.119.171.205
438,54,1649181375.689418,192.168.1.3
439,571,1649181375.689627,192.168.1.3
440,-60,1649181375.822607,52.119.171.205
441,-60,1649181375.824571,52.119.171.205
442,-1414,1649181375.825798,52.119.171.205
443,-1414,1649181375.825799,52.119.171.205
444,-1414,1649181375.825799,52.119.171.205
445,-1414,1649181375.825799,52.119.171.205
446,-516,1649181375.8258,52.119.171.205
447,54,1649181375.825835,192.168.1.3
448,54,1649181375.842938,192.168.1.3
449,180,1649181375.865297,192.168.1.3
450,-105,1649181375.998241,52.119.171.205
451,54,1649181375.998268,192.168.1.3
452,738,1649181375.998722,192.168.1.3
453,-503,1649181376.154435,52.119.171.205
454,54,1649181376.15447,192.168.1.3
455,78,1649181376.188243,192.168.1.3
456,1468,1649181376.220703,192.168.1.3
457,246,1649181376.220707,192.168.1.3
458,1468,1649181376.221593,192.168.1.3
459,124,1649181376.221598,192.168.1.3
460,1428,1649181376.222474,192.168.1.3
461,-66,1649181376.227981,18.65.110.227
462,-66,1649181376.227982,18.65.110.227
463,78,1649181376.228207,192.168.1.3
464,78,1649181376.242833,192.168.1.3
465,78,1649181376.247046,192.168.1.3
466,-74,1649181376.254747,18.65.156.177
467,66,1649181376.254789,192.168.1.3
468,583,1649181376.254978,192.168.1.3
469,-66,1649181376.262269,18.65.156.177
470,-1468,1649181376.26227,18.65.156.177
471,-1468,1649181376.262271,18.65.156.177
472,-1468,1649181376.262271,18.65.156.177
473,-1468,1649181376.262272,18.65.156.177
474,66,1649181376.262312,192.168.1.3
475,66,1649181376.262388,192.168.1.3
476,-432,1649181376.263731,18.65.156.177
477,66,1649181376.263761,192.168.1.3
478,130,1649181376.270706,192.168.1.3
479,158,1649181376.271031,192.168.1.3
480,500,1649181376.271703,192.168.1.3
481,-66,1649181376.277654,18.65.156.177
482,-128,1649181376.277655,18.65.156.177
483,-66,1649181376.277655,18.65.156.177
484,-97,1649181376.277656,18.65.156.177
485,66,1649181376.277692,192.168.1.3
486,66,1649181376.277707,192.168.1.3
487,97,1649181376.27841,192.168.1.3
488,-66,1649181376.278824,18.65.156.177
489,-1468,1649181376.279535,18.65.156.177
490,-1468,1649181376.279536,18.65.156.177
491,-1468,1649181376.279536,18.65.156.177
492,-1468,1649181376.279537,18.65.156.177
493,-1468,1649181376.279537,18.65.156.177
494,-1468,1649181376.279538,18.65.156.177
495,-1313,1649181376.279539,18.65.156.177
496,66,1649181376.279568,192.168.1.3
497,-66,1649181376.285775,18.65.156.177
498,66,1649181376.287463,192.168.1.3
499,-66,1649181376.309879,52.119.169.237
500,54,1649181376.30993,192.168.1.3
501,571,1649181376.310213,192.168.1.3
502,141,1649181376.324911,192.168.1.3
503,-66,1649181376.33258,18.65.110.227
504,-1468,1649181376.333396,18.65.110.227
505,-1468,1649181376.333396,18.65.110.227
506,-262,1649181376.333397,18.65.110.227
507,66,1649181376.333427,192.168.1.3
508,66,1649181376.333534,192.168.1.3
509,-669,1649181376.334778,18.65.110.227
510,-97,1649181376.334779,18.65.110.227
511,66,1649181376.334818,192.168.1.3
512,-66,1649181376.336978,52.94.215.173
513,54,1649181376.33702,192.168.1.3
514,571,1649181376.337255,192.168.1.3
515,-66,1649181376.347728,34.223.189.100
516,-66,1649181376.348769,34.223.189.100
517,-66,1649181376.349051,34.223.189.100
518,-235,1649181376.352798,34.223.189.100
519,-104,1649181376.352799,34.223.189.100
520,66,1649181376.352839,192.168.1.3
521,-66,1649181376.364804,52.94.210.112
522,54,1649181376.364852,192.168.1.3
523,-235,1649181376.366741,34.223.189.100
524,-104,1649181376.366742,34.223.189.100
525,66,1649181376.36678,192.168.1.3
526,571,1649181376.368624,192.168.1.3
527,-60,1649181376.431207,52.119.169.237
528,-60,1649181376.433194,52.119.169.237
529,-1414,1649181376.435161,52.119.169.237
530,-1414,1649181376.435162,52.119.169.237
531,-1414,1649181376.435162,52.119.169.237
532,-1414,1649181376.435163,52.119.169.237
533,-574,1649181376.435164,52.119.169.237
534,54,1649181376.4352,192.168.1.3
535,54,1649181376.435944,192.168.1.3
536,180,1649181376.447897,192.168.1.3
537,-60,1649181376.448759,52.94.215.173
538,-60,1649181376.44876,52.94.215.173
539,-1414,1649181376.449933,52.94.215.173
540,-1414,1649181376.449934,52.94.215.173
541,-1414,1649181376.449935,52.94.215.173
542,-1414,1649181376.449935,52.94.215.173
543,-639,1649181376.449936,52.94.215.173
544,54,1649181376.449977,192.168.1.3
545,54,1649181376.450089,192.168.1.3
546,180,1649181376.465647,192.168.1.3
547,-60,1649181376.4856,52.94.210.112
548,-60,1649181376.492293,52.94.210.112
549,-1414,1649181376.493504,52.94.210.112
550,-1414,1649181376.493505,52.94.210.112
551,-1414,1649181376.493506,52.94.210.112
552,-1414,1649181376.493506,52.94.210.112
553,-639,1649181376.493507,52.94.210.112
554,54,1649181376.493543,192.168.1.3
555,54,1649181376.493608,192.168.1.3
556,180,1649181376.50681,192.168.1.3
557,-105,1649181376.568696,52.119.169.237
558,54,1649181376.568735,192.168.1.3
559,78,1649181376.571751,192.168.1.3
560,792,1649181376.572167,192.168.1.3
561,-105,1649181376.575711,52.94.215.173
562,54,1649181376.575745,192.168.1.3
563,78,1649181376.579233,192.168.1.3
564,684,1649181376.584051,192.168.1.3
565,-105,1649181376.62741,52.94.210.112
566,54,1649181376.627453,192.168.1.3
567,865,1649181376.633065,192.168.1.3
568,1414,1649181376.633411,192.168.1.3
569,1414,1649181376.633415,192.168.1.3
570,1414,1649181376.633416,192.168.1.3
571,1414,1649181376.633417,192.168.1.3
572,1414,1649181376.633418,192.168.1.3
573,1414,1649181376.633419,192.168.1.3
574,1414,1649181376.63342,192.168.1.3
575,1414,1649181376.63342,192.168.1.3
576,1414,1649181376.633422,192.168.1.3
577,78,1649181376.655258,192.168.1.3
578,-66,1649181376.697204,52.94.215.173
579,-66,1649181376.697227,52.119.175.30
580,54,1649181376.697292,192.168.1.3
581,54,1649181376.697315,192.168.1.3
582,571,1649181376.698746,192.168.1.3
583,571,1649181376.69937,192.168.1.3
584,-439,1649181376.701484,52.119.169.237
585,54,1649181376.701544,192.168.1.3
586,-756,1649181376.705217,52.94.215.173
587,-103,1649181376.705218,52.94.215.173
588,54,1649181376.705264,192.168.1.3
589,812,1649181376.707025,192.168.1.3
590,1414,1649181376.707137,192.168.1.3
591,115,1649181376.70714,192.168.1.3
592,-60,1649181376.753683,52.94.210.112
593,-60,1649181376.753684,52.94.210.112
594,1414,1649181376.753763,192.168.1.3
595,1414,1649181376.753769,192.168.1.3
596,1414,1649181376.753771,192.168.1.3
597,1414,1649181376.753771,192.168.1.3
598,255,1649181376.753783,192.168.1.3
599,-60,1649181376.754854,52.94.210.112
600,-60,1649181376.754855,52.94.210.112
601,-60,1649181376.754855,52.94.210.112
602,-60,1649181376.81579,52.94.215.173
603,-60,1649181376.818301,52.94.215.173
604,-60,1649181376.818951,52.94.215.173
605,-1414,1649181376.820012,52.94.215.173
606,-1414,1649181376.820014,52.94.215.173
607,-1414,1649181376.820014,52.94.215.173
608,-1414,1649181376.820015,52.94.215.173
609,-639,1649181376.820016,52.94.215.173
610,54,1649181376.820066,192.168.1.3
611,54,1649181376.820179,192.168.1.3
612,180,1649181376.821304,192.168.1.3
613,-60,1649181376.823426,52.119.175.30
614,-60,1649181376.82628,52.119.175.30
615,-1414,1649181376.827494,52.119.175.30
616,-1414,1649181376.827495,52.119.175.30
617,-1414,1649181376.827496,52.119.175.30
618,-1414,1649181376.827497,52.119.175.30
619,-510,1649181376.827498,52.119.175.30
620,54,1649181376.827539,192.168.1.3
621,54,1649181376.827624,192.168.1.3
622,-659,1649181376.830526,52.94.215.173
623,-106,1649181376.830527,52.94.215.173
624,54,1649181376.830596,192.168.1.3
625,180,1649181376.835333,192.168.1.3
626,-66,1649181376.839715,52.94.234.174
627,54,1649181376.840446,192.168.1.3
628,571,1649181376.840671,192.168.1.3
629,-60,1649181376.874119,52.94.210.112
630,-60,1649181376.87412,52.94.210.112
631,-659,1649181376.887658,52.94.210.112
632,-105,1649181376.88766,52.94.210.112
633,54,1649181376.887721,192.168.1.3
634,-105,1649181376.939695,52.94.215.173
635,54,1649181376.939763,192.168.1.3
636,757,1649181376.940178,192.168.1.3
637,1414,1649181376.94038,192.168.1.3
638,1414,1649181376.940389,192.168.1.3
639,392,1649181376.940391,192.168.1.3
640,-60,1649181376.961289,52.119.175.30
641,-105,1649181376.96129,52.119.175.30
642,54,1649181376.961368,192.168.1.3
643,1020,1649181376.96184,192.168.1.3
644,-60,1649181377.025423,52.94.234.174
645,-60,1649181377.026024,52.94.234.174
646,-150,1649181377.026024,52.94.234.174
647,-1414,1649181377.026025,52.94.234.174
648,-1414,1649181377.026026,52.94.234.174
649,-1414,1649181377.026026,52.94.234.174
650,-942,1649181377.026027,52.94.234.174
651,54,1649181377.026061,192.168.1.3
652,54,1649181377.026167,192.168.1.3
653,-392,1649181377.026782,52.94.234.174
654,-63,1649181377.026783,52.94.234.174
655,54,1649181377.026814,192.168.1.3
656,204,1649181377.033013,192.168.1.3
657,-63,1649181377.055157,52.94.234.174
658,66,1649181377.055212,192.168.1.3
659,-60,1649181377.058402,52.94.215.173
660,-659,1649181377.069474,52.94.215.173
661,-105,1649181377.069476,52.94.215.173
662,54,1649181377.069543,192.168.1.3
663,-60,1649181377.088558,52.119.175.30
664,-1098,1649181377.160257,52.119.175.30
665,54,1649181377.160313,192.168.1.3
666,1067,1649181377.163583,192.168.1.3
667,-60,1649181377.217902,52.94.234.174
668,-60,1649181377.217903,52.94.234.174
669,-123,1649181377.217904,52.94.234.174
670,54,1649181377.217981,192.168.1.3
671,715,1649181377.218418,192.168.1.3
672,-60,1649181377.289686,52.119.175.30
673,-1414,1649181377.388337,52.119.175.30
674,-590,1649181377.388338,52.119.175.30
675,54,1649181377.388373,192.168.1.3
676,-283,1649181377.403272,52.94.234.174
677,54,1649181377.403452,192.168.1.3
678,202,1649181377.513309,192.168.1.3
679,1468,1649181377.513472,192.168.1.3
680,1468,1649181377.513476,192.168.1.3
681,1468,1649181377.513478,192.168.1.3
682,1468,1649181377.513479,192.168.1.3
683,1468,1649181377.51348,192.168.1.3
684,1468,1649181377.513481,192.168.1.3
685,1468,1649181377.513482,192.168.1.3
686,1468,1649181377.513483,192.168.1.3
687,1468,1649181377.513484,192.168.1.3
688,1468,1649181377.513487,192.168.1.3
689,1468,1649181377.513488,192.168.1.3
690,1057,1649181377.51349,192.168.1.3
691,1468,1649181377.51354,192.168.1.3
692,-66,1649181377.639617,34.223.189.100
693,1468,1649181377.639661,192.168.1.3
694,1468,1649181377.639664,192.168.1.3
695,-66,1649181377.640114,34.223.189.100
696,-66,1649181377.640114,34.223.189.100
697,-66,1649181377.640114,34.223.189.100
698,-66,1649181377.640115,34.223.189.100
699,-108,1649181377.640115,34.223.189.100
700,1468,1649181377.640134,192.168.1.3
701,1468,1649181377.640136,192.168.1.3
702,1468,1649181377.640137,192.168.1.3
703,1468,1649181377.640138,192.168.1.3
704,1468,1649181377.640155,192.168.1.3
705,1468,1649181377.640156,192.168.1.3
706,1468,1649181377.640157,192.168.1.3
707,1468,1649181377.640158,192.168.1.3
708,1468,1649181377.640159,192.168.1.3
709,1468,1649181377.64016,192.168.1.3
710,1468,1649181377.640178,192.168.1.3
711,1468,1649181377.640179,192.168.1.3
712,1468,1649181377.64018,192.168.1.3
713,1468,1649181377.640181,192.168.1.3
714,1468,1649181377.640182,192.168.1.3
715,1468,1649181377.640183,192.168.1.3
716,1449,1649181377.640184,192.168.1.3
717,66,1649181377.640194,192.168.1.3
718,-66,1649181377.682824,34.223.189.100
719,-66,1649181377.767274,34.223.189.100
720,-66,1649181377.767275,34.223.189.100
721,-66,1649181377.767275,34.223.189.100
722,-66,1649181377.767276,34.223.189.100
723,-66,1649181377.767276,34.223.189.100
724,-66,1649181377.767829,34.223.189.100
725,-66,1649181377.76783,34.223.189.100
726,-108,1649181377.76783,34.223.189.100
727,-66,1649181377.76783,34.223.189.100
728,-66,1649181377.767831,34.223.189.100
729,66,1649181377.767869,192.168.1.3
730,-260,1649181377.773383,34.223.189.100
731,66,1649181377.773418,192.168.1.3
