index,size,time,ip
0,78,1648827879.968571000,192.168.1.3
1,78,1648827879.969480000,192.168.1.3
2,-74,1648827879.976024000,184.25.233.138
3,66,1648827879.976120000,192.168.1.3
4,583,1648827879.977310000,192.168.1.3
5,-74,1648827879.978532000,184.25.233.138
6,66,1648827879.978600000,192.168.1.3
7,583,1648827879.978975000,192.168.1.3
8,-66,1648827879.987336000,184.25.233.138
9,-66,1648827879.987346000,184.25.233.138
10,-1468,1648827879.988041000,184.25.233.138
11,-1468,1648827879.988045000,184.25.233.138
12,-1358,1648827879.988047000,184.25.233.138
13,-1468,1648827879.988057000,184.25.233.138
14,-1468,1648827879.988060000,184.25.233.138
15,-1358,1648827879.988062000,184.25.233.138
16,66,1648827879.988109000,192.168.1.3
17,66,1648827879.988129000,192.168.1.3
18,66,1648827879.988226000,192.168.1.3
19,66,1648827879.988350000,192.168.1.3
20,-1188,1648827879.991714000,184.25.233.138
21,-1188,1648827879.991724000,184.25.233.138
22,66,1648827879.991772000,192.168.1.3
23,66,1648827879.991862000,192.168.1.3
24,192,1648827880.011363000,192.168.1.3
25,192,1648827880.011844000,192.168.1.3
26,66,1648827880.011928000,192.168.1.3
27,165,1648827880.012047000,192.168.1.3
28,741,1648827880.012256000,192.168.1.3
29,-66,1648827880.018826000,184.25.233.138
30,-66,1648827880.018829000,184.25.233.138
31,-66,1648827880.018840000,184.25.233.138
32,-66,1648827880.019041000,184.25.233.138
33,-324,1648827880.019050000,184.25.233.138
34,-112,1648827880.023475000,184.25.233.138
35,-97,1648827880.023480000,184.25.233.138
36,-66,1648827880.023482000,184.25.233.138
37,54,1648827880.023512000,192.168.1.3
38,54,1648827880.023529000,192.168.1.3
39,54,1648827880.023544000,192.168.1.3
40,-324,1648827880.034694000,184.25.233.138
41,66,1648827880.034727000,192.168.1.3
42,-143,1648827880.079330000,184.25.233.138
43,66,1648827880.079392000,192.168.1.3
44,104,1648827880.079621000,192.168.1.3
45,-66,1648827880.086661000,184.25.233.138
46,-930,1648827880.327473000,184.25.233.138
47,66,1648827880.327536000,192.168.1.3
48,-1468,1648827880.327734000,184.25.233.138
49,-1460,1648827880.327738000,184.25.233.138
50,-1468,1648827880.327742000,184.25.233.138
51,-1468,1648827880.327745000,184.25.233.138
52,-1468,1648827880.327747000,184.25.233.138
53,-1452,1648827880.327750000,184.25.233.138
54,-1468,1648827880.327752000,184.25.233.138
55,-1460,1648827880.327757000,184.25.233.138
56,-541,1648827880.327760000,184.25.233.138
57,-541,1648827880.327762000,184.25.233.138
58,-1468,1648827880.327788000,184.25.233.138
59,-1460,1648827880.327791000,184.25.233.138
60,-1468,1648827880.327833000,184.25.233.138
61,-1460,1648827880.327838000,184.25.233.138
62,-507,1648827880.327842000,184.25.233.138
63,66,1648827880.327867000,192.168.1.3
64,78,1648827880.327890000,192.168.1.3
65,66,1648827880.327900000,192.168.1.3
66,66,1648827880.327912000,192.168.1.3
67,66,1648827880.329270000,192.168.1.3
68,-1468,1648827880.366485000,184.25.233.138
69,-1460,1648827880.366488000,184.25.233.138
70,-1468,1648827880.366490000,184.25.233.138
71,-1460,1648827880.366491000,184.25.233.138
72,66,1648827880.366541000,192.168.1.3
73,66,1648827880.366705000,192.168.1.3
74,-1228,1648827880.367016000,184.25.233.138
75,66,1648827880.367037000,192.168.1.3
76,-1468,1648827880.377570000,184.25.233.138
77,-1460,1648827880.377574000,184.25.233.138
78,-1468,1648827880.377575000,184.25.233.138
79,-1468,1648827880.377577000,184.25.233.138
80,-1468,1648827880.377579000,184.25.233.138
81,-1452,1648827880.377580000,184.25.233.138
82,66,1648827880.377625000,192.168.1.3
83,66,1648827880.377923000,192.168.1.3
84,-1468,1648827880.379008000,184.25.233.138
85,-1468,1648827880.379010000,184.25.233.138
86,-1468,1648827880.379012000,184.25.233.138
87,-1468,1648827880.379014000,184.25.233.138
88,66,1648827880.379094000,192.168.1.3
89,66,1648827880.379225000,192.168.1.3
90,-1468,1648827880.379420000,184.25.233.138
91,-1468,1648827880.379421000,184.25.233.138
92,-1468,1648827880.379422000,184.25.233.138
93,-1468,1648827880.379424000,184.25.233.138
94,66,1648827880.379443000,192.168.1.3
95,66,1648827880.379948000,192.168.1.3
96,-1468,1648827880.380678000,184.25.233.138
97,-1468,1648827880.380679000,184.25.233.138
98,-1468,1648827880.380680000,184.25.233.138
99,-316,1648827880.380682000,184.25.233.138
100,66,1648827880.380780000,192.168.1.3
101,66,1648827880.381673000,192.168.1.3
102,-1468,1648827880.403324000,184.25.233.138
103,-1468,1648827880.403328000,184.25.233.138
104,-1468,1648827880.403329000,184.25.233.138
105,-1468,1648827880.403331000,184.25.233.138
106,-1460,1648827880.403332000,184.25.233.138
107,66,1648827880.403386000,192.168.1.3
108,66,1648827880.403479000,192.168.1.3
109,-1468,1648827880.404147000,184.25.233.138
110,-1468,1648827880.404149000,184.25.233.138
111,-1468,1648827880.404150000,184.25.233.138
112,-1468,1648827880.404152000,184.25.233.138
113,66,1648827880.404186000,192.168.1.3
114,-1468,1648827880.405033000,184.25.233.138
115,-1468,1648827880.405036000,184.25.233.138
116,-1468,1648827880.405037000,184.25.233.138
117,-472,1648827880.405038000,184.25.233.138
118,66,1648827880.405067000,192.168.1.3
119,66,1648827880.405787000,192.168.1.3
120,78,1648827880.482643000,192.168.1.3
121,-1468,1648827880.496056000,184.25.233.138
122,-1468,1648827880.496057000,184.25.233.138
123,-1468,1648827880.496059000,184.25.233.138
124,-1468,1648827880.496061000,184.25.233.138
125,66,1648827880.496122000,192.168.1.3
126,-1460,1648827880.497443000,184.25.233.138
127,66,1648827880.497453000,192.168.1.3
128,66,1648827880.497483000,192.168.1.3
129,-165,1648827880.507301000,184.25.233.138
130,66,1648827880.508154000,192.168.1.3
131,-1468,1648827880.511607000,184.25.233.138
132,-1468,1648827880.511611000,184.25.233.138
133,-1468,1648827880.511613000,184.25.233.138
134,-1468,1648827880.511614000,184.25.233.138
135,66,1648827880.511665000,192.168.1.3
136,-1460,1648827880.511796000,184.25.233.138
137,66,1648827880.512015000,192.168.1.3
138,-1468,1648827880.512254000,184.25.233.138
139,-1468,1648827880.512256000,184.25.233.138
140,-1468,1648827880.512258000,184.25.233.138
141,-1468,1648827880.512260000,184.25.233.138
142,66,1648827880.512296000,192.168.1.3
143,66,1648827880.512410000,192.168.1.3
144,-1468,1648827880.512491000,184.25.233.138
145,-1468,1648827880.512493000,184.25.233.138
146,-1468,1648827880.512494000,184.25.233.138
147,66,1648827880.512516000,192.168.1.3
148,66,1648827880.512573000,192.168.1.3
149,-1468,1648827880.512910000,184.25.233.138
150,-1468,1648827880.513495000,184.25.233.138
151,-1468,1648827880.513498000,184.25.233.138
152,-1468,1648827880.513500000,184.25.233.138
153,-1468,1648827880.513501000,184.25.233.138
154,66,1648827880.513543000,192.168.1.3
155,66,1648827880.513961000,192.168.1.3
156,-1468,1648827880.514213000,184.25.233.138
157,-1468,1648827880.514215000,184.25.233.138
158,-1468,1648827880.514218000,184.25.233.138
159,-1468,1648827880.514220000,184.25.233.138
160,66,1648827880.514256000,192.168.1.3
161,66,1648827880.515062000,192.168.1.3
162,-1468,1648827880.515082000,184.25.233.138
163,-1468,1648827880.515187000,184.25.233.138
164,-1468,1648827880.515189000,184.25.233.138
165,-1468,1648827880.515191000,184.25.233.138
166,66,1648827880.515214000,192.168.1.3
167,66,1648827880.515323000,192.168.1.3
168,-836,1648827880.516960000,184.25.233.138
169,66,1648827880.523551000,192.168.1.3
170,-1468,1648827880.530470000,184.25.233.138
171,-1468,1648827880.530473000,184.25.233.138
172,-1468,1648827880.530474000,184.25.233.138
173,-1468,1648827880.530476000,184.25.233.138
174,-1460,1648827880.530477000,184.25.233.138
175,-1468,1648827880.530478000,184.25.233.138
176,66,1648827880.530567000,192.168.1.3
177,66,1648827880.531249000,192.168.1.3
178,-1468,1648827880.531467000,184.25.233.138
179,-1468,1648827880.531470000,184.25.233.138
180,-1468,1648827880.531471000,184.25.233.138
181,66,1648827880.531507000,192.168.1.3
182,66,1648827880.531584000,192.168.1.3
183,-1468,1648827880.531787000,184.25.233.138
184,-1468,1648827880.531789000,184.25.233.138
185,-1468,1648827880.531790000,184.25.233.138
186,-1468,1648827880.531791000,184.25.233.138
187,66,1648827880.531819000,192.168.1.3
188,66,1648827880.531863000,192.168.1.3
189,-1468,1648827880.532528000,184.25.233.138
190,-1452,1648827880.532529000,184.25.233.138
191,66,1648827880.532595000,192.168.1.3
192,-1468,1648827880.533531000,184.25.233.138
193,-1468,1648827880.533532000,184.25.233.138
194,-1468,1648827880.533534000,184.25.233.138
195,-1260,1648827880.533535000,184.25.233.138
196,66,1648827880.533583000,192.168.1.3
197,66,1648827880.533622000,192.168.1.3
198,-74,1648827880.602533000,52.37.166.61
199,66,1648827880.602595000,192.168.1.3
200,583,1648827880.603035000,192.168.1.3
201,-66,1648827880.723893000,52.37.166.61
202,-1468,1648827880.726462000,52.37.166.61
203,-1468,1648827880.726465000,52.37.166.61
204,-1468,1648827880.726466000,52.37.166.61
205,-1305,1648827880.726468000,52.37.166.61
206,66,1648827880.726517000,192.168.1.3
207,66,1648827880.726604000,192.168.1.3
208,192,1648827880.735550000,192.168.1.3
209,165,1648827880.735763000,192.168.1.3
210,650,1648827880.736021000,192.168.1.3
211,78,1648827880.816082000,192.168.1.3
212,-66,1648827880.855277000,52.37.166.61
213,-324,1648827880.855279000,52.37.166.61
214,-144,1648827880.855280000,52.37.166.61
215,66,1648827880.855328000,192.168.1.3
216,104,1648827880.855532000,192.168.1.3
217,-236,1648827880.857913000,52.37.166.61
218,-104,1648827880.857915000,52.37.166.61
219,66,1648827880.857946000,192.168.1.3
220,-66,1648827880.920270000,52.119.174.17
221,54,1648827880.920373000,192.168.1.3
222,571,1648827880.920799000,192.168.1.3
223,-66,1648827881.019029000,52.37.166.61
224,-60,1648827881.025017000,52.119.174.17
225,-60,1648827881.026851000,52.119.174.17
226,-1414,1648827881.028038000,52.119.174.17
227,-1414,1648827881.028040000,52.119.174.17
228,-1414,1648827881.028042000,52.119.174.17
229,-1414,1648827881.028043000,52.119.174.17
230,-516,1648827881.028044000,52.119.174.17
231,54,1648827881.028074000,192.168.1.3
232,54,1648827881.028218000,192.168.1.3
233,180,1648827881.035631000,192.168.1.3
234,692,1648827881.102171000,192.168.1.3
235,-66,1648827881.111574000,184.25.233.138
236,-105,1648827881.140839000,52.119.174.17
237,54,1648827881.140883000,192.168.1.3
238,735,1648827881.141118000,192.168.1.3
239,-503,1648827881.268032000,52.119.174.17
240,54,1648827881.268099000,192.168.1.3
241,-671,1648827881.296910000,184.25.233.138
242,66,1648827881.296972000,192.168.1.3
243,78,1648827881.539126000,192.168.1.3
244,78,1648827881.539263000,192.168.1.3
245,257,1648827881.558048000,192.168.1.3
246,-66,1648827881.566510000,184.25.233.138
247,-74,1648827881.665748000,52.32.110.156
248,66,1648827881.665803000,192.168.1.3
249,583,1648827881.666025000,192.168.1.3
250,-74,1648827881.673709000,52.32.110.156
251,66,1648827881.673777000,192.168.1.3
252,583,1648827881.674089000,192.168.1.3
253,78,1648827881.694021000,192.168.1.3
254,-1250,1648827881.772684000,184.25.233.138
255,66,1648827881.772713000,192.168.1.3
256,424,1648827881.778376000,192.168.1.3
257,683,1648827881.778491000,192.168.1.3
258,-66,1648827881.785561000,184.25.233.138
259,-66,1648827881.785563000,184.25.233.138
260,-66,1648827881.793194000,52.32.110.156
261,-1468,1648827881.795608000,52.32.110.156
262,-1468,1648827881.795610000,52.32.110.156
263,-1468,1648827881.795611000,52.32.110.156
264,-1305,1648827881.795613000,52.32.110.156
265,66,1648827881.795638000,192.168.1.3
266,66,1648827881.795748000,192.168.1.3
267,192,1648827881.802197000,192.168.1.3
268,165,1648827881.802413000,192.168.1.3
269,66,1648827881.802443000,192.168.1.3
270,626,1648827881.802561000,192.168.1.3
271,264,1648827881.802606000,192.168.1.3
272,-108,1648827881.804377000,184.25.233.138
273,66,1648827881.804410000,192.168.1.3
274,-66,1648827881.810463000,52.32.110.156
275,-1468,1648827881.812070000,52.32.110.156
276,-1468,1648827881.812072000,52.32.110.156
277,-1468,1648827881.812073000,52.32.110.156
278,-1305,1648827881.812074000,52.32.110.156
279,-66,1648827881.821641000,52.119.166.51
280,54,1648827881.821694000,192.168.1.3
281,571,1648827881.821895000,192.168.1.3
282,78,1648827881.835303000,192.168.1.3
283,-74,1648827881.852913000,35.74.38.171
284,66,1648827881.852957000,192.168.1.3
285,583,1648827881.853238000,192.168.1.3
286,-66,1648827881.869722000,35.74.38.171
287,-1468,1648827881.869724000,35.74.38.171
288,-1468,1648827881.869725000,35.74.38.171
289,-1358,1648827881.869726000,35.74.38.171
290,66,1648827881.869764000,192.168.1.3
291,66,1648827881.869811000,192.168.1.3
292,-670,1648827881.873248000,35.74.38.171
293,66,1648827881.873278000,192.168.1.3
294,159,1648827881.878729000,192.168.1.3
295,804,1648827881.878905000,192.168.1.3
296,-66,1648827881.895558000,35.74.38.171
297,-117,1648827881.901562000,35.74.38.171
298,66,1648827881.901585000,192.168.1.3
299,78,1648827881.914016000,192.168.1.3
300,-66,1648827881.926952000,52.32.110.156
301,-324,1648827881.926955000,52.32.110.156
302,-144,1648827881.926956000,52.32.110.156
303,66,1648827881.927036000,192.168.1.3
304,104,1648827881.927549000,192.168.1.3
305,-66,1648827881.927892000,52.32.110.156
306,-236,1648827881.929467000,52.32.110.156
307,-104,1648827881.929470000,52.32.110.156
308,-234,1648827881.929472000,52.32.110.156
309,-104,1648827881.929473000,52.32.110.156
310,66,1648827881.929523000,192.168.1.3
311,-66,1648827881.936037000,52.32.110.156
312,54,1648827881.936058000,192.168.1.3
313,463,1648827881.947437000,192.168.1.3
314,767,1648827881.947924000,192.168.1.3
315,583,1648827881.948077000,192.168.1.3
316,610,1648827881.948439000,192.168.1.3
317,824,1648827881.948496000,192.168.1.3
318,-60,1648827881.949243000,52.119.166.51
319,-60,1648827881.949245000,52.119.166.51
320,-1414,1648827881.950823000,52.119.166.51
321,-1414,1648827881.950825000,52.119.166.51
322,-1414,1648827881.950826000,52.119.166.51
323,-1414,1648827881.950828000,52.119.166.51
324,-574,1648827881.950829000,52.119.166.51
325,54,1648827881.950861000,192.168.1.3
326,54,1648827881.952022000,192.168.1.3
327,-66,1648827881.954435000,184.25.233.138
328,-66,1648827881.955184000,184.25.233.138
329,180,1648827881.963096000,192.168.1.3
330,277,1648827881.963902000,192.168.1.3
331,373,1648827881.964871000,192.168.1.3
332,78,1648827881.966871000,192.168.1.3
333,78,1648827881.970519000,192.168.1.3
334,-730,1648827881.970982000,184.25.233.138
335,66,1648827881.971010000,192.168.1.3
336,285,1648827881.974675000,192.168.1.3
337,381,1648827881.975205000,192.168.1.3
338,-74,1648827881.978637000,18.65.156.177
339,66,1648827881.978800000,192.168.1.3
340,278,1648827881.978833000,192.168.1.3
341,583,1648827881.979610000,192.168.1.3
342,374,1648827881.984221000,192.168.1.3
343,375,1648827881.984263000,192.168.1.3
344,278,1648827881.984845000,192.168.1.3
345,280,1648827881.985061000,192.168.1.3
346,283,1648827881.985103000,192.168.1.3
347,376,1648827881.985661000,192.168.1.3
348,379,1648827881.985742000,192.168.1.3
349,371,1648827881.985777000,192.168.1.3
350,375,1648827881.985806000,192.168.1.3
351,275,1648827881.985907000,192.168.1.3
352,279,1648827881.985944000,192.168.1.3
353,-66,1648827881.989098000,18.65.156.177
354,-1468,1648827881.989648000,18.65.156.177
355,-1468,1648827881.989650000,18.65.156.177
356,-1468,1648827881.989651000,18.65.156.177
357,-1468,1648827881.989653000,18.65.156.177
358,66,1648827881.989687000,192.168.1.3
359,66,1648827881.989763000,192.168.1.3
360,-432,1648827881.990812000,18.65.156.177
361,66,1648827881.990839000,192.168.1.3
362,130,1648827881.999108000,192.168.1.3
363,158,1648827881.999274000,192.168.1.3
364,500,1648827881.999405000,192.168.1.3
365,-436,1648827882.000211000,35.74.38.171
366,66,1648827882.000297000,192.168.1.3
367,78,1648827882.001720000,192.168.1.3
368,1468,1648827882.003860000,192.168.1.3
369,-66,1648827882.006115000,18.65.156.177
370,-128,1648827882.006117000,18.65.156.177
371,66,1648827882.006152000,192.168.1.3
372,97,1648827882.006297000,192.168.1.3
373,-66,1648827882.006739000,18.65.156.177
374,-97,1648827882.006740000,18.65.156.177
375,-66,1648827882.006741000,18.65.156.177
376,-1468,1648827882.006742000,18.65.156.177
377,-1468,1648827882.006743000,18.65.156.177
378,-1468,1648827882.006745000,18.65.156.177
379,-1468,1648827882.006746000,18.65.156.177
380,-1468,1648827882.006748000,18.65.156.177
381,-1468,1648827882.006749000,18.65.156.177
382,-1303,1648827882.006751000,18.65.156.177
383,66,1648827882.006788000,192.168.1.3
384,66,1648827882.006802000,192.168.1.3
385,66,1648827882.006878000,192.168.1.3
386,-66,1648827882.010666000,184.25.233.138
387,-78,1648827882.010668000,184.25.233.138
388,-66,1648827882.014183000,18.65.156.177
389,-74,1648827882.018613000,35.74.38.171
390,66,1648827882.018653000,192.168.1.3
391,583,1648827882.019485000,192.168.1.3
392,149,1648827882.032157000,192.168.1.3
393,-66,1648827882.035149000,52.94.176.92
394,-66,1648827882.035156000,35.74.38.171
395,-1468,1648827882.035157000,35.74.38.171
396,-1468,1648827882.035158000,35.74.38.171
397,-1358,1648827882.035159000,35.74.38.171
398,54,1648827882.035207000,192.168.1.3
399,66,1648827882.035232000,192.168.1.3
400,571,1648827882.035470000,192.168.1.3
401,66,1648827882.035522000,192.168.1.3
402,-670,1648827882.039063000,35.74.38.171
403,-66,1648827882.039070000,184.25.233.138
404,66,1648827882.039116000,192.168.1.3
405,159,1648827882.039740000,192.168.1.3
406,1337,1648827882.039945000,192.168.1.3
407,1468,1648827882.039970000,192.168.1.3
408,91,1648827882.039973000,192.168.1.3
409,-117,1648827882.055127000,35.74.38.171
410,-66,1648827882.055129000,35.74.38.171
411,66,1648827882.055167000,192.168.1.3
412,-66,1648827882.067490000,52.37.166.61
413,-66,1648827882.067948000,52.37.166.61
414,-66,1648827882.067951000,52.37.166.61
415,-235,1648827882.070345000,52.37.166.61
416,-104,1648827882.070348000,52.37.166.61
417,66,1648827882.070391000,192.168.1.3
418,-235,1648827882.071226000,52.37.166.61
419,-104,1648827882.071228000,52.37.166.61
420,-235,1648827882.071229000,52.37.166.61
421,-104,1648827882.071230000,52.37.166.61
422,66,1648827882.071263000,192.168.1.3
423,-66,1648827882.081934000,52.94.176.92
424,54,1648827882.082166000,192.168.1.3
425,571,1648827882.083172000,192.168.1.3
426,-235,1648827882.087095000,52.37.166.61
427,-104,1648827882.087098000,52.37.166.61
428,66,1648827882.087158000,192.168.1.3
429,-105,1648827882.090768000,52.119.166.51
430,54,1648827882.090813000,192.168.1.3
431,789,1648827882.091118000,192.168.1.3
432,-235,1648827882.097575000,52.37.166.61
433,-104,1648827882.097577000,52.37.166.61
434,66,1648827882.097627000,192.168.1.3
435,-66,1648827882.099523000,52.32.110.156
436,-66,1648827882.104102000,52.37.166.61
437,-66,1648827882.105283000,52.37.166.61
438,180,1648827882.142220000,192.168.1.3
439,770,1648827882.142253000,192.168.1.3
440,-66,1648827882.147044000,52.37.166.61
441,-66,1648827882.148922000,184.25.233.138
442,-66,1648827882.149517000,184.25.233.138
443,-60,1648827882.156461000,52.94.176.92
444,-477,1648827882.156468000,184.25.233.138
445,66,1648827882.156514000,192.168.1.3
446,-60,1648827882.157357000,52.94.176.92
447,-1414,1648827882.159509000,52.94.176.92
448,-1414,1648827882.159512000,52.94.176.92
449,-1414,1648827882.159513000,52.94.176.92
450,-1414,1648827882.159515000,52.94.176.92
451,-639,1648827882.159516000,52.94.176.92
452,54,1648827882.159555000,192.168.1.3
453,54,1648827882.159592000,192.168.1.3
454,-820,1648827882.166457000,35.74.38.171
455,-100,1648827882.166460000,35.74.38.171
456,66,1648827882.166502000,192.168.1.3
457,180,1648827882.169078000,192.168.1.3
458,-477,1648827882.170846000,184.25.233.138
459,66,1648827882.170886000,192.168.1.3
460,-477,1648827882.173607000,184.25.233.138
461,66,1648827882.173644000,192.168.1.3
462,-1321,1648827882.190655000,52.37.166.61
463,66,1648827882.190699000,192.168.1.3
464,-476,1648827882.194736000,184.25.233.138
465,66,1648827882.194767000,192.168.1.3
466,-60,1648827882.198194000,52.94.176.92
467,-60,1648827882.199109000,52.94.176.92
468,-1414,1648827882.200101000,52.94.176.92
469,-1414,1648827882.200103000,52.94.176.92
470,-1414,1648827882.200105000,52.94.176.92
471,-1414,1648827882.200107000,52.94.176.92
472,-639,1648827882.200108000,52.94.176.92
473,54,1648827882.200146000,192.168.1.3
474,54,1648827882.202405000,192.168.1.3
475,180,1648827882.211326000,192.168.1.3
476,78,1648827882.215711000,192.168.1.3
477,-439,1648827882.227348000,52.119.166.51
478,54,1648827882.227392000,192.168.1.3
479,-477,1648827882.232563000,184.25.233.138
480,66,1648827882.232603000,192.168.1.3
481,-477,1648827882.240834000,184.25.233.138
482,66,1648827882.240860000,192.168.1.3
483,-1468,1648827882.271438000,184.25.233.138
484,-1451,1648827882.271440000,184.25.233.138
485,66,1648827882.271489000,192.168.1.3
486,-859,1648827882.289853000,184.25.233.138
487,66,1648827882.289881000,192.168.1.3
488,-105,1648827882.292703000,52.94.176.92
489,54,1648827882.292739000,192.168.1.3
490,1233,1648827882.292953000,192.168.1.3
491,-477,1648827882.320896000,184.25.233.138
492,66,1648827882.322393000,192.168.1.3
493,-105,1648827882.339323000,52.94.176.92
494,54,1648827882.339357000,192.168.1.3
495,1126,1648827882.339579000,192.168.1.3
496,1414,1648827882.339705000,192.168.1.3
497,1414,1648827882.339710000,192.168.1.3
498,1414,1648827882.339713000,192.168.1.3
499,1414,1648827882.339717000,192.168.1.3
500,1414,1648827882.339719000,192.168.1.3
501,1414,1648827882.339721000,192.168.1.3
502,1414,1648827882.339723000,192.168.1.3
503,1414,1648827882.339725000,192.168.1.3
504,1414,1648827882.339727000,192.168.1.3
505,-74,1648827882.355738000,52.32.110.156
506,66,1648827882.355779000,192.168.1.3
507,583,1648827882.356037000,192.168.1.3
508,-477,1648827882.360093000,184.25.233.138
509,66,1648827882.360125000,192.168.1.3
510,179,1648827882.389026000,192.168.1.3
511,516,1648827882.389061000,192.168.1.3
512,-66,1648827882.406799000,184.25.233.138
513,-66,1648827882.408104000,184.25.233.138
514,-681,1648827882.434786000,52.94.176.92
515,54,1648827882.434825000,192.168.1.3
516,-60,1648827882.454140000,52.94.176.92
517,1414,1648827882.454193000,192.168.1.3
518,1414,1648827882.454200000,192.168.1.3
519,1414,1648827882.454202000,192.168.1.3
520,1414,1648827882.454205000,192.168.1.3
521,-60,1648827882.454531000,52.94.176.92
522,-60,1648827882.454532000,52.94.176.92
523,1388,1648827882.454560000,192.168.1.3
524,-60,1648827882.455561000,52.94.176.92
525,-66,1648827882.486169000,52.32.110.156
526,-1468,1648827882.486171000,52.32.110.156
527,-1468,1648827882.486173000,52.32.110.156
528,-1468,1648827882.486174000,52.32.110.156
529,-1305,1648827882.486175000,52.32.110.156
530,66,1648827882.486217000,192.168.1.3
531,66,1648827882.486264000,192.168.1.3
532,192,1648827882.486825000,192.168.1.3
533,165,1648827882.487124000,192.168.1.3
534,509,1648827882.488160000,192.168.1.3
535,301,1648827882.488279000,192.168.1.3
536,324,1648827882.488340000,192.168.1.3
537,291,1648827882.488388000,192.168.1.3
538,334,1648827882.488437000,192.168.1.3
539,326,1648827882.488483000,192.168.1.3
540,304,1648827882.488530000,192.168.1.3
541,293,1648827882.488578000,192.168.1.3
542,149,1648827882.488627000,192.168.1.3
543,337,1648827882.488683000,192.168.1.3
544,294,1648827882.488734000,192.168.1.3
545,327,1648827882.488782000,192.168.1.3
546,284,1648827882.488830000,192.168.1.3
547,317,1648827882.488876000,192.168.1.3
548,340,1648827882.488925000,192.168.1.3
549,307,1648827882.488975000,192.168.1.3
550,330,1648827882.489016000,192.168.1.3
551,297,1648827882.489056000,192.168.1.3
552,344,1648827882.489105000,192.168.1.3
553,311,1648827882.489153000,192.168.1.3
554,334,1648827882.489208000,192.168.1.3
555,301,1648827882.489256000,192.168.1.3
556,329,1648827882.489303000,192.168.1.3
557,296,1648827882.489349000,192.168.1.3
558,286,1648827882.489439000,192.168.1.3
559,319,1648827882.489502000,192.168.1.3
560,331,1648827882.489565000,192.168.1.3
561,298,1648827882.489597000,192.168.1.3
562,287,1648827882.489631000,192.168.1.3
563,320,1648827882.489662000,192.168.1.3
564,1468,1648827882.489690000,192.168.1.3
565,1468,1648827882.489694000,192.168.1.3
566,1087,1648827882.489696000,192.168.1.3
567,1468,1648827882.489720000,192.168.1.3
568,1175,1648827882.489724000,192.168.1.3
569,-743,1648827882.494879000,184.25.233.138
570,66,1648827882.494910000,192.168.1.3
571,175,1648827882.542258000,192.168.1.3
572,-66,1648827882.549790000,184.25.233.138
573,-60,1648827882.573010000,52.94.176.92
574,-60,1648827882.573012000,52.94.176.92
575,-681,1648827882.585831000,52.94.176.92
576,54,1648827882.585860000,192.168.1.3
577,-324,1648827882.617414000,52.32.110.156
578,-135,1648827882.617417000,52.32.110.156
579,66,1648827882.617470000,192.168.1.3
580,104,1648827882.617689000,192.168.1.3
581,-104,1648827882.623219000,52.32.110.156
582,-66,1648827882.623221000,52.32.110.156
583,-66,1648827882.623222000,52.32.110.156
584,-66,1648827882.623222000,52.32.110.156
585,-66,1648827882.623223000,52.32.110.156
586,-66,1648827882.623224000,52.32.110.156
587,-66,1648827882.623224000,52.32.110.156
588,-66,1648827882.623225000,52.32.110.156
589,-66,1648827882.623225000,52.32.110.156
590,-66,1648827882.623226000,52.32.110.156
591,-66,1648827882.623227000,52.32.110.156
592,-66,1648827882.623227000,52.32.110.156
593,-66,1648827882.623228000,52.32.110.156
594,-66,1648827882.623228000,52.32.110.156
595,66,1648827882.623263000,192.168.1.3
596,-261,1648827882.626034000,52.32.110.156
597,-260,1648827882.626036000,52.32.110.156
598,-261,1648827882.626037000,52.32.110.156
599,-260,1648827882.626038000,52.32.110.156
600,-260,1648827882.626039000,52.32.110.156
601,-260,1648827882.626039000,52.32.110.156
602,-260,1648827882.626040000,52.32.110.156
603,66,1648827882.626067000,192.168.1.3
604,-730,1648827882.678503000,184.25.233.138
605,66,1648827882.678638000,192.168.1.3
606,-1099,1648827882.725075000,184.25.233.138
607,66,1648827882.725134000,192.168.1.3
608,-1468,1648827882.739353000,52.32.110.156
609,-1468,1648827882.739356000,52.32.110.156
610,-1468,1648827882.739357000,52.32.110.156
611,-321,1648827882.739358000,52.32.110.156
612,66,1648827882.739412000,192.168.1.3
613,66,1648827882.739475000,192.168.1.3
614,-66,1648827882.783858000,52.32.110.156
615,284,1648827882.978229000,192.168.1.3
616,318,1648827882.978330000,192.168.1.3
617,293,1648827882.979089000,192.168.1.3
618,326,1648827882.979160000,192.168.1.3
619,813,1648827882.985963000,192.168.1.3
620,180,1648827883.007730000,192.168.1.3
621,743,1648827883.007779000,192.168.1.3
622,-66,1648827883.015086000,184.25.233.138
623,-66,1648827883.015088000,184.25.233.138
624,-108,1648827883.030711000,184.25.233.138
625,66,1648827883.030792000,192.168.1.3
626,203,1648827883.037712000,192.168.1.3
627,1468,1648827883.037901000,192.168.1.3
628,1468,1648827883.037907000,192.168.1.3
629,1468,1648827883.037910000,192.168.1.3
630,1468,1648827883.037912000,192.168.1.3
631,1468,1648827883.037914000,192.168.1.3
632,1468,1648827883.037916000,192.168.1.3
633,1468,1648827883.037918000,192.168.1.3
634,1468,1648827883.037921000,192.168.1.3
635,1468,1648827883.037923000,192.168.1.3
636,1468,1648827883.037925000,192.168.1.3
637,1468,1648827883.037927000,192.168.1.3
638,1057,1648827883.037930000,192.168.1.3
639,1468,1648827883.038111000,192.168.1.3
640,1468,1648827883.038139000,192.168.1.3
641,-66,1648827883.055007000,35.74.38.171
642,-452,1648827883.099735000,35.74.38.171
643,66,1648827883.099779000,192.168.1.3
644,1264,1648827883.101851000,192.168.1.3
645,-66,1648827883.104431000,52.32.110.156
646,-66,1648827883.104434000,52.32.110.156
647,-66,1648827883.104434000,52.32.110.156
648,-66,1648827883.104435000,52.32.110.156
649,-234,1648827883.107067000,52.32.110.156
650,-104,1648827883.107069000,52.32.110.156
651,-235,1648827883.107070000,52.32.110.156
652,-104,1648827883.107071000,52.32.110.156
653,-235,1648827883.107071000,52.32.110.156
654,-104,1648827883.107072000,52.32.110.156
655,66,1648827883.107108000,192.168.1.3
656,-235,1648827883.107835000,52.32.110.156
657,-104,1648827883.107838000,52.32.110.156
658,66,1648827883.107871000,192.168.1.3
659,-66,1648827883.158070000,52.37.166.61
660,-66,1648827883.158072000,52.37.166.61
661,-66,1648827883.158073000,52.37.166.61
662,-66,1648827883.158074000,52.37.166.61
663,1468,1648827883.158137000,192.168.1.3
664,1468,1648827883.158147000,192.168.1.3
665,1468,1648827883.158152000,192.168.1.3
666,1468,1648827883.158158000,192.168.1.3
667,1468,1648827883.158161000,192.168.1.3
668,1468,1648827883.158163000,192.168.1.3
669,1173,1648827883.158165000,192.168.1.3
670,-66,1648827883.159044000,52.37.166.61
671,-66,1648827883.159046000,52.37.166.61
672,-66,1648827883.159047000,52.37.166.61
673,-66,1648827883.159047000,52.37.166.61
674,-108,1648827883.159048000,52.37.166.61
675,66,1648827883.159090000,192.168.1.3
676,-66,1648827883.173524000,35.74.38.171
677,-731,1648827883.175321000,184.25.233.138
678,66,1648827883.175351000,192.168.1.3
679,-517,1648827883.232154000,35.74.38.171
680,-1468,1648827883.232158000,35.74.38.171
681,-1468,1648827883.232159000,35.74.38.171
682,-1468,1648827883.232161000,35.74.38.171
683,-1468,1648827883.232163000,35.74.38.171
684,-1468,1648827883.232167000,35.74.38.171
685,-1468,1648827883.232169000,35.74.38.171
686,-533,1648827883.232171000,35.74.38.171
687,66,1648827883.232235000,192.168.1.3
688,66,1648827883.232301000,192.168.1.3
689,800,1648827883.244389000,192.168.1.3
690,180,1648827883.256898000,192.168.1.3
691,1468,1648827883.256958000,192.168.1.3
692,132,1648827883.256962000,192.168.1.3
693,78,1648827883.258960000,192.168.1.3
694,78,1648827883.259096000,192.168.1.3
695,78,1648827883.259173000,192.168.1.3
696,-66,1648827883.260349000,35.74.38.171
697,-66,1648827883.263384000,184.25.233.138
698,78,1648827883.263573000,192.168.1.3
699,-66,1648827883.264296000,184.25.233.138
700,-66,1648827883.277668000,52.37.166.61
701,-66,1648827883.278458000,52.37.166.61
702,-66,1648827883.278459000,52.37.166.61
703,-108,1648827883.279833000,184.25.233.138
704,66,1648827883.279856000,192.168.1.3
705,-260,1648827883.284269000,52.37.166.61
706,66,1648827883.284288000,192.168.1.3
707,-432,1648827883.359237000,35.74.38.171
708,66,1648827883.359284000,192.168.1.3
709,1289,1648827883.360050000,192.168.1.3
710,468,1648827883.360075000,192.168.1.3
711,-66,1648827883.375541000,35.74.38.171
712,-66,1648827883.375543000,35.74.38.171
713,-74,1648827883.392458000,54.191.84.134
714,66,1648827883.392499000,192.168.1.3
715,583,1648827883.392720000,192.168.1.3
716,-74,1648827883.433624000,107.23.24.39
717,66,1648827883.433671000,192.168.1.3
718,583,1648827883.433886000,192.168.1.3
719,-731,1648827883.436245000,184.25.233.138
720,66,1648827883.436268000,192.168.1.3
721,-74,1648827883.444778000,107.23.24.39
722,66,1648827883.444813000,192.168.1.3
723,583,1648827883.445030000,192.168.1.3
724,-74,1648827883.449638000,107.23.24.39
725,66,1648827883.449659000,192.168.1.3
726,583,1648827883.449846000,192.168.1.3
727,-615,1648827883.484129000,35.74.38.171
728,-356,1648827883.484133000,35.74.38.171
729,-100,1648827883.484134000,35.74.38.171
730,66,1648827883.484192000,192.168.1.3
731,303,1648827883.505637000,192.168.1.3
732,78,1648827883.506236000,192.168.1.3
733,312,1648827883.506534000,192.168.1.3
734,322,1648827883.506631000,192.168.1.3
735,-66,1648827883.522230000,54.191.84.134
736,-1468,1648827883.523181000,54.191.84.134
737,-1468,1648827883.523184000,54.191.84.134
738,-1468,1648827883.523185000,54.191.84.134
739,-346,1648827883.523187000,54.191.84.134
740,66,1648827883.523231000,192.168.1.3
741,66,1648827883.523924000,192.168.1.3
742,179,1648827883.567019000,192.168.1.3
743,232,1648827883.567069000,192.168.1.3
744,-66,1648827883.587438000,184.25.233.138
745,-108,1648827883.591316000,184.25.233.138
746,66,1648827883.591364000,192.168.1.3
747,-66,1648827883.610838000,107.23.24.39
748,-1468,1648827883.612516000,107.23.24.39
749,-1468,1648827883.612521000,107.23.24.39
750,-1468,1648827883.612522000,107.23.24.39
751,-1288,1648827883.612524000,107.23.24.39
752,66,1648827883.612572000,192.168.1.3
753,66,1648827883.612737000,192.168.1.3
754,-66,1648827883.627187000,52.32.110.156
755,-66,1648827883.628369000,52.32.110.156
756,-260,1648827883.628372000,52.32.110.156
757,66,1648827883.628409000,192.168.1.3
758,-259,1648827883.630350000,52.32.110.156
759,66,1648827883.630398000,192.168.1.3
760,-66,1648827883.631268000,107.23.24.39
761,-261,1648827883.631275000,52.32.110.156
762,66,1648827883.631309000,192.168.1.3
763,-1468,1648827883.632167000,107.23.24.39
764,-1468,1648827883.632169000,107.23.24.39
765,-1468,1648827883.632175000,107.23.24.39
766,-1288,1648827883.632176000,107.23.24.39
767,66,1648827883.632211000,192.168.1.3
768,66,1648827883.632292000,192.168.1.3
769,-66,1648827883.640149000,52.94.176.92
770,54,1648827883.640206000,192.168.1.3
771,-66,1648827883.641452000,107.23.24.39
772,571,1648827883.641706000,192.168.1.3
773,-1468,1648827883.642446000,107.23.24.39
774,-1468,1648827883.642448000,107.23.24.39
775,-1468,1648827883.642449000,107.23.24.39
776,-1288,1648827883.642450000,107.23.24.39
777,66,1648827883.642470000,192.168.1.3
778,66,1648827883.642505000,192.168.1.3
779,-60,1648827883.808158000,52.94.176.92
780,-60,1648827883.808517000,52.94.176.92
781,-1414,1648827883.808519000,52.94.176.92
782,-1414,1648827883.808521000,52.94.176.92
783,-1414,1648827883.808522000,52.94.176.92
784,-1414,1648827883.808524000,52.94.176.92
785,-639,1648827883.808525000,52.94.176.92
786,-733,1648827883.808533000,184.25.233.138
787,54,1648827883.808564000,192.168.1.3
788,66,1648827883.808587000,192.168.1.3
789,54,1648827883.809524000,192.168.1.3
790,180,1648827883.810160000,192.168.1.3
791,180,1648827883.857043000,192.168.1.3
792,347,1648827883.857095000,192.168.1.3
793,-66,1648827883.874026000,184.25.233.138
794,-108,1648827883.883574000,184.25.233.138
795,66,1648827883.883600000,192.168.1.3
796,-105,1648827883.943654000,52.94.176.92
797,54,1648827883.943694000,192.168.1.3
798,647,1648827883.943910000,192.168.1.3
799,-719,1648827884.033021000,184.25.233.138
800,66,1648827884.033073000,192.168.1.3
801,192,1648827884.079796000,192.168.1.3
802,165,1648827884.080215000,192.168.1.3
803,500,1648827884.080491000,192.168.1.3
804,-739,1648827884.089181000,52.94.176.92
805,-103,1648827884.089184000,52.94.176.92
806,54,1648827884.089238000,192.168.1.3
807,192,1648827884.094992000,192.168.1.3
808,192,1648827884.095944000,192.168.1.3
809,192,1648827884.096835000,192.168.1.3
810,66,1648827884.097663000,192.168.1.3
811,66,1648827884.097826000,192.168.1.3
812,165,1648827884.098294000,192.168.1.3
813,742,1648827884.098617000,192.168.1.3
814,840,1648827884.098641000,192.168.1.3
815,696,1648827884.098873000,192.168.1.3
816,364,1648827884.098911000,192.168.1.3
817,375,1648827884.098939000,192.168.1.3
818,-66,1648827884.208388000,54.191.84.134
819,-340,1648827884.208391000,54.191.84.134
820,-144,1648827884.208392000,54.191.84.134
821,66,1648827884.208453000,192.168.1.3
822,104,1648827884.208654000,192.168.1.3
823,-571,1648827884.210316000,54.191.84.134
824,-104,1648827884.210318000,54.191.84.134
825,66,1648827884.210340000,192.168.1.3
826,-60,1648827884.232018000,52.94.176.92
