0.1291282332225725
