index,size,time,ip
0,-2802,1649366422.612094000,18.65.123.116
1,66,1649366422.612126000,10.11.219.6
2,-6906,1649366422.612409000,18.65.123.116
3,-6906,1649366422.612410000,18.65.123.116
4,66,1649366422.612422000,10.11.219.6
5,-6906,1649366422.614940000,18.65.123.116
6,-8274,1649366422.614941000,18.65.123.116
7,66,1649366422.614960000,10.11.219.6
8,-9642,1649366422.614995000,18.65.123.116
9,-13746,1649366422.614997000,18.65.123.116
10,66,1649366422.614996000,10.11.219.6
11,-117,1649366422.615017000,35.164.163.28
12,-2802,1649366422.615018000,18.65.123.116
13,66,1649366422.615027000,10.11.219.6
14,66,1649366422.615046000,10.11.219.6
15,708,1649366422.615345000,10.11.219.6
16,-11010,1649366422.620210000,18.65.123.116
17,66,1649366422.620215000,10.11.219.6
18,-4170,1649366422.620250000,18.65.123.116
19,-16482,1649366422.620253000,18.65.123.116
20,66,1649366422.620268000,10.11.219.6
21,-15114,1649366422.620283000,18.65.123.116
22,-2802,1649366422.620291000,18.65.123.116
23,66,1649366422.620309000,10.11.219.6
24,-15114,1649366422.622847000,18.65.123.116
25,66,1649366422.622861000,10.11.219.6
26,-13746,1649366422.622902000,18.65.123.116
27,-1434,1649366422.622909000,18.65.123.116
28,66,1649366422.622921000,10.11.219.6
29,74,1649366422.624017000,10.11.219.6
30,-6906,1649366422.624862000,18.65.123.116
31,-4170,1649366422.624864000,18.65.123.116
32,66,1649366422.624873000,10.11.219.6
33,66,1649366422.624924000,10.11.219.6
34,-11010,1649366422.625249000,18.65.123.116
35,66,1649366422.625252000,10.11.219.6
36,-8274,1649366422.625277000,18.65.123.116
37,66,1649366422.625302000,10.11.219.6
38,-15114,1649366422.627869000,18.65.123.116
39,66,1649366422.627883000,10.11.219.6
40,-13746,1649366422.627931000,18.65.123.116
41,-1434,1649366422.627938000,18.65.123.116
42,66,1649366422.628001000,10.11.219.6
43,-1434,1649366422.630482000,18.65.123.116
44,-13746,1649366422.630486000,18.65.123.116
45,66,1649366422.630519000,10.11.219.6
46,-13746,1649366422.630579000,18.65.123.116
47,66,1649366422.630617000,10.11.219.6
48,-4170,1649366422.632841000,18.65.123.116
49,-1434,1649366422.632843000,18.65.123.116
50,66,1649366422.632864000,10.11.219.6
51,-12378,1649366422.633176000,18.65.123.116
52,-12378,1649366422.633232000,18.65.123.116
53,66,1649366422.633231000,10.11.219.6
54,66,1649366422.633325000,10.11.219.6
55,-1434,1649366422.635431000,18.65.123.116
56,-1434,1649366422.635432000,18.65.123.116
57,66,1649366422.635447000,10.11.219.6
58,-12378,1649366422.635791000,18.65.123.116
59,-74,1649366422.635835000,18.65.116.14
60,-13746,1649366422.635838000,18.65.123.116
61,66,1649366422.635855000,10.11.219.6
62,66,1649366422.635862000,10.11.219.6
63,-1434,1649366422.635866000,18.65.123.116
64,66,1649366422.635935000,10.11.219.6
65,282,1649366422.636195000,10.11.219.6
66,-5538,1649366422.638029000,18.65.123.116
67,66,1649366422.638039000,10.11.219.6
68,-2802,1649366422.638595000,18.65.123.116
69,-15114,1649366422.638600000,18.65.123.116
70,66,1649366422.638615000,10.11.219.6
71,-8274,1649366422.638669000,18.65.123.116
72,66,1649366422.638700000,10.11.219.6
73,-5538,1649366422.641055000,18.65.123.116
74,66,1649366422.641066000,10.11.219.6
75,-1434,1649366422.641237000,18.65.123.116
76,-6906,1649366422.641243000,18.65.123.116
77,66,1649366422.641298000,10.11.219.6
78,-8274,1649366422.643392000,18.65.123.116
79,-15114,1649366422.643397000,18.65.123.116
80,-1434,1649366422.643430000,18.65.123.116
81,66,1649366422.643567000,10.11.219.6
82,-2802,1649366422.643682000,18.65.123.116
83,-16482,1649366422.643687000,18.65.123.116
84,66,1649366422.643726000,10.11.219.6
85,-11010,1649366422.644987000,18.65.123.116
86,66,1649366422.645008000,10.11.219.6
87,-2802,1649366422.648098000,18.65.123.116
88,66,1649366422.648119000,10.11.219.6
89,-2802,1649366422.648486000,18.65.123.116
90,-16482,1649366422.648492000,18.65.123.116
91,66,1649366422.648507000,10.11.219.6
92,-8274,1649366422.648549000,18.65.123.116
93,66,1649366422.648569000,10.11.219.6
94,-5538,1649366422.650482000,18.65.123.116
95,66,1649366422.650492000,10.11.219.6
96,-1434,1649366422.650837000,18.65.123.116
97,-15114,1649366422.650841000,18.65.123.116
98,-66,1649366422.650877000,18.65.116.14
99,-2802,1649366422.650878000,18.65.116.14
100,-5538,1649366422.650879000,18.65.123.116
101,66,1649366422.650895000,10.11.219.6
102,66,1649366422.650907000,10.11.219.6
103,66,1649366422.650950000,10.11.219.6
104,-9642,1649366422.655392000,18.65.123.116
105,-1229,1649366422.655394000,18.65.116.14
106,66,1649366422.655413000,10.11.219.6
107,66,1649366422.655445000,10.11.219.6
108,-13746,1649366422.655464000,18.65.123.116
109,-13746,1649366422.655486000,18.65.123.116
110,66,1649366422.655527000,10.11.219.6
111,-6906,1649366422.655681000,18.65.123.116
112,-12378,1649366422.655692000,18.65.123.116
113,66,1649366422.655710000,10.11.219.6
114,159,1649366422.656930000,10.11.219.6
115,66,1649366422.657160000,10.11.219.6
116,-1434,1649366422.657915000,18.65.123.116
117,-6906,1649366422.657918000,18.65.123.116
118,66,1649366422.657940000,10.11.219.6
119,-6906,1649366422.658643000,18.65.123.116
120,-13746,1649366422.658646000,18.65.123.116
121,66,1649366422.658657000,10.11.219.6
122,-1434,1649366422.658673000,18.65.123.116
123,66,1649366422.658798000,10.11.219.6
124,-1434,1649366422.660624000,18.65.123.116
125,-1434,1649366422.660625000,18.65.123.116
126,66,1649366422.660651000,10.11.219.6
127,-11010,1649366422.660963000,18.65.123.116
128,66,1649366422.660997000,10.11.219.6
129,-8274,1649366422.661022000,18.65.123.116
130,-8274,1649366422.661024000,18.65.123.116
131,66,1649366422.661040000,10.11.219.6
132,-4170,1649366422.663357000,18.65.123.116
133,66,1649366422.663384000,10.11.219.6
134,-12378,1649366422.663904000,18.65.123.116
135,66,1649366422.663941000,10.11.219.6
136,-12378,1649366422.663954000,18.65.123.116
137,-2802,1649366422.663971000,18.65.123.116
138,66,1649366422.664028000,10.11.219.6
139,-5538,1649366422.666329000,18.65.123.116
140,66,1649366422.666339000,10.11.219.6
141,-4170,1649366422.666502000,18.65.123.116
142,-1434,1649366422.666503000,18.65.123.116
143,66,1649366422.666509000,10.11.219.6
144,-11010,1649366422.667721000,18.65.123.116
145,-2802,1649366422.667733000,18.65.123.116
146,-12378,1649366422.667735000,18.65.123.116
147,66,1649366422.667734000,10.11.219.6
148,-66,1649366422.667738000,18.65.116.14
149,-237,1649366422.667738000,18.65.116.14
150,-135,1649366422.667739000,18.65.116.14
151,66,1649366422.667743000,10.11.219.6
152,66,1649366422.667745000,10.11.219.6
153,66,1649366422.667750000,10.11.219.6
154,243,1649366422.668295000,10.11.219.6
155,427,1649366422.668308000,10.11.219.6
156,-8274,1649366422.669715000,18.65.123.116
157,66,1649366422.669722000,10.11.219.6
158,-4170,1649366422.670195000,18.65.123.116
159,-12378,1649366422.670197000,18.65.123.116
160,66,1649366422.670203000,10.11.219.6
161,-8274,1649366422.670231000,18.65.123.116
162,66,1649366422.670242000,10.11.219.6
163,104,1649366422.670533000,10.11.219.6
164,-4170,1649366422.672171000,18.65.123.116
165,-4170,1649366422.672172000,18.65.123.116
166,66,1649366422.672177000,10.11.219.6
167,66,1649366422.672234000,10.11.219.6
168,-9642,1649366422.672669000,18.65.123.116
169,-15114,1649366422.672672000,18.65.123.116
170,66,1649366422.672724000,10.11.219.6
171,-11010,1649366422.674812000,18.65.123.116
172,66,1649366422.674832000,10.11.219.6
173,-2802,1649366422.674962000,18.65.123.116
174,-5538,1649366422.674963000,18.65.123.116
175,66,1649366422.675008000,10.11.219.6
176,-9642,1649366422.676803000,18.65.123.116
177,-2284,1649366422.676805000,18.65.123.116
178,66,1649366422.676814000,10.11.219.6
179,-66,1649366422.676837000,18.65.116.14
180,-66,1649366422.676837000,18.65.116.14
181,-104,1649366422.676837000,18.65.116.14
182,-395,1649366422.676838000,18.65.116.14
183,-66,1649366422.676838000,18.65.116.14
184,66,1649366422.676888000,10.11.219.6
185,66,1649366422.676900000,10.11.219.6
186,66,1649366422.676927000,10.11.219.6
187,90,1649366422.677418000,10.11.219.6
188,66,1649366422.677451000,10.11.219.6
189,-54,1649366422.682180000,18.65.123.116
190,74,1649366422.686379000,10.11.219.6
191,74,1649366422.686658000,10.11.219.6
192,-74,1649366422.690710000,18.65.110.227
193,-74,1649366422.690711000,18.65.123.116
194,66,1649366422.690744000,10.11.219.6
195,66,1649366422.690762000,10.11.219.6
196,583,1649366422.692467000,10.11.219.6
197,-66,1649366422.696052000,18.65.110.227
198,583,1649366422.696490000,10.11.219.6
199,-4170,1649366422.697444000,18.65.110.227
200,-1217,1649366422.697445000,18.65.110.227
201,66,1649366422.697476000,10.11.219.6
202,66,1649366422.697491000,10.11.219.6
203,-66,1649366422.700511000,18.65.123.116
204,-2802,1649366422.700519000,18.65.123.116
205,66,1649366422.700547000,10.11.219.6
206,-1328,1649366422.701490000,18.65.123.116
207,66,1649366422.701512000,10.11.219.6
208,130,1649366422.702212000,10.11.219.6
209,-66,1649366422.704636000,18.65.110.227
210,-128,1649366422.704637000,18.65.110.227
211,66,1649366422.704657000,10.11.219.6
212,236,1649366422.738108000,10.11.219.6
213,667,1649366422.738132000,10.11.219.6
214,538,1649366422.738489000,10.11.219.6
215,97,1649366422.738626000,10.11.219.6
216,130,1649366422.740228000,10.11.219.6
217,499,1649366422.740358000,10.11.219.6
218,-66,1649366422.741122000,18.65.110.227
219,-97,1649366422.741125000,18.65.110.227
220,-66,1649366422.741125000,18.65.110.227
221,-66,1649366422.741126000,18.65.110.227
222,-66,1649366422.741126000,18.65.116.118
223,66,1649366422.741141000,10.11.219.6
224,-1060,1649366422.744617000,18.65.116.118
225,-66,1649366422.744618000,18.65.123.116
226,-66,1649366422.744619000,18.65.123.116
227,-610,1649366422.744619000,18.65.123.116
228,-90,1649366422.744620000,18.65.123.116
229,66,1649366422.744651000,10.11.219.6
230,66,1649366422.744696000,10.11.219.6
231,90,1649366422.745203000,10.11.219.6
232,66,1649366422.745238000,10.11.219.6
233,-54,1649366422.747995000,18.65.123.116
234,74,1649366422.750383000,10.11.219.6
235,561,1649366422.751982000,10.11.219.6
236,-74,1649366422.753364000,18.65.123.116
237,66,1649366422.753384000,10.11.219.6
238,-83,1649366422.754578000,18.65.116.118
239,-1434,1649366422.754578000,18.65.116.118
240,78,1649366422.754586000,10.11.219.6
241,66,1649366422.754594000,10.11.219.6
242,583,1649366422.755348000,10.11.219.6
243,-224,1649366422.756706000,35.164.163.28
244,66,1649366422.756726000,10.11.219.6
245,97,1649366422.757255000,10.11.219.6
246,66,1649366422.757271000,10.11.219.6
247,-66,1649366422.759026000,18.65.123.116
248,-2802,1649366422.759027000,18.65.123.116
249,66,1649366422.759040000,10.11.219.6
250,-1328,1649366422.761121000,18.65.123.116
251,66,1649366422.761143000,10.11.219.6
252,130,1649366422.763120000,10.11.219.6
253,500,1649366422.763238000,10.11.219.6
254,-66,1649366422.766491000,18.65.123.116
255,-66,1649366422.766492000,18.65.123.116
256,-610,1649366422.766492000,18.65.123.116
257,-90,1649366422.766493000,18.65.123.116
258,66,1649366422.766516000,10.11.219.6
259,90,1649366422.766809000,10.11.219.6
260,66,1649366422.766836000,10.11.219.6
261,74,1649366422.768387000,10.11.219.6
262,-54,1649366422.769665000,18.65.123.116
263,-74,1649366422.771856000,18.65.123.116
264,66,1649366422.771881000,10.11.219.6
265,583,1649366422.773612000,10.11.219.6
266,-66,1649366422.777426000,18.65.123.116
267,-2802,1649366422.777428000,18.65.123.116
268,66,1649366422.777454000,10.11.219.6
269,-1328,1649366422.778427000,18.65.123.116
270,66,1649366422.778448000,10.11.219.6
271,130,1649366422.783276000,10.11.219.6
272,494,1649366422.783490000,10.11.219.6
273,-66,1649366422.785880000,18.65.123.116
274,-66,1649366422.787249000,18.65.123.116
275,-5538,1649366422.787251000,18.65.123.116
276,66,1649366422.787271000,10.11.219.6
277,-366,1649366422.788174000,18.65.123.116
278,-1434,1649366422.788174000,18.65.123.116
279,-90,1649366422.788174000,18.65.123.116
280,78,1649366422.788183000,10.11.219.6
281,66,1649366422.788198000,10.11.219.6
282,90,1649366422.788399000,10.11.219.6
283,66,1649366422.788417000,10.11.219.6
284,-54,1649366422.791335000,18.65.123.116
285,74,1649366422.819367000,10.11.219.6
286,-74,1649366422.823143000,18.65.123.116
287,66,1649366422.823170000,10.11.219.6
288,583,1649366422.825110000,10.11.219.6
289,-66,1649366422.828541000,18.65.123.116
290,-2802,1649366422.830894000,18.65.123.116
291,-1328,1649366422.830898000,18.65.123.116
292,66,1649366422.830960000,10.11.219.6
293,66,1649366422.830997000,10.11.219.6
294,130,1649366422.836284000,10.11.219.6
295,495,1649366422.836456000,10.11.219.6
296,-66,1649366422.841521000,18.65.123.116
297,-66,1649366422.841522000,18.65.123.116
298,-642,1649366422.841523000,18.65.123.116
299,-90,1649366422.841523000,18.65.123.116
300,66,1649366422.841544000,10.11.219.6
301,90,1649366422.841851000,10.11.219.6
302,66,1649366422.841881000,10.11.219.6
303,74,1649366422.844227000,10.11.219.6
304,-54,1649366422.844804000,18.65.123.116
305,-74,1649366422.847905000,18.65.123.116
306,66,1649366422.847956000,10.11.219.6
307,583,1649366422.851411000,10.11.219.6
308,-66,1649366422.855665000,18.65.123.116
309,-2802,1649366422.855666000,18.65.123.116
310,66,1649366422.855683000,10.11.219.6
311,-1328,1649366422.859418000,18.65.123.116
312,66,1649366422.859445000,10.11.219.6
313,130,1649366422.864134000,10.11.219.6
314,500,1649366422.864387000,10.11.219.6
315,-66,1649366422.868605000,18.65.123.116
316,-66,1649366422.868606000,18.65.123.116
317,-5538,1649366422.871310000,18.65.123.116
318,66,1649366422.871328000,10.11.219.6
319,-5538,1649366422.871486000,18.65.123.116
320,66,1649366422.871495000,10.11.219.6
321,-5528,1649366422.874411000,18.65.123.116
322,-15114,1649366422.874414000,18.65.123.116
323,66,1649366422.874435000,10.11.219.6
324,66,1649366422.874468000,10.11.219.6
325,-2802,1649366422.874477000,18.65.123.116
326,66,1649366422.874481000,10.11.219.6
327,-5538,1649366422.875901000,18.65.123.116
328,66,1649366422.875922000,10.11.219.6
329,-5538,1649366422.876724000,18.65.123.116
330,66,1649366422.876748000,10.11.219.6
331,-5538,1649366422.880172000,18.65.123.116
332,66,1649366422.880192000,10.11.219.6
333,-5538,1649366422.880319000,18.65.123.116
334,66,1649366422.880332000,10.11.219.6
335,-8274,1649366422.881235000,18.65.123.116
336,-8274,1649366422.881239000,18.65.123.116
337,66,1649366422.881258000,10.11.219.6
338,66,1649366422.881283000,10.11.219.6
339,-210,1649366422.881296000,18.65.123.116
340,-1434,1649366422.881297000,18.65.123.116
341,78,1649366422.881306000,10.11.219.6
342,66,1649366422.881318000,10.11.219.6
343,90,1649366422.881701000,10.11.219.6
344,66,1649366422.881752000,10.11.219.6
345,74,1649366422.884960000,10.11.219.6
346,-54,1649366422.885157000,18.65.123.116
347,-74,1649366422.888311000,18.65.123.116
348,66,1649366422.888326000,10.11.219.6
349,583,1649366422.890463000,10.11.219.6
350,-66,1649366422.893645000,18.65.123.116
351,-2802,1649366422.896064000,18.65.123.116
352,-1328,1649366422.896065000,18.65.123.116
353,66,1649366422.896084000,10.11.219.6
354,66,1649366422.896116000,10.11.219.6
355,-97,1649366422.897957000,35.164.163.28
356,-66,1649366422.897958000,35.164.163.28
357,54,1649366422.898001000,10.11.219.6
358,54,1649366422.898042000,10.11.219.6
359,130,1649366422.901074000,10.11.219.6
360,501,1649366422.901274000,10.11.219.6
361,-66,1649366422.904450000,18.65.123.116
362,-66,1649366422.904451000,18.65.123.116
363,-675,1649366422.904452000,18.65.123.116
364,-90,1649366422.904452000,18.65.123.116
365,66,1649366422.904480000,10.11.219.6
366,90,1649366422.904845000,10.11.219.6
367,66,1649366422.904870000,10.11.219.6
368,74,1649366422.906956000,10.11.219.6
369,-54,1649366422.907557000,18.65.123.116
370,-74,1649366422.909783000,18.65.123.116
371,66,1649366422.909830000,10.11.219.6
372,583,1649366422.914851000,10.11.219.6
373,-66,1649366422.918282000,18.65.123.116
374,-2802,1649366422.919489000,18.65.123.116
375,66,1649366422.919498000,10.11.219.6
376,-1328,1649366422.923761000,18.65.123.116
377,66,1649366422.923787000,10.11.219.6
378,130,1649366422.926509000,10.11.219.6
379,508,1649366422.926643000,10.11.219.6
380,-66,1649366422.929009000,18.65.123.116
381,-66,1649366422.930328000,18.65.123.116
382,-4101,1649366422.930330000,18.65.123.116
383,-90,1649366422.930331000,18.65.123.116
384,66,1649366422.930362000,10.11.219.6
385,90,1649366422.930758000,10.11.219.6
386,66,1649366422.930791000,10.11.219.6
387,-54,1649366422.933542000,18.65.123.116
388,74,1649366422.934223000,10.11.219.6
389,-74,1649366422.937885000,18.65.123.116
390,66,1649366422.937903000,10.11.219.6
391,583,1649366422.940724000,10.11.219.6
392,-66,1649366422.943985000,18.65.123.116
393,-2802,1649366422.945311000,18.65.123.116
394,66,1649366422.945359000,10.11.219.6
395,-1328,1649366422.947305000,18.65.123.116
396,66,1649366422.947330000,10.11.219.6
397,130,1649366422.951552000,10.11.219.6
398,506,1649366422.951772000,10.11.219.6
399,-66,1649366422.955304000,18.65.123.116
400,-66,1649366422.955305000,18.65.123.116
401,-1434,1649366422.955976000,18.65.123.116
402,-86,1649366422.955977000,18.65.123.116
403,-1434,1649366422.955978000,18.65.123.116
404,-90,1649366422.955978000,18.65.123.116
405,66,1649366422.955998000,10.11.219.6
406,78,1649366422.956030000,10.11.219.6
407,66,1649366422.956039000,10.11.219.6
408,90,1649366422.956371000,10.11.219.6
409,66,1649366422.956401000,10.11.219.6
410,-1172,1649366422.958274000,18.65.110.227
411,-2802,1649366422.958275000,18.65.110.227
412,-774,1649366422.958276000,18.65.110.227
413,-1434,1649366422.958277000,18.65.110.227
414,66,1649366422.958300000,10.11.219.6
415,66,1649366422.958318000,10.11.219.6
416,78,1649366422.958324000,10.11.219.6
417,66,1649366422.958347000,10.11.219.6
418,74,1649366422.958820000,10.11.219.6
419,-54,1649366422.959093000,18.65.123.116
420,-74,1649366422.962196000,18.65.123.116
421,66,1649366422.962243000,10.11.219.6
422,583,1649366422.969836000,10.11.219.6
423,-2802,1649366422.970657000,18.65.110.227
424,66,1649366422.970672000,10.11.219.6
425,-2802,1649366422.970700000,18.65.110.227
426,-135,1649366422.970700000,18.65.110.227
427,66,1649366422.970708000,10.11.219.6
428,78,1649366422.970717000,10.11.219.6
429,-1434,1649366422.971860000,18.65.110.227
430,66,1649366422.971878000,10.11.219.6
431,-66,1649366422.973929000,18.65.123.116
432,-2802,1649366422.976274000,18.65.123.116
433,-1328,1649366422.976275000,18.65.123.116
434,66,1649366422.976295000,10.11.219.6
435,66,1649366422.976325000,10.11.219.6
436,130,1649366422.983890000,10.11.219.6
437,518,1649366422.984070000,10.11.219.6
438,-66,1649366422.986820000,18.65.123.116
439,-66,1649366422.986821000,18.65.123.116
440,-996,1649366422.989007000,18.65.123.116
441,-90,1649366422.989007000,18.65.123.116
442,66,1649366422.989025000,10.11.219.6
443,90,1649366422.989256000,10.11.219.6
444,66,1649366422.989279000,10.11.219.6
445,-54,1649366422.992161000,18.65.123.116
446,74,1649366423.022551000,10.11.219.6
447,-74,1649366423.025864000,18.65.123.116
448,66,1649366423.025897000,10.11.219.6
449,583,1649366423.028709000,10.11.219.6
450,-66,1649366423.034591000,18.65.123.116
451,-2802,1649366423.034592000,18.65.123.116
452,66,1649366423.034620000,10.11.219.6
453,-1328,1649366423.034664000,18.65.123.116
454,66,1649366423.034672000,10.11.219.6
455,547,1649366423.035967000,10.11.219.6
456,130,1649366423.038792000,10.11.219.6
457,-1068,1649366423.038837000,18.65.116.118
458,518,1649366423.039714000,10.11.219.6
459,-66,1649366423.041916000,18.65.123.116
460,-66,1649366423.045135000,18.65.123.116
461,-675,1649366423.045136000,18.65.123.116
462,-90,1649366423.045136000,18.65.123.116
463,66,1649366423.045172000,10.11.219.6
464,90,1649366423.045518000,10.11.219.6
465,66,1649366423.045538000,10.11.219.6
466,570,1649366423.048078000,10.11.219.6
467,-54,1649366423.048271000,18.65.123.116
468,-1836,1649366423.051599000,18.65.116.118
469,74,1649366423.051670000,10.11.219.6
470,66,1649366423.051705000,10.11.219.6
471,-74,1649366423.054775000,18.65.123.116
472,66,1649366423.054840000,10.11.219.6
473,583,1649366423.058960000,10.11.219.6
474,192,1649366423.059196000,10.11.219.6
475,74,1649366423.059412000,10.11.219.6
476,74,1649366423.059486000,10.11.219.6
477,74,1649366423.059557000,10.11.219.6
478,74,1649366423.059613000,10.11.219.6
479,74,1649366423.059687000,10.11.219.6
480,-66,1649366423.062445000,18.65.116.14
481,-66,1649366423.062451000,18.65.123.116
482,-396,1649366423.062451000,18.65.116.14
483,66,1649366423.062575000,10.11.219.6
484,-2802,1649366423.064698000,18.65.123.116
485,-1328,1649366423.064702000,18.65.123.116
486,66,1649366423.064769000,10.11.219.6
487,66,1649366423.064856000,10.11.219.6
488,-74,1649366423.070834000,151.101.109.16
489,-74,1649366423.070835000,151.101.109.16
490,-74,1649366423.070835000,151.101.109.16
491,-74,1649366423.070836000,151.101.109.16
492,66,1649366423.070870000,10.11.219.6
493,66,1649366423.070893000,10.11.219.6
494,66,1649366423.070902000,10.11.219.6
495,66,1649366423.070911000,10.11.219.6
496,-74,1649366423.071866000,151.101.109.16
497,66,1649366423.071880000,10.11.219.6
498,583,1649366423.073536000,10.11.219.6
499,583,1649366423.076367000,10.11.219.6
500,583,1649366423.079576000,10.11.219.6
501,-396,1649366423.080452000,18.65.110.227
502,66,1649366423.080468000,10.11.219.6
503,583,1649366423.081666000,10.11.219.6
504,130,1649366423.082231000,10.11.219.6
505,583,1649366423.084084000,10.11.219.6
506,517,1649366423.084247000,10.11.219.6
507,-66,1649366423.085592000,18.65.123.116
508,-11010,1649366423.085594000,18.65.110.227
509,66,1649366423.085609000,10.11.219.6
510,-66,1649366423.088438000,151.101.109.16
511,-5528,1649366423.088439000,18.65.110.227
512,-363,1649366423.088439000,18.65.110.227
513,-1434,1649366423.088439000,18.65.110.227
514,66,1649366423.088449000,10.11.219.6
515,78,1649366423.088460000,10.11.219.6
516,66,1649366423.088464000,10.11.219.6
517,-2802,1649366423.089150000,151.101.109.16
518,-914,1649366423.089151000,151.101.109.16
519,-66,1649366423.089151000,18.65.123.116
520,-771,1649366423.089152000,18.65.123.116
521,-90,1649366423.089152000,18.65.123.116
522,-66,1649366423.089153000,151.101.109.16
523,-1434,1649366423.089153000,151.101.109.16
524,66,1649366423.089163000,10.11.219.6
525,78,1649366423.089180000,10.11.219.6
526,66,1649366423.089192000,10.11.219.6
527,66,1649366423.089203000,10.11.219.6
528,90,1649366423.090937000,10.11.219.6
529,66,1649366423.090977000,10.11.219.6
530,-4170,1649366423.092394000,151.101.109.16
531,-914,1649366423.092395000,151.101.109.16
532,-66,1649366423.092396000,151.101.109.16
533,66,1649366423.092417000,10.11.219.6
534,66,1649366423.092433000,10.11.219.6
535,-2802,1649366423.093586000,151.101.109.16
536,-2282,1649366423.093595000,151.101.109.16
537,-66,1649366423.093595000,151.101.109.16
538,66,1649366423.093613000,10.11.219.6
539,66,1649366423.093638000,10.11.219.6
540,-54,1649366423.094353000,18.65.123.116
541,-2802,1649366423.096674000,151.101.109.16
542,-914,1649366423.096675000,151.101.109.16
543,-66,1649366423.096675000,151.101.109.16
544,-1434,1649366423.096675000,151.101.109.16
545,66,1649366423.096694000,10.11.219.6
546,78,1649366423.096713000,10.11.219.6
547,66,1649366423.096724000,10.11.219.6
548,-2802,1649366423.097828000,151.101.109.16
549,66,1649366423.097847000,10.11.219.6
550,-2282,1649366423.098800000,151.101.109.16
551,66,1649366423.098841000,10.11.219.6
552,130,1649366423.115834000,10.11.219.6
553,130,1649366423.116210000,10.11.219.6
554,236,1649366423.116815000,10.11.219.6
555,394,1649366423.116836000,10.11.219.6
556,130,1649366423.116993000,10.11.219.6
557,130,1649366423.117528000,10.11.219.6
558,253,1649366423.117623000,10.11.219.6
559,178,1649366423.118089000,10.11.219.6
560,130,1649366423.118351000,10.11.219.6
561,236,1649366423.118666000,10.11.219.6
562,897,1649366423.118687000,10.11.219.6
563,253,1649366423.118730000,10.11.219.6
564,90,1649366423.119017000,10.11.219.6
565,66,1649366423.119032000,10.11.219.6
566,443,1649366423.119627000,10.11.219.6
567,253,1649366423.119730000,10.11.219.6
568,90,1649366423.120048000,10.11.219.6
569,66,1649366423.120063000,10.11.219.6
570,333,1649366423.120293000,10.11.219.6
571,90,1649366423.120613000,10.11.219.6
572,66,1649366423.120628000,10.11.219.6
573,-66,1649366423.127613000,151.101.109.16
574,-66,1649366423.127616000,151.101.109.16
575,-66,1649366423.127616000,151.101.109.16
576,-66,1649366423.127617000,151.101.109.16
577,-66,1649366423.129452000,151.101.109.16
578,-125,1649366423.129452000,151.101.109.16
579,-5538,1649366423.129453000,151.101.109.16
580,-5538,1649366423.129456000,151.101.109.16
581,66,1649366423.129470000,10.11.219.6
582,66,1649366423.129487000,10.11.219.6
583,66,1649366423.129493000,10.11.219.6
584,-66,1649366423.129501000,151.101.109.16
585,-66,1649366423.129501000,151.101.109.16
586,-125,1649366423.129502000,151.101.109.16
587,-66,1649366423.129502000,151.101.109.16
588,54,1649366423.129519000,10.11.219.6
589,97,1649366423.129576000,10.11.219.6
590,-5485,1649366423.132990000,151.101.109.16
591,-66,1649366423.132991000,151.101.109.16
592,-66,1649366423.132991000,151.101.109.16
593,-125,1649366423.132992000,151.101.109.16
594,-66,1649366423.132992000,151.101.109.16
595,66,1649366423.133007000,10.11.219.6
596,66,1649366423.133036000,10.11.219.6
597,-125,1649366423.133060000,151.101.109.16
598,-4170,1649366423.133061000,151.101.109.16
599,-4170,1649366423.133062000,151.101.109.16
600,-5538,1649366423.133063000,151.101.109.16
601,54,1649366423.133078000,10.11.219.6
602,66,1649366423.133091000,10.11.219.6
603,66,1649366423.133096000,10.11.219.6
604,66,1649366423.133099000,10.11.219.6
605,97,1649366423.133110000,10.11.219.6
606,-66,1649366423.133114000,151.101.109.16
607,-66,1649366423.133114000,151.101.109.16
608,-90,1649366423.133114000,151.101.109.16
609,-66,1649366423.133115000,151.101.109.16
610,-66,1649366423.133115000,151.101.109.16
611,-125,1649366423.133115000,151.101.109.16
612,-4170,1649366423.133116000,151.101.109.16
613,54,1649366423.133124000,10.11.219.6
614,54,1649366423.133129000,10.11.219.6
615,54,1649366423.133132000,10.11.219.6
616,54,1649366423.133135000,10.11.219.6
617,54,1649366423.133145000,10.11.219.6
618,66,1649366423.133150000,10.11.219.6
619,-5538,1649366423.133164000,151.101.109.16
620,-66,1649366423.133165000,151.101.109.16
621,-90,1649366423.133165000,151.101.109.16
622,-66,1649366423.133165000,151.101.109.16
623,-66,1649366423.133165000,151.101.109.16
624,66,1649366423.133169000,10.11.219.6
625,54,1649366423.133173000,10.11.219.6
626,54,1649366423.133176000,10.11.219.6
627,54,1649366423.133179000,10.11.219.6
628,54,1649366423.133181000,10.11.219.6
629,-66,1649366423.133559000,151.101.109.16
630,-90,1649366423.133560000,151.101.109.16
631,-66,1649366423.133560000,151.101.109.16
632,-66,1649366423.133560000,151.101.109.16
633,-4170,1649366423.133561000,151.101.109.16
634,54,1649366423.133569000,10.11.219.6
635,54,1649366423.133576000,10.11.219.6
636,54,1649366423.133579000,10.11.219.6
637,54,1649366423.133582000,10.11.219.6
638,66,1649366423.133587000,10.11.219.6
639,-66,1649366423.135549000,151.101.109.16
640,-5538,1649366423.135551000,151.101.109.16
641,-4170,1649366423.135552000,151.101.109.16
642,66,1649366423.135567000,10.11.219.6
643,66,1649366423.135589000,10.11.219.6
644,-66,1649366423.135613000,151.101.109.16
645,-5538,1649366423.135614000,151.101.109.16
646,-66,1649366423.135614000,151.101.109.16
647,-4170,1649366423.135615000,151.101.109.16
648,66,1649366423.135622000,10.11.219.6
649,-1434,1649366423.135629000,151.101.109.16
650,66,1649366423.135770000,10.11.219.6
651,-2802,1649366423.136714000,151.101.109.16
652,66,1649366423.136730000,10.11.219.6
653,-1434,1649366423.137953000,151.101.109.16
654,-4170,1649366423.137954000,151.101.109.16
655,-4170,1649366423.137955000,151.101.109.16
656,-2802,1649366423.137956000,151.101.109.16
657,66,1649366423.137974000,10.11.219.6
658,66,1649366423.138103000,10.11.219.6
659,-2802,1649366423.140749000,151.101.109.16
660,66,1649366423.140763000,10.11.219.6
661,-6906,1649366423.142406000,151.101.109.16
662,-1434,1649366423.142407000,151.101.109.16
663,66,1649366423.142415000,10.11.219.6
664,66,1649366423.142429000,10.11.219.6
665,-5538,1649366423.144249000,151.101.109.16
666,-66,1649366423.144250000,151.101.109.16
667,-6906,1649366423.144252000,151.101.109.16
668,66,1649366423.144268000,10.11.219.6
669,66,1649366423.144295000,10.11.219.6
670,-6906,1649366423.147337000,151.101.109.16
671,-2802,1649366423.147343000,151.101.109.16
672,-5538,1649366423.147346000,151.101.109.16
673,66,1649366423.147395000,10.11.219.6
674,66,1649366423.147438000,10.11.219.6
675,-1434,1649366423.147449000,151.101.109.16
676,66,1649366423.147452000,10.11.219.6
677,-6906,1649366423.147505000,151.101.109.16
678,-5538,1649366423.147507000,151.101.109.16
679,66,1649366423.147513000,10.11.219.6
680,66,1649366423.147562000,10.11.219.6
681,-66,1649366423.148511000,151.101.109.16
682,-2802,1649366423.148512000,151.101.109.16
683,-6906,1649366423.148513000,151.101.109.16
684,66,1649366423.148528000,10.11.219.6
685,66,1649366423.148545000,10.11.219.6
686,-5538,1649366423.148560000,151.101.109.16
687,66,1649366423.148564000,10.11.219.6
688,-4170,1649366423.150857000,151.101.109.16
689,-472,1649366423.150858000,151.101.109.16
690,-8122,1649366423.150859000,151.101.109.16
691,66,1649366423.150872000,10.11.219.6
692,66,1649366423.150887000,10.11.219.6
693,66,1649366423.150893000,10.11.219.6
694,-2802,1649366423.151911000,151.101.109.16
695,66,1649366423.151930000,10.11.219.6
696,-1434,1649366423.152846000,151.101.109.16
697,-218,1649366423.152846000,151.101.109.16
698,-1434,1649366423.152847000,151.101.109.16
699,66,1649366423.152857000,10.11.219.6
700,78,1649366423.152870000,10.11.219.6
701,66,1649366423.152876000,10.11.219.6
702,-2802,1649366423.153993000,151.101.109.16
703,-116,1649366423.153993000,151.101.109.16
704,-1434,1649366423.153994000,151.101.109.16
705,66,1649366423.154004000,10.11.219.6
706,78,1649366423.154017000,10.11.219.6
707,66,1649366423.154023000,10.11.219.6
708,-2802,1649366423.183390000,18.65.110.227
709,66,1649366423.183405000,10.11.219.6
710,-9642,1649366423.183468000,18.65.110.227
711,-1434,1649366423.183468000,18.65.110.227
712,66,1649366423.183478000,10.11.219.6
713,66,1649366423.183491000,10.11.219.6
714,-554,1649366423.185620000,18.65.110.227
715,-1434,1649366423.185621000,18.65.110.227
716,-12378,1649366423.185623000,18.65.110.227
717,78,1649366423.185636000,10.11.219.6
718,66,1649366423.185650000,10.11.219.6
719,66,1649366423.185654000,10.11.219.6
720,-8274,1649366423.185675000,18.65.110.227
721,66,1649366423.185709000,10.11.219.6
722,-4170,1649366423.188129000,18.65.110.227
723,-1155,1649366423.188129000,18.65.110.227
724,-1434,1649366423.188130000,18.65.110.227
725,66,1649366423.188140000,10.11.219.6
726,78,1649366423.188155000,10.11.219.6
727,66,1649366423.188159000,10.11.219.6
728,-2802,1649366423.276934000,18.65.110.227
729,66,1649366423.276957000,10.11.219.6
730,-8274,1649366423.277002000,18.65.110.227
731,-723,1649366423.277003000,18.65.110.227
732,66,1649366423.277020000,10.11.219.6
733,66,1649366423.277038000,10.11.219.6
734,174,1649366423.283483000,10.11.219.6
735,-9092,1649366423.283598000,18.65.110.227
736,-1434,1649366423.283599000,18.65.110.227
737,66,1649366423.283625000,10.11.219.6
738,66,1649366423.283641000,10.11.219.6
739,-5538,1649366423.284248000,18.65.110.227
740,-890,1649366423.284249000,18.65.110.227
741,-1434,1649366423.284250000,18.65.110.227
742,-12035,1649366423.284252000,18.65.110.227
743,66,1649366423.284263000,10.11.219.6
744,78,1649366423.284275000,10.11.219.6
745,66,1649366423.284281000,10.11.219.6
746,66,1649366423.284286000,10.11.219.6
747,-6906,1649366423.284308000,18.65.110.227
748,-884,1649366423.284308000,18.65.110.227
749,-1434,1649366423.284309000,18.65.110.227
750,66,1649366423.284314000,10.11.219.6
751,78,1649366423.284319000,10.11.219.6
752,66,1649366423.284324000,10.11.219.6
753,190,1649366423.284342000,10.11.219.6
754,169,1649366423.284820000,10.11.219.6
755,219,1649366423.285156000,10.11.219.6
756,962,1649366423.285349000,10.11.219.6
757,187,1649366423.285828000,10.11.219.6
758,193,1649366423.286973000,10.11.219.6
759,-66,1649366423.296613000,151.101.109.16
760,-2802,1649366423.296615000,151.101.109.16
761,66,1649366423.296651000,10.11.219.6
762,-2802,1649366423.296690000,151.101.109.16
763,-477,1649366423.296690000,151.101.109.16
764,-1434,1649366423.296690000,151.101.109.16
765,-66,1649366423.296691000,151.101.109.16
766,-66,1649366423.296691000,151.101.109.16
767,-630,1649366423.296692000,151.101.109.16
768,-66,1649366423.296692000,151.101.109.16
769,66,1649366423.296699000,10.11.219.6
770,78,1649366423.296707000,10.11.219.6
771,66,1649366423.296713000,10.11.219.6
772,66,1649366423.296725000,10.11.219.6
773,-2802,1649366423.296744000,151.101.109.16
774,-585,1649366423.296744000,151.101.109.16
775,-1434,1649366423.296744000,151.101.109.16
776,66,1649366423.296751000,10.11.219.6
777,78,1649366423.296757000,10.11.219.6
778,66,1649366423.296761000,10.11.219.6
779,-2802,1649366423.297887000,151.101.109.16
780,66,1649366423.297938000,10.11.219.6
781,-13245,1649366423.299645000,151.101.109.16
782,66,1649366423.299669000,10.11.219.6
783,-9642,1649366423.299924000,151.101.109.16
784,-97,1649366423.299925000,151.101.109.16
785,66,1649366423.299934000,10.11.219.6
786,78,1649366423.299950000,10.11.219.6
787,-1434,1649366423.299973000,151.101.109.16
788,-66,1649366423.299973000,151.101.109.16
789,-66,1649366423.299974000,151.101.109.16
790,-11010,1649366423.299976000,151.101.109.16
791,66,1649366423.299992000,10.11.219.6
792,66,1649366423.300011000,10.11.219.6
793,-2802,1649366423.301904000,151.101.109.16
794,-916,1649366423.301905000,151.101.109.16
795,-1434,1649366423.301906000,151.101.109.16
796,66,1649366423.301924000,10.11.219.6
797,78,1649366423.301947000,10.11.219.6
798,66,1649366423.301955000,10.11.219.6
799,-2802,1649366423.302546000,151.101.109.16
800,-767,1649366423.302547000,151.101.109.16
801,-1434,1649366423.302547000,151.101.109.16
802,-66,1649366423.302548000,151.101.109.16
803,-13746,1649366423.302550000,151.101.109.16
804,66,1649366423.302560000,10.11.219.6
805,78,1649366423.302576000,10.11.219.6
806,66,1649366423.302582000,10.11.219.6
807,66,1649366423.302596000,10.11.219.6
808,-943,1649366423.302609000,151.101.109.16
809,-1434,1649366423.302610000,151.101.109.16
810,-8274,1649366423.302612000,151.101.109.16
811,78,1649366423.302616000,10.11.219.6
812,66,1649366423.302622000,10.11.219.6
813,66,1649366423.302626000,10.11.219.6
814,-2802,1649366423.304411000,151.101.109.16
815,66,1649366423.304425000,10.11.219.6
816,-6906,1649366423.304745000,151.101.109.16
817,-17850,1649366423.304748000,151.101.109.16
818,66,1649366423.304756000,10.11.219.6
819,66,1649366423.304766000,10.11.219.6
820,-2802,1649366423.304777000,151.101.109.16
821,66,1649366423.304780000,10.11.219.6
822,-2802,1649366423.310183000,151.101.109.16
823,66,1649366423.310204000,10.11.219.6
824,-2802,1649366423.310269000,151.101.109.16
825,-5538,1649366423.310270000,151.101.109.16
826,66,1649366423.310279000,10.11.219.6
827,66,1649366423.310286000,10.11.219.6
828,-13746,1649366423.312273000,151.101.109.16
829,66,1649366423.312291000,10.11.219.6
830,-8274,1649366423.313297000,151.101.109.16
831,-16482,1649366423.313302000,151.101.109.16
832,66,1649366423.313328000,10.11.219.6
833,66,1649366423.313355000,10.11.219.6
834,211,1649366423.313603000,10.11.219.6
835,-4170,1649366423.314336000,151.101.109.16
836,-5538,1649366423.314344000,151.101.109.16
837,66,1649366423.314395000,10.11.219.6
838,66,1649366423.314447000,10.11.219.6
839,-2802,1649366423.317220000,151.101.109.16
840,66,1649366423.317232000,10.11.219.6
841,-11010,1649366423.317409000,151.101.109.16
842,66,1649366423.317414000,10.11.219.6
843,-11010,1649366423.318809000,151.101.109.16
844,66,1649366423.318815000,10.11.219.6
845,-17850,1649366423.318855000,151.101.109.16
846,66,1649366423.318859000,10.11.219.6
847,-2802,1649366423.321189000,151.101.109.16
848,66,1649366423.321205000,10.11.219.6
849,-1434,1649366423.321414000,151.101.109.16
850,-4170,1649366423.321416000,151.101.109.16
851,66,1649366423.321425000,10.11.219.6
852,66,1649366423.321445000,10.11.219.6
853,198,1649366423.323495000,10.11.219.6
854,-2802,1649366423.323562000,151.101.109.16
855,66,1649366423.323577000,10.11.219.6
856,298,1649366423.323686000,10.11.219.6
857,-13746,1649366423.323762000,151.101.109.16
858,66,1649366423.323769000,10.11.219.6
859,-21954,1649366423.323813000,151.101.109.16
860,66,1649366423.323819000,10.11.219.6
861,-8079,1649366423.323854000,151.101.109.16
862,66,1649366423.323862000,10.11.219.6
863,-66,1649366423.325480000,151.101.109.16
864,-8274,1649366423.328419000,151.101.109.16
865,66,1649366423.328524000,10.11.219.6
866,-2709,1649366423.328658000,151.101.109.16
867,66,1649366423.328693000,10.11.219.6
868,74,1649366423.329377000,10.11.219.6
869,-66,1649366423.335512000,151.101.109.16
870,-66,1649366423.335513000,151.101.109.16
871,-2802,1649366423.335513000,151.101.109.16
872,66,1649366423.335537000,10.11.219.6
873,-217,1649366423.336408000,151.101.109.16
874,-2802,1649366423.336409000,151.101.109.16
875,-444,1649366423.336409000,151.101.109.16
876,-1434,1649366423.336409000,151.101.109.16
877,-774,1649366423.336410000,151.101.109.16
878,66,1649366423.336419000,10.11.219.6
879,66,1649366423.336429000,10.11.219.6
880,78,1649366423.336442000,10.11.219.6
881,66,1649366423.336446000,10.11.219.6
882,66,1649366423.336448000,10.11.219.6
883,169,1649366423.343407000,10.11.219.6
884,200,1649366423.352731000,10.11.219.6
885,74,1649366423.352790000,10.11.219.6
886,-66,1649366423.354549000,151.101.109.16
887,-2802,1649366423.356297000,151.101.109.16
888,66,1649366423.356306000,10.11.219.6
889,-10549,1649366423.356382000,151.101.109.16
890,66,1649366423.356385000,10.11.219.6
891,-66,1649366423.365101000,151.101.109.16
892,-5538,1649366423.365103000,151.101.109.16
893,66,1649366423.365122000,10.11.219.6
894,-9642,1649366423.366656000,151.101.109.16
895,-74,1649366423.366657000,151.101.109.16
896,66,1649366423.366664000,10.11.219.6
897,66,1649366423.366681000,10.11.219.6
898,-981,1649366423.366706000,151.101.109.16
899,-6906,1649366423.366708000,151.101.109.16
900,66,1649366423.366713000,10.11.219.6
901,-8274,1649366423.369229000,151.101.109.16
902,-8274,1649366423.369231000,151.101.109.16
903,66,1649366423.369243000,10.11.219.6
904,66,1649366423.369253000,10.11.219.6
905,-6906,1649366423.370009000,151.101.109.16
906,-2802,1649366423.370010000,151.101.109.16
907,-1076,1649366423.370010000,151.101.109.16
908,66,1649366423.370016000,10.11.219.6
909,66,1649366423.370023000,10.11.219.6
910,78,1649366423.370027000,10.11.219.6
911,-1434,1649366423.370030000,151.101.109.16
912,66,1649366423.370033000,10.11.219.6
913,583,1649366423.370177000,10.11.219.6
914,-2802,1649366423.379433000,18.65.110.227
915,66,1649366423.379451000,10.11.219.6
916,-6906,1649366423.381274000,18.65.110.227
917,-6896,1649366423.381278000,18.65.110.227
918,66,1649366423.381338000,10.11.219.6
919,66,1649366423.381413000,10.11.219.6
920,-2802,1649366423.381462000,18.65.110.227
921,-632,1649366423.381463000,18.65.110.227
922,-1434,1649366423.381464000,18.65.110.227
923,66,1649366423.381536000,10.11.219.6
924,78,1649366423.381561000,10.11.219.6
925,66,1649366423.381570000,10.11.219.6
926,-66,1649366423.383050000,151.101.109.16
927,-2802,1649366423.384678000,151.101.109.16
928,-898,1649366423.384679000,151.101.109.16
929,-1434,1649366423.384679000,151.101.109.16
930,66,1649366423.384698000,10.11.219.6
931,78,1649366423.384731000,10.11.219.6
932,66,1649366423.384737000,10.11.219.6
933,130,1649366423.387927000,10.11.219.6
934,253,1649366423.388179000,10.11.219.6
935,90,1649366423.388752000,10.11.219.6
936,66,1649366423.388769000,10.11.219.6
937,193,1649366423.395890000,10.11.219.6
938,-66,1649366423.398588000,151.101.109.16
939,-66,1649366423.399661000,151.101.109.16
940,-125,1649366423.399661000,151.101.109.16
941,-66,1649366423.399662000,151.101.109.16
942,-90,1649366423.399662000,151.101.109.16
943,-66,1649366423.399662000,151.101.109.16
944,-66,1649366423.399662000,151.101.109.16
945,54,1649366423.399702000,10.11.219.6
946,54,1649366423.399731000,10.11.219.6
947,54,1649366423.399736000,10.11.219.6
948,54,1649366423.399740000,10.11.219.6
949,54,1649366423.399743000,10.11.219.6
950,-66,1649366423.407121000,151.101.109.16
951,-11010,1649366423.410299000,151.101.109.16
952,66,1649366423.410319000,10.11.219.6
953,-566,1649366423.410350000,151.101.109.16
954,-1434,1649366423.410351000,151.101.109.16
955,78,1649366423.410364000,10.11.219.6
956,66,1649366423.410375000,10.11.219.6
957,-74,1649366423.468401000,52.24.224.99
958,66,1649366423.468431000,10.11.219.6
959,583,1649366423.472860000,10.11.219.6
960,-66,1649366423.611936000,52.24.224.99
961,-2802,1649366423.615498000,52.24.224.99
962,66,1649366423.615513000,10.11.219.6
963,-1407,1649366423.616300000,52.24.224.99
964,-1434,1649366423.616300000,52.24.224.99
965,78,1649366423.616310000,10.11.219.6
966,66,1649366423.616324000,10.11.219.6
967,192,1649366423.621191000,10.11.219.6
968,-362,1649366423.621818000,18.65.110.227
969,-1434,1649366423.621819000,18.65.110.227
970,78,1649366423.621836000,10.11.219.6
971,66,1649366423.621847000,10.11.219.6
972,-5538,1649366423.623807000,18.65.110.227
973,-297,1649366423.623808000,18.65.110.227
974,-1434,1649366423.623809000,18.65.110.227
975,-2802,1649366423.623809000,18.65.110.227
976,66,1649366423.623830000,10.11.219.6
977,78,1649366423.623847000,10.11.219.6
978,-836,1649366423.623860000,18.65.110.227
979,66,1649366423.623860000,10.11.219.6
980,-1434,1649366423.623861000,18.65.110.227
981,66,1649366423.623870000,10.11.219.6
982,78,1649366423.623874000,10.11.219.6
983,66,1649366423.623877000,10.11.219.6
984,202,1649366423.632197000,10.11.219.6
985,74,1649366423.632284000,10.11.219.6
986,-9092,1649366423.639279000,18.65.110.227
987,-9098,1649366423.639282000,18.65.110.227
988,66,1649366423.639297000,10.11.219.6
989,66,1649366423.639315000,10.11.219.6
990,-66,1649366423.643048000,151.101.109.16
991,-523,1649366423.645318000,151.101.109.16
992,-74,1649366423.645320000,151.101.109.16
993,66,1649366423.645456000,10.11.219.6
994,156,1649366423.646382000,10.11.219.6
995,583,1649366423.650949000,10.11.219.6
996,156,1649366423.651148000,10.11.219.6
997,177,1649366423.651299000,10.11.219.6
998,-66,1649366423.657036000,151.101.109.16
999,-1125,1649366423.658197000,151.101.109.16
1000,-66,1649366423.662454000,151.101.109.16
1001,-66,1649366423.662455000,151.101.109.16
1002,-66,1649366423.662455000,151.101.109.16
1003,155,1649366423.662954000,10.11.219.6
1004,155,1649366423.663409000,10.11.219.6
1005,-11010,1649366423.666213000,151.101.109.16
1006,66,1649366423.666265000,10.11.219.6
1007,-2802,1649366423.668225000,151.101.109.16
1008,66,1649366423.668238000,10.11.219.6
1009,-1101,1649366423.668288000,151.101.109.16
1010,-1434,1649366423.668289000,151.101.109.16
1011,-1434,1649366423.668289000,151.101.109.16
1012,-553,1649366423.668289000,151.101.109.16
1013,-1434,1649366423.668290000,151.101.109.16
1014,-1114,1649366423.668290000,151.101.109.16
1015,-4170,1649366423.668291000,151.101.109.16
1016,66,1649366423.668304000,10.11.219.6
1017,78,1649366423.668310000,10.11.219.6
1018,-914,1649366423.668312000,151.101.109.16
1019,66,1649366423.668318000,10.11.219.6
1020,66,1649366423.668321000,10.11.219.6
1021,78,1649366423.668325000,10.11.219.6
1022,66,1649366423.668328000,10.11.219.6
1023,155,1649366423.671922000,10.11.219.6
1024,155,1649366423.672248000,10.11.219.6
1025,130,1649366423.672259000,10.11.219.6
1026,253,1649366423.672417000,10.11.219.6
1027,90,1649366423.672779000,10.11.219.6
1028,-66,1649366423.675751000,151.101.109.16
1029,-5538,1649366423.675753000,151.101.109.16
1030,66,1649366423.675788000,10.11.219.6
1031,-2802,1649366423.675832000,151.101.109.16
1032,66,1649366423.675837000,10.11.219.6
1033,-2802,1649366423.677817000,151.101.109.16
1034,66,1649366423.677883000,10.11.219.6
1035,-5090,1649366423.678741000,151.101.109.16
1036,-4170,1649366423.678742000,151.101.109.16
1037,-398,1649366423.678743000,151.101.109.16
1038,66,1649366423.678760000,10.11.219.6
1039,66,1649366423.678776000,10.11.219.6
1040,78,1649366423.678795000,10.11.219.6
1041,-1434,1649366423.679381000,151.101.109.16
1042,-66,1649366423.679382000,151.101.109.16
1043,-539,1649366423.679382000,151.101.109.16
1044,66,1649366423.679398000,10.11.219.6
1045,-66,1649366423.684480000,151.101.109.16
1046,-2802,1649366423.684481000,151.101.109.16
1047,66,1649366423.684504000,10.11.219.6
1048,-66,1649366423.684604000,151.101.109.16
1049,-4170,1649366423.684605000,151.101.109.16
1050,-155,1649366423.684605000,151.101.109.16
1051,-1434,1649366423.684606000,151.101.109.16
1052,-66,1649366423.684606000,151.101.109.16
1053,-66,1649366423.684606000,151.101.109.16
1054,66,1649366423.684617000,10.11.219.6
1055,78,1649366423.684629000,10.11.219.6
1056,66,1649366423.684636000,10.11.219.6
1057,-12378,1649366423.684670000,151.101.109.16
1058,66,1649366423.684674000,10.11.219.6
1059,-1434,1649366423.685828000,151.101.109.16
1060,-1062,1649366423.685829000,151.101.109.16
1061,-125,1649366423.685829000,151.101.109.16
1062,-66,1649366423.685829000,151.101.109.16
1063,-90,1649366423.685829000,151.101.109.16
1064,-66,1649366423.685830000,151.101.109.16
1065,-1434,1649366423.685830000,151.101.109.16
1066,-551,1649366423.685830000,151.101.109.16
1067,78,1649366423.685851000,10.11.219.6
1068,54,1649366423.685880000,10.11.219.6
1069,54,1649366423.685892000,10.11.219.6
1070,54,1649366423.685897000,10.11.219.6
1071,54,1649366423.685901000,10.11.219.6
1072,66,1649366423.685908000,10.11.219.6
1073,273,1649366423.688373000,10.11.219.6
1074,-66,1649366423.699288000,151.101.109.16
1075,-2802,1649366423.701136000,151.101.109.16
1076,66,1649366423.701149000,10.11.219.6
1077,-8270,1649366423.701205000,151.101.109.16
1078,66,1649366423.701210000,10.11.219.6
1079,163,1649366423.708413000,10.11.219.6
1080,-66,1649366423.720141000,151.101.109.16
1081,-2802,1649366423.720143000,18.65.110.227
1082,66,1649366423.720169000,10.11.219.6
1083,-9642,1649366423.721815000,18.65.110.227
1084,-909,1649366423.721816000,151.101.109.16
1085,66,1649366423.721840000,10.11.219.6
1086,-2802,1649366423.721870000,18.65.110.227
1087,-90,1649366423.721870000,18.65.110.227
1088,66,1649366423.721876000,10.11.219.6
1089,78,1649366423.721885000,10.11.219.6
1090,-1434,1649366423.721921000,18.65.110.227
1091,-335,1649366423.721921000,18.65.110.227
1092,-1434,1649366423.721922000,18.65.110.227
1093,-4170,1649366423.721923000,18.65.110.227
1094,66,1649366423.721929000,10.11.219.6
1095,78,1649366423.721934000,10.11.219.6
1096,66,1649366423.721938000,10.11.219.6
1097,66,1649366423.721942000,10.11.219.6
1098,-4170,1649366423.723209000,18.65.110.227
1099,-1124,1649366423.723210000,18.65.110.227
1100,-1434,1649366423.723211000,18.65.110.227
1101,66,1649366423.723227000,10.11.219.6
1102,78,1649366423.723246000,10.11.219.6
1103,66,1649366423.723256000,10.11.219.6
1104,-432,1649366423.733552000,18.65.110.227
1105,66,1649366423.733579000,10.11.219.6
1106,-324,1649366423.760338000,52.24.224.99
1107,-135,1649366423.760339000,52.24.224.99
1108,66,1649366423.760366000,10.11.219.6
1109,66,1649366423.760388000,10.11.219.6
1110,66,1649366423.765470000,10.11.219.6
1111,74,1649366423.812508000,10.11.219.6
1112,243,1649366423.813947000,10.11.219.6
1113,506,1649366423.813980000,10.11.219.6
1114,104,1649366423.814353000,10.11.219.6
1115,-66,1649366423.941291000,52.119.175.30
1116,54,1649366423.941330000,10.11.219.6
1117,571,1649366423.943654000,10.11.219.6
1118,194,1649366423.952229000,10.11.219.6
1119,181,1649366423.952685000,10.11.219.6
1120,-66,1649366423.954171000,52.24.224.99
1121,-104,1649366423.954172000,52.24.224.99
1122,-236,1649366423.954173000,52.24.224.99
1123,-104,1649366423.954173000,52.24.224.99
1124,66,1649366423.954194000,10.11.219.6
1125,66,1649366423.954210000,10.11.219.6
1126,66,1649366423.954214000,10.11.219.6
1127,-66,1649366423.964702000,151.101.109.16
1128,-66,1649366423.964706000,151.101.109.16
1129,-8274,1649366423.964734000,151.101.109.16
1130,66,1649366423.964863000,10.11.219.6
1131,-4170,1649366423.964968000,151.101.109.16
1132,66,1649366423.964994000,10.11.219.6
1133,-12378,1649366423.968842000,151.101.109.16
1134,66,1649366423.968862000,10.11.219.6
1135,-7930,1649366423.968907000,151.101.109.16
1136,-8274,1649366423.968909000,151.101.109.16
1137,66,1649366423.968920000,10.11.219.6
1138,66,1649366423.968929000,10.11.219.6
1139,-4170,1649366423.970493000,151.101.109.16
1140,-4170,1649366423.970497000,151.101.109.16
1141,-409,1649366423.970498000,151.101.109.16
1142,-1434,1649366423.970498000,151.101.109.16
1143,66,1649366423.970521000,10.11.219.6
1144,66,1649366423.970543000,10.11.219.6
1145,78,1649366423.970551000,10.11.219.6
1146,66,1649366423.970557000,10.11.219.6
1147,157,1649366423.992994000,10.11.219.6
1148,-66,1649366424.004534000,151.101.109.16
1149,-5538,1649366424.006642000,151.101.109.16
1150,66,1649366424.006667000,10.11.219.6
1151,-8274,1649366424.006724000,151.101.109.16
1152,66,1649366424.006730000,10.11.219.6
1153,635,1649366424.007736000,10.11.219.6
1154,-1434,1649366424.010265000,151.101.109.16
1155,-1057,1649366424.010266000,151.101.109.16
1156,-12378,1649366424.010268000,151.101.109.16
1157,66,1649366424.010291000,10.11.219.6
1158,66,1649366424.010324000,10.11.219.6
1159,66,1649366424.010329000,10.11.219.6
1160,-466,1649366424.010336000,151.101.109.16
1161,-1434,1649366424.010337000,151.101.109.16
1162,78,1649366424.010342000,10.11.219.6
1163,66,1649366424.010348000,10.11.219.6
1164,-66,1649366424.011178000,18.65.110.227
1165,-516,1649366424.069237000,18.65.110.227
1166,66,1649366424.069260000,10.11.219.6
1167,-54,1649366424.070248000,52.119.175.30
1168,-2802,1649366424.071956000,18.65.110.227
1169,66,1649366424.071976000,10.11.219.6
1170,-6906,1649366424.072678000,18.65.110.227
1171,-1052,1649366424.072679000,18.65.110.227
1172,-54,1649366424.072680000,52.119.175.30
1173,-1434,1649366424.072680000,18.65.110.227
1174,66,1649366424.072702000,10.11.219.6
1175,78,1649366424.072717000,10.11.219.6
1176,66,1649366424.072729000,10.11.219.6
1177,-2774,1649366424.074861000,52.119.175.30
1178,54,1649366424.074878000,10.11.219.6
1179,-3230,1649366424.074913000,52.119.175.30
1180,54,1649366424.074920000,10.11.219.6
1181,180,1649366424.084474000,10.11.219.6
1182,-6906,1649366424.093622000,18.65.110.227
1183,-884,1649366424.093623000,18.65.110.227
1184,-1434,1649366424.093624000,18.65.110.227
1185,66,1649366424.093641000,10.11.219.6
1186,78,1649366424.093672000,10.11.219.6
1187,66,1649366424.093688000,10.11.219.6
1188,164,1649366424.108008000,10.11.219.6
1189,-66,1649366424.118943000,151.101.109.16
1190,-1434,1649366424.120314000,151.101.109.16
1191,-704,1649366424.120315000,151.101.109.16
1192,66,1649366424.120339000,10.11.219.6
1193,78,1649366424.120362000,10.11.219.6
1194,-1434,1649366424.121131000,151.101.109.16
1195,66,1649366424.121142000,10.11.219.6
1196,164,1649366424.121388000,10.11.219.6
1197,164,1649366424.121771000,10.11.219.6
1198,263,1649366424.122031000,10.11.219.6
1199,164,1649366424.122373000,10.11.219.6
1200,152,1649366424.122554000,10.11.219.6
1201,164,1649366424.122671000,10.11.219.6
1202,262,1649366424.122793000,10.11.219.6
1203,164,1649366424.123179000,10.11.219.6
1204,152,1649366424.125085000,10.11.219.6
1205,-66,1649366424.134569000,151.101.109.16
1206,-66,1649366424.134570000,151.101.109.16
1207,-66,1649366424.134570000,151.101.109.16
1208,-4170,1649366424.134571000,151.101.109.16
1209,-703,1649366424.134571000,151.101.109.16
1210,-1434,1649366424.134572000,151.101.109.16
1211,66,1649366424.134605000,10.11.219.6
1212,78,1649366424.134627000,10.11.219.6
1213,66,1649366424.134633000,10.11.219.6
1214,-66,1649366424.134653000,151.101.109.16
1215,-66,1649366424.134653000,151.101.109.16
1216,-66,1649366424.134653000,151.101.109.16
1217,-66,1649366424.134653000,151.101.109.16
1218,-2410,1649366424.134654000,151.101.109.16
1219,66,1649366424.134668000,10.11.219.6
1220,-8274,1649366424.136612000,151.101.109.16
1221,-2802,1649366424.138404000,151.101.109.16
1222,-6906,1649366424.138712000,151.101.109.16
1223,-2802,1649366424.138713000,151.101.109.16
1224,-296,1649366424.138713000,151.101.109.16
1225,78,1649366424.138736000,10.11.219.6
1226,-1434,1649366424.138771000,151.101.109.16
1227,-5538,1649366424.138772000,151.101.109.16
1228,-252,1649366424.138772000,151.101.109.16
1229,-1434,1649366424.138772000,151.101.109.16
1230,-4170,1649366424.138773000,151.101.109.16
1231,66,1649366424.138780000,10.11.219.6
1232,78,1649366424.138786000,10.11.219.6
1233,66,1649366424.138793000,10.11.219.6
1234,-497,1649366424.138806000,151.101.109.16
1235,-1434,1649366424.138806000,151.101.109.16
1236,-4170,1649366424.138807000,151.101.109.16
1237,78,1649366424.138811000,10.11.219.6
1238,66,1649366424.138815000,10.11.219.6
1239,-6906,1649366424.140554000,151.101.109.16
1240,-76,1649366424.140555000,151.101.109.16
1241,-66,1649366424.140556000,151.101.109.16
1242,-4170,1649366424.140556000,151.101.109.16
1243,78,1649366424.140579000,10.11.219.6
1244,66,1649366424.140604000,10.11.219.6
1245,-685,1649366424.140615000,151.101.109.16
1246,-1434,1649366424.140616000,151.101.109.16
1247,-66,1649366424.140616000,151.101.109.16
1248,-475,1649366424.140617000,151.101.109.16
1249,-1434,1649366424.140617000,151.101.109.16
1250,78,1649366424.140621000,10.11.219.6
1251,66,1649366424.140626000,10.11.219.6
1252,66,1649366424.140632000,10.11.219.6
1253,-894,1649366424.144928000,18.65.110.227
1254,-97,1649366424.144931000,18.65.110.227
1255,66,1649366424.145011000,10.11.219.6
1256,66,1649366424.145088000,10.11.219.6
1257,66,1649366424.148653000,10.11.219.6
1258,-4170,1649366424.168656000,18.65.110.227
1259,66,1649366424.168673000,10.11.219.6
1260,-9642,1649366424.170504000,18.65.110.227
1261,-6906,1649366424.170507000,18.65.110.227
1262,66,1649366424.170524000,10.11.219.6
1263,66,1649366424.170545000,10.11.219.6
1264,-1434,1649366424.171720000,18.65.110.227
1265,-692,1649366424.171721000,18.65.110.227
1266,-1434,1649366424.171721000,18.65.110.227
1267,66,1649366424.171736000,10.11.219.6
1268,78,1649366424.171760000,10.11.219.6
1269,66,1649366424.171774000,10.11.219.6
1270,-105,1649366424.213476000,52.119.175.30
1271,54,1649366424.213504000,10.11.219.6
1272,672,1649366424.213933000,10.11.219.6
1273,160,1649366424.216327000,10.11.219.6
1274,160,1649366424.217012000,10.11.219.6
1275,160,1649366424.222857000,10.11.219.6
1276,161,1649366424.223016000,10.11.219.6
1277,160,1649366424.223176000,10.11.219.6
1278,239,1649366424.223543000,10.11.219.6
1279,222,1649366424.223697000,10.11.219.6
1280,166,1649366424.225576000,10.11.219.6
1281,-66,1649366424.227579000,151.101.109.16
1282,-66,1649366424.230667000,151.101.109.16
1283,-2802,1649366424.230670000,151.101.109.16
1284,66,1649366424.230727000,10.11.219.6
1285,-4170,1649366424.232066000,151.101.109.16
1286,-497,1649366424.232067000,151.101.109.16
1287,-1434,1649366424.232067000,151.101.109.16
1288,-5538,1649366424.232068000,151.101.109.16
1289,78,1649366424.232092000,10.11.219.6
1290,66,1649366424.232109000,10.11.219.6
1291,-695,1649366424.232118000,151.101.109.16
1292,-1434,1649366424.232119000,151.101.109.16
1293,66,1649366424.232132000,10.11.219.6
1294,78,1649366424.232145000,10.11.219.6
1295,66,1649366424.232152000,10.11.219.6
1296,-66,1649366424.234677000,151.101.109.16
1297,-2802,1649366424.234678000,151.101.109.16
1298,66,1649366424.234702000,10.11.219.6
1299,-2802,1649366424.234747000,151.101.109.16
1300,-320,1649366424.234747000,151.101.109.16
1301,-1434,1649366424.234748000,151.101.109.16
1302,-66,1649366424.234748000,151.101.109.16
1303,-66,1649366424.234748000,151.101.109.16
1304,-66,1649366424.234749000,151.101.109.16
1305,78,1649366424.234762000,10.11.219.6
1306,66,1649366424.234771000,10.11.219.6
1307,-6350,1649366424.236612000,151.101.109.16
1308,-66,1649366424.236613000,151.101.109.16
1309,-2678,1649366424.236613000,151.101.109.16
1310,66,1649366424.236631000,10.11.219.6
1311,-2802,1649366424.236686000,151.101.109.16
1312,-1162,1649366424.236686000,151.101.109.16
1313,-2802,1649366424.236687000,151.101.109.16
1314,-87,1649366424.236687000,151.101.109.16
1315,-1434,1649366424.236688000,151.101.109.16
1316,-1434,1649366424.236688000,151.101.109.16
1317,66,1649366424.236689000,10.11.219.6
1318,66,1649366424.236697000,10.11.219.6
1319,78,1649366424.236702000,10.11.219.6
1320,78,1649366424.236706000,10.11.219.6
1321,66,1649366424.236713000,10.11.219.6
1322,66,1649366424.236719000,10.11.219.6
1323,-66,1649366424.237971000,151.101.109.16
1324,-897,1649366424.237972000,151.101.109.16
1325,66,1649366424.237994000,10.11.219.6
1326,155,1649366424.245682000,10.11.219.6
1327,-66,1649366424.259482000,151.101.109.16
1328,-1409,1649366424.259483000,151.101.109.16
1329,251,1649366424.263510000,10.11.219.6
1330,-66,1649366424.274415000,151.101.109.16
1331,240,1649366424.274917000,10.11.219.6
1332,-16037,1649366424.276618000,151.101.109.16
1333,-1002,1649366424.276647000,151.101.109.16
1334,66,1649366424.276705000,10.11.219.6
1335,-66,1649366424.286147000,151.101.109.16
1336,-2802,1649366424.287996000,151.101.109.16
1337,66,1649366424.288009000,10.11.219.6
1338,-5538,1649366424.288050000,151.101.109.16
1339,66,1649366424.288054000,10.11.219.6
1340,-2802,1649366424.289121000,151.101.109.16
1341,-484,1649366424.289121000,151.101.109.16
1342,-1434,1649366424.289121000,151.101.109.16
1343,66,1649366424.289132000,10.11.219.6
1344,78,1649366424.289148000,10.11.219.6
1345,66,1649366424.289161000,10.11.219.6
1346,171,1649366424.329500000,10.11.219.6
1347,101,1649366424.329952000,10.11.219.6
1348,-66,1649366424.340777000,151.101.109.16
1349,-66,1649366424.340778000,151.101.109.16
1350,155,1649366424.356748000,10.11.219.6
1351,-2774,1649366424.365391000,52.119.175.30
1352,54,1649366424.365442000,10.11.219.6
1353,-10934,1649366424.365502000,52.119.175.30
1354,54,1649366424.365509000,10.11.219.6
1355,-66,1649366424.370221000,151.101.109.16
1356,-1065,1649366424.370222000,151.101.109.16
1357,154,1649366424.404728000,10.11.219.6
1358,154,1649366424.405689000,10.11.219.6
1359,152,1649366424.405992000,10.11.219.6
1360,178,1649366424.406149000,10.11.219.6
1361,147,1649366424.407060000,10.11.219.6
1362,148,1649366424.407792000,10.11.219.6
1363,149,1649366424.408485000,10.11.219.6
1364,167,1649366424.408631000,10.11.219.6
1365,-66,1649366424.417046000,151.101.109.16
1366,-819,1649366424.417047000,151.101.109.16
1367,-66,1649366424.417048000,151.101.109.16
1368,-773,1649366424.417048000,151.101.109.16
1369,-66,1649366424.417048000,151.101.109.16
1370,204,1649366424.417089000,10.11.219.6
1371,-1066,1649366424.422551000,151.101.109.16
1372,-1434,1649366424.422552000,151.101.109.16
1373,-66,1649366424.422552000,151.101.109.16
1374,78,1649366424.422579000,10.11.219.6
1375,66,1649366424.422606000,10.11.219.6
1376,-2802,1649366424.424606000,151.101.109.16
1377,-697,1649366424.424607000,151.101.109.16
1378,-1434,1649366424.424608000,151.101.109.16
1379,-66,1649366424.424608000,151.101.109.16
1380,-271,1649366424.424608000,151.101.109.16
1381,-4030,1649366424.424610000,151.101.109.16
1382,78,1649366424.424648000,10.11.219.6
1383,66,1649366424.424671000,10.11.219.6
1384,-66,1649366424.424698000,151.101.109.16
1385,-13746,1649366424.424708000,151.101.109.16
1386,66,1649366424.424766000,10.11.219.6
1387,-13746,1649366424.425071000,151.101.109.16
1388,-5538,1649366424.425091000,151.101.109.16
1389,-506,1649366424.425092000,151.101.109.16
1390,-1434,1649366424.425092000,151.101.109.16
1391,-66,1649366424.425095000,151.101.109.16
1392,-66,1649366424.425096000,151.101.109.16
1393,78,1649366424.425105000,10.11.219.6
1394,66,1649366424.425115000,10.11.219.6
1395,-6906,1649366424.425144000,151.101.109.16
1396,66,1649366424.425269000,10.11.219.6
1397,-6906,1649366424.427291000,151.101.109.16
1398,-1434,1649366424.427292000,151.101.109.16
1399,66,1649366424.427317000,10.11.219.6
1400,-12378,1649366424.427830000,151.101.109.16
1401,-13746,1649366424.427860000,151.101.109.16
1402,66,1649366424.427870000,10.11.219.6
1403,-11010,1649366424.430208000,151.101.109.16
1404,-2802,1649366424.430757000,151.101.109.16
1405,-2802,1649366424.430764000,151.101.109.16
1406,66,1649366424.432286000,10.11.219.6
1407,-11010,1649366424.435718000,151.101.109.16
1408,66,1649366424.435735000,10.11.219.6
1409,-13746,1649366424.435766000,151.101.109.16
1410,-586,1649366424.435776000,151.101.109.16
1411,-1434,1649366424.435776000,151.101.109.16
1412,-8274,1649366424.435778000,151.101.109.16
1413,78,1649366424.435793000,10.11.219.6
1414,66,1649366424.435809000,10.11.219.6
1415,66,1649366424.435865000,10.11.219.6
1416,-8274,1649366424.437161000,151.101.109.16
1417,-615,1649366424.437161000,151.101.109.16
1418,66,1649366424.437181000,10.11.219.6
1419,66,1649366424.477421000,10.11.219.6
1420,74,1649366424.502913000,10.11.219.6
1421,-929,1649366424.504043000,18.65.110.227
1422,-27254,1649366424.504046000,52.119.175.30
1423,66,1649366424.504069000,10.11.219.6
1424,54,1649366424.504089000,10.11.219.6
1425,-1434,1649366424.505568000,18.65.110.227
1426,-454,1649366424.505570000,18.65.110.227
1427,-2802,1649366424.505570000,18.65.110.227
1428,66,1649366424.505588000,10.11.219.6
1429,78,1649366424.505614000,10.11.219.6
1430,66,1649366424.505623000,10.11.219.6
1431,-6906,1649366424.514562000,18.65.110.227
1432,66,1649366424.514677000,10.11.219.6
1433,-884,1649366424.514764000,18.65.110.227
1434,-1434,1649366424.514765000,18.65.110.227
1435,78,1649366424.514780000,10.11.219.6
1436,66,1649366424.514793000,10.11.219.6
1437,74,1649366424.515605000,10.11.219.6
1438,74,1649366424.515687000,10.11.219.6
1439,74,1649366424.522349000,10.11.219.6
1440,177,1649366424.524647000,10.11.219.6
1441,-66,1649366424.536400000,151.101.109.16
1442,-5538,1649366424.536401000,151.101.109.16
1443,66,1649366424.536515000,10.11.219.6
1444,-3702,1649366424.536580000,151.101.109.16
1445,66,1649366424.536608000,10.11.219.6
1446,352,1649366424.570654000,10.11.219.6
1447,-66,1649366424.581774000,151.101.109.16
1448,-11010,1649366424.586110000,151.101.109.16
1449,66,1649366424.586132000,10.11.219.6
1450,-2802,1649366424.586602000,151.101.109.16
1451,-953,1649366424.586603000,151.101.109.16
1452,-1434,1649366424.586603000,151.101.109.16
1453,-15114,1649366424.586606000,151.101.109.16
1454,66,1649366424.586617000,10.11.219.6
1455,78,1649366424.586632000,10.11.219.6
1456,66,1649366424.586639000,10.11.219.6
1457,66,1649366424.586645000,10.11.219.6
1458,-87,1649366424.586669000,151.101.109.16
1459,-1434,1649366424.586669000,151.101.109.16
1460,-11010,1649366424.586674000,151.101.109.16
1461,78,1649366424.586679000,10.11.219.6
1462,66,1649366424.586686000,10.11.219.6
1463,66,1649366424.586821000,10.11.219.6
1464,-5538,1649366424.588387000,151.101.109.16
1465,66,1649366424.588397000,10.11.219.6
1466,-15114,1649366424.588849000,151.101.109.16
1467,66,1649366424.588888000,10.11.219.6
1468,-108,1649366424.588889000,151.101.109.16
1469,-1434,1649366424.588889000,151.101.109.16
1470,-11010,1649366424.588892000,151.101.109.16
1471,78,1649366424.588902000,10.11.219.6
1472,66,1649366424.588913000,10.11.219.6
1473,66,1649366424.588924000,10.11.219.6
1474,-2802,1649366424.591313000,151.101.109.16
1475,66,1649366424.591328000,10.11.219.6
1476,-1434,1649366424.591470000,151.101.109.16
1477,-87,1649366424.591471000,151.101.109.16
1478,-1434,1649366424.591471000,151.101.109.16
1479,-12378,1649366424.591472000,151.101.109.16
1480,78,1649366424.591483000,10.11.219.6
1481,66,1649366424.591491000,10.11.219.6
1482,-492,1649366424.591499000,151.101.109.16
1483,-1434,1649366424.591500000,151.101.109.16
1484,66,1649366424.591500000,10.11.219.6
1485,78,1649366424.591509000,10.11.219.6
1486,66,1649366424.591514000,10.11.219.6
1487,-2802,1649366424.605097000,18.65.110.227
1488,66,1649366424.605121000,10.11.219.6
1489,-4170,1649366424.605168000,18.65.110.227
1490,-890,1649366424.605168000,18.65.110.227
1491,-1434,1649366424.605169000,18.65.110.227
1492,66,1649366424.605183000,10.11.219.6
1493,78,1649366424.605193000,10.11.219.6
1494,66,1649366424.605200000,10.11.219.6
1495,-5538,1649366424.611701000,18.65.110.227
1496,66,1649366424.611725000,10.11.219.6
1497,-6906,1649366424.611767000,18.65.110.227
1498,66,1649366424.611774000,10.11.219.6
1499,-2802,1649366424.612537000,18.65.110.227
1500,-154,1649366424.612538000,18.65.110.227
1501,-1434,1649366424.612538000,18.65.110.227
1502,-97,1649366424.612539000,18.65.110.227
1503,66,1649366424.612565000,10.11.219.6
1504,78,1649366424.612595000,10.11.219.6
1505,66,1649366424.612604000,10.11.219.6
1506,66,1649366424.612781000,10.11.219.6
1507,-66,1649366424.627082000,52.119.175.30
1508,54,1649366424.627123000,10.11.219.6
1509,571,1649366424.630462000,10.11.219.6
1510,166,1649366424.632039000,10.11.219.6
1511,74,1649366424.636300000,10.11.219.6
1512,-2774,1649366424.638737000,52.119.175.30
1513,54,1649366424.638767000,10.11.219.6
1514,-5494,1649366424.638824000,52.119.175.30
1515,54,1649366424.638832000,10.11.219.6
1516,-10628,1649366424.640219000,52.119.175.30
1517,54,1649366424.640235000,10.11.219.6
1518,171,1649366424.640266000,10.11.219.6
1519,673,1649366424.640489000,10.11.219.6
1520,-66,1649366424.643134000,151.101.109.16
1521,-66,1649366424.643135000,54.240.250.157
1522,54,1649366424.643173000,10.11.219.6
1523,-2802,1649366424.645847000,151.101.109.16
1524,-11010,1649366424.646311000,151.101.109.16
1525,571,1649366424.647156000,10.11.219.6
1526,-939,1649366424.647836000,151.101.109.16
1527,-1434,1649366424.647837000,151.101.109.16
1528,78,1649366424.647896000,10.11.219.6
1529,66,1649366424.647939000,10.11.219.6
1530,-16503,1649366424.650733000,151.101.109.16
1531,-13746,1649366424.650828000,151.101.109.16
1532,-2802,1649366424.650884000,151.101.109.16
1533,66,1649366424.651069000,10.11.219.6
1534,-6906,1649366424.652070000,151.101.109.16
1535,-628,1649366424.652071000,151.101.109.16
1536,-66,1649366424.652071000,151.101.109.16
1537,-380,1649366424.652072000,151.101.109.16
1538,66,1649366424.652087000,10.11.219.6
1539,78,1649366424.652107000,10.11.219.6
1540,-1434,1649366424.652119000,151.101.109.16
1541,66,1649366424.652124000,10.11.219.6
1542,66,1649366424.652167000,10.11.219.6
1543,-66,1649366424.655246000,54.240.250.157
1544,54,1649366424.655280000,10.11.219.6
1545,-66,1649366424.657376000,52.119.175.30
1546,54,1649366424.657414000,10.11.219.6
1547,571,1649366424.658877000,10.11.219.6
1548,571,1649366424.665822000,10.11.219.6
1549,168,1649366424.677562000,10.11.219.6
1550,-66,1649366424.689438000,151.101.109.16
1551,-1434,1649366424.690704000,151.101.109.16
1552,-302,1649366424.690705000,151.101.109.16
1553,-1434,1649366424.690706000,151.101.109.16
1554,78,1649366424.690733000,10.11.219.6
1555,66,1649366424.690758000,10.11.219.6
1556,74,1649366424.712307000,10.11.219.6
1557,74,1649366424.713600000,10.11.219.6
1558,157,1649366424.732253000,10.11.219.6
1559,-66,1649366424.742961000,151.101.109.16
1560,-5538,1649366424.747069000,151.101.109.16
1561,66,1649366424.747254000,10.11.219.6
1562,-5538,1649366424.749191000,151.101.109.16
1563,66,1649366424.749208000,10.11.219.6
1564,-2802,1649366424.754045000,151.101.109.16
1565,-998,1649366424.754046000,151.101.109.16
1566,-1434,1649366424.754047000,151.101.109.16
1567,-8274,1649366424.754048000,151.101.109.16
1568,66,1649366424.754069000,10.11.219.6
1569,78,1649366424.754095000,10.11.219.6
1570,66,1649366424.754100000,10.11.219.6
1571,66,1649366424.754152000,10.11.219.6
1572,-6906,1649366424.756152000,151.101.109.16
1573,-87,1649366424.756153000,151.101.109.16
1574,-1434,1649366424.756153000,151.101.109.16
1575,-32898,1649366424.756157000,151.101.109.16
1576,66,1649366424.756172000,10.11.219.6
1577,78,1649366424.756190000,10.11.219.6
1578,66,1649366424.756197000,10.11.219.6
1579,-26058,1649366424.756228000,151.101.109.16
1580,66,1649366424.756250000,10.11.219.6
1581,-6906,1649366424.756461000,151.101.109.16
1582,-23322,1649366424.756466000,151.101.109.16
1583,66,1649366424.756473000,10.11.219.6
1584,66,1649366424.756492000,10.11.219.6
1585,-2802,1649366424.758472000,151.101.109.16
1586,66,1649366424.758492000,10.11.219.6
1587,-6906,1649366424.758871000,151.101.109.16
1588,-11010,1649366424.758874000,151.101.109.16
1589,-1011,1649366424.758899000,151.101.109.16
1590,-54,1649366424.758900000,52.119.175.30
1591,-54,1649366424.758900000,52.119.175.30
1592,-5950,1649366424.758901000,52.119.175.30
1593,78,1649366424.758911000,10.11.219.6
1594,54,1649366424.758931000,10.11.219.6
1595,-1434,1649366424.758937000,151.101.109.16
1596,66,1649366424.758941000,10.11.219.6
1597,-66,1649366424.759346000,52.119.171.205
1598,54,1649366424.759363000,10.11.219.6
1599,180,1649366424.765218000,10.11.219.6
1600,571,1649366424.768951000,10.11.219.6
1601,-54,1649366424.771042000,54.240.250.157
1602,-54,1649366424.776376000,54.240.250.157
1603,-2774,1649366424.779076000,54.240.250.157
1604,54,1649366424.779150000,10.11.219.6
1605,-3211,1649366424.779326000,54.240.250.157
1606,54,1649366424.779365000,10.11.219.6
1607,180,1649366424.786704000,10.11.219.6
1608,-54,1649366424.791385000,52.119.175.30
1609,-2774,1649366424.793362000,52.119.175.30
1610,-12217,1649366424.793444000,52.119.175.30
1611,54,1649366424.793466000,10.11.219.6
1612,-7383,1649366424.794879000,52.119.175.30
1613,-1543,1649366424.794881000,52.119.175.30
1614,54,1649366424.794893000,10.11.219.6
1615,54,1649366424.794907000,10.11.219.6
1616,-54,1649366424.794916000,54.240.250.157
1617,-1414,1649366424.794917000,52.119.175.30
1618,-2774,1649366424.796935000,52.119.175.30
1619,54,1649366424.796945000,10.11.219.6
1620,-15012,1649366424.797088000,52.119.175.30
1621,54,1649366424.797093000,10.11.219.6
1622,-5494,1649366424.797117000,52.119.175.30
1623,54,1649366424.797123000,10.11.219.6
1624,-54,1649366424.797768000,54.240.250.157
1625,-5931,1649366424.804078000,54.240.250.157
1626,-54,1649366424.804079000,52.119.175.30
1627,-5950,1649366424.804080000,52.119.175.30
1628,54,1649366424.804102000,10.11.219.6
1629,54,1649366424.804127000,10.11.219.6
1630,180,1649366424.809610000,10.11.219.6
1631,180,1649366424.815065000,10.11.219.6
1632,-66,1649366424.847047000,54.240.250.157
1633,54,1649366424.847086000,10.11.219.6
1634,571,1649366424.850398000,10.11.219.6
1635,-66,1649366424.851769000,54.240.250.157
1636,54,1649366424.851804000,10.11.219.6
1637,571,1649366424.855019000,10.11.219.6
1638,235,1649366424.871895000,10.11.219.6
1639,-66,1649366424.874846000,18.65.110.227
1640,-1434,1649366424.876139000,18.65.110.227
1641,-329,1649366424.876140000,18.65.110.227
1642,-1434,1649366424.876142000,18.65.110.227
1643,66,1649366424.876168000,10.11.219.6
1644,78,1649366424.876195000,10.11.219.6
1645,66,1649366424.876203000,10.11.219.6
1646,-54,1649366424.882414000,52.119.171.205
1647,-105,1649366424.887761000,52.119.175.30
1648,54,1649366424.887807000,10.11.219.6
1649,672,1649366424.888295000,10.11.219.6
1650,-54,1649366424.892010000,52.119.171.205
1651,-2774,1649366424.894468000,52.119.171.205
1652,54,1649366424.894489000,10.11.219.6
1653,-3236,1649366424.894521000,52.119.171.205
1654,54,1649366424.894536000,10.11.219.6
1655,180,1649366424.899606000,10.11.219.6
1656,-105,1649366424.914453000,54.240.250.157
1657,54,1649366424.914488000,10.11.219.6
1658,593,1649366424.915011000,10.11.219.6
1659,-2774,1649366424.922788000,52.119.175.30
1660,54,1649366424.922805000,10.11.219.6
1661,-10934,1649366424.922857000,52.119.175.30
1662,54,1649366424.922864000,10.11.219.6
1663,-7977,1649366424.924480000,52.119.175.30
1664,54,1649366424.924496000,10.11.219.6
1665,211,1649366424.929625000,10.11.219.6
1666,167,1649366424.935089000,10.11.219.6
1667,205,1649366424.935709000,10.11.219.6
1668,-66,1649366424.941789000,151.101.109.16
1669,-2802,1649366424.941792000,151.101.109.16
1670,-4170,1649366424.941827000,151.101.109.16
1671,-203,1649366424.941828000,151.101.109.16
1672,-1434,1649366424.941829000,151.101.109.16
1673,78,1649366424.941844000,10.11.219.6
1674,66,1649366424.941864000,10.11.219.6
1675,-66,1649366424.946661000,151.101.109.16
1676,-66,1649366424.946662000,151.101.109.16
1677,-947,1649366424.948760000,151.101.109.16
1678,-4170,1649366424.948762000,151.101.109.16
1679,66,1649366424.948796000,10.11.219.6
1680,66,1649366424.948824000,10.11.219.6
1681,-8274,1649366424.948852000,151.101.109.16
1682,66,1649366424.948860000,10.11.219.6
1683,-2802,1649366424.950138000,151.101.109.16
1684,-1095,1649366424.950140000,151.101.109.16
1685,-293,1649366424.950141000,151.101.109.16
1686,-105,1649366424.950143000,52.119.175.30
1687,-105,1649366424.950143000,54.240.250.157
1688,-1434,1649366424.950144000,151.101.109.16
1689,66,1649366424.950160000,10.11.219.6
1690,66,1649366424.950183000,10.11.219.6
1691,78,1649366424.950193000,10.11.219.6
1692,54,1649366424.950205000,10.11.219.6
1693,54,1649366424.950213000,10.11.219.6
1694,66,1649366424.950219000,10.11.219.6
1695,152,1649366424.981171000,10.11.219.6
1696,-54,1649366424.981942000,54.240.250.157
1697,-54,1649366424.985166000,54.240.250.157
1698,-2774,1649366424.987749000,54.240.250.157
1699,54,1649366424.987767000,10.11.219.6
1700,167,1649366424.987857000,10.11.219.6
1701,159,1649366424.989840000,10.11.219.6
1702,-3211,1649366424.991751000,54.240.250.157
1703,-54,1649366424.991752000,54.240.250.157
1704,54,1649366424.991769000,10.11.219.6
1705,-66,1649366424.992683000,151.101.109.16
1706,-611,1649366424.992684000,151.101.109.16
1707,66,1649366424.992702000,10.11.219.6
1708,-54,1649366424.993701000,54.240.250.157
1709,-2774,1649366424.996174000,54.240.250.157
1710,54,1649366424.996192000,10.11.219.6
1711,-3211,1649366424.998187000,54.240.250.157
1712,54,1649366424.998206000,10.11.219.6
1713,-66,1649366424.999091000,151.101.109.16
1714,180,1649366424.999420000,10.11.219.6
1715,-66,1649366425.001273000,151.101.109.16
1716,-339,1649366425.001274000,151.101.109.16
1717,66,1649366425.001301000,10.11.219.6
1718,180,1649366425.006506000,10.11.219.6
1719,593,1649366425.020666000,10.11.219.6
1720,-105,1649366425.022644000,52.119.171.205
1721,54,1649366425.022659000,10.11.219.6
1722,524,1649366425.023252000,10.11.219.6
1723,-2774,1649366425.042833000,52.119.175.30
1724,54,1649366425.042856000,10.11.219.6
1725,-10934,1649366425.045575000,52.119.175.30
1726,54,1649366425.045606000,10.11.219.6
1727,-689,1649366425.052120000,54.240.250.157
1728,54,1649366425.052140000,10.11.219.6
1729,755,1649366425.052845000,10.11.219.6
1730,74,1649366425.078232000,10.11.219.6
1731,-105,1649366425.133885000,54.240.250.157
1732,54,1649366425.133914000,10.11.219.6
1733,593,1649366425.134374000,10.11.219.6
1734,177,1649366425.138402000,10.11.219.6
1735,-105,1649366425.144548000,54.240.250.157
1736,54,1649366425.144569000,10.11.219.6
1737,755,1649366425.145059000,10.11.219.6
1738,-66,1649366425.149991000,151.101.109.16
1739,-1987,1649366425.149992000,151.101.109.16
1740,66,1649366425.150019000,10.11.219.6
1741,-689,1649366425.167699000,54.240.250.157
1742,-2774,1649366425.167701000,52.119.175.30
1743,-1434,1649366425.167701000,151.101.109.16
1744,54,1649366425.167740000,10.11.219.6
1745,54,1649366425.167766000,10.11.219.6
1746,66,1649366425.167773000,10.11.219.6
1747,755,1649366425.168468000,10.11.219.6
1748,-5538,1649366425.169128000,151.101.109.16
1749,-870,1649366425.169129000,151.101.109.16
1750,-1434,1649366425.169129000,151.101.109.16
1751,-5494,1649366425.169131000,52.119.175.30
1752,66,1649366425.169159000,10.11.219.6
1753,78,1649366425.169177000,10.11.219.6
1754,66,1649366425.169184000,10.11.219.6
1755,54,1649366425.169189000,10.11.219.6
1756,-2774,1649366425.170591000,52.119.175.30
1757,54,1649366425.170608000,10.11.219.6
1758,-503,1649366425.173639000,52.119.171.205
1759,-2774,1649366425.173650000,52.119.175.30
1760,54,1649366425.173680000,10.11.219.6
1761,54,1649366425.173702000,10.11.219.6
1762,-696,1649366425.189711000,54.240.250.157
1763,-66,1649366425.205715000,54.240.250.157
1764,54,1649366425.205750000,10.11.219.6
1765,571,1649366425.208105000,10.11.219.6
1766,74,1649366425.230856000,10.11.219.6
1767,54,1649366425.237432000,10.11.219.6
1768,-689,1649366425.275830000,54.240.250.157
1769,54,1649366425.275871000,10.11.219.6
1770,755,1649366425.277059000,10.11.219.6
1771,-696,1649366425.289605000,54.240.250.157
1772,54,1649366425.289645000,10.11.219.6
1773,-2774,1649366425.292117000,52.119.175.30
1774,54,1649366425.292155000,10.11.219.6
1775,-8214,1649366425.294257000,52.119.175.30
1776,54,1649366425.294302000,10.11.219.6
1777,-4134,1649366425.296140000,52.119.175.30
1778,54,1649366425.296150000,10.11.219.6
1779,-696,1649366425.314867000,54.240.250.157
1780,54,1649366425.314910000,10.11.219.6
1781,-54,1649366425.332951000,54.240.250.157
1782,-54,1649366425.334994000,54.240.250.157
1783,-2774,1649366425.337556000,54.240.250.157
1784,54,1649366425.337575000,10.11.219.6
1785,-3211,1649366425.338450000,54.240.250.157
1786,54,1649366425.338496000,10.11.219.6
1787,180,1649366425.349077000,10.11.219.6
1788,-66,1649366425.364822000,52.119.166.51
1789,54,1649366425.364844000,10.11.219.6
1790,571,1649366425.366499000,10.11.219.6
1791,-696,1649366425.413314000,54.240.250.157
1792,54,1649366425.413335000,10.11.219.6
1793,-2774,1649366425.414921000,52.119.175.30
1794,54,1649366425.414934000,10.11.219.6
1795,-2774,1649366425.417119000,52.119.175.30
1796,54,1649366425.417134000,10.11.219.6
1797,-5494,1649366425.417154000,52.119.175.30
1798,54,1649366425.417158000,10.11.219.6
1799,-4134,1649366425.419077000,52.119.175.30
1800,54,1649366425.419089000,10.11.219.6
1801,74,1649366425.429577000,10.11.219.6
1802,74,1649366425.429654000,10.11.219.6
1803,-105,1649366425.477989000,54.240.250.157
1804,54,1649366425.478017000,10.11.219.6
1805,-54,1649366425.499150000,52.119.166.51
1806,-54,1649366425.500277000,52.119.166.51
1807,-2774,1649366425.504840000,52.119.166.51
1808,54,1649366425.504866000,10.11.219.6
1809,-3294,1649366425.505708000,52.119.166.51
1810,54,1649366425.505739000,10.11.219.6
1811,180,1649366425.514744000,10.11.219.6
1812,-10934,1649366425.541449000,52.119.175.30
1813,54,1649366425.541488000,10.11.219.6
1814,-5494,1649366425.542400000,52.119.175.30
1815,54,1649366425.542407000,10.11.219.6
1816,-66,1649366425.564510000,52.94.176.11
1817,54,1649366425.564527000,10.11.219.6
1818,571,1649366425.566245000,10.11.219.6
1819,-66,1649366425.567789000,52.94.176.11
1820,54,1649366425.567796000,10.11.219.6
1821,571,1649366425.569388000,10.11.219.6
1822,-105,1649366425.648481000,52.119.166.51
1823,54,1649366425.648496000,10.11.219.6
1824,617,1649366425.648705000,10.11.219.6
1825,-9048,1649366425.666770000,52.119.175.30
1826,54,1649366425.666806000,10.11.219.6
1827,755,1649366425.694945000,10.11.219.6
1828,-54,1649366425.698371000,52.94.176.11
1829,-54,1649366425.702143000,52.94.176.11
1830,-2774,1649366425.702144000,52.94.176.11
1831,54,1649366425.702157000,10.11.219.6
1832,-3359,1649366425.703024000,52.94.176.11
1833,54,1649366425.703031000,10.11.219.6
1834,-54,1649366425.705990000,52.94.176.11
1835,180,1649366425.706003000,10.11.219.6
1836,-54,1649366425.708121000,52.94.176.11
1837,-6079,1649366425.711134000,52.94.176.11
1838,54,1649366425.711155000,10.11.219.6
1839,180,1649366425.714481000,10.11.219.6
1840,74,1649366425.715115000,10.11.219.6
1841,678,1649366425.763475000,10.11.219.6
1842,1288,1649366425.778878000,10.11.219.6
1843,1434,1649366425.779863000,10.11.219.6
1844,283,1649366425.779875000,10.11.219.6
1845,1434,1649366425.780778000,10.11.219.6
1846,201,1649366425.780794000,10.11.219.6
1847,-66,1649366425.781428000,18.65.110.227
1848,-439,1649366425.788956000,52.119.166.51
1849,54,1649366425.788978000,10.11.219.6
1850,74,1649366425.789711000,10.11.219.6
1851,149,1649366425.821783000,10.11.219.6
1852,74,1649366425.828045000,10.11.219.6
1853,-74,1649366425.831845000,18.65.156.177
1854,66,1649366425.831973000,10.11.219.6
1855,-66,1649366425.833023000,151.101.109.16
1856,-2802,1649366425.835721000,151.101.109.16
1857,-344,1649366425.835722000,151.101.109.16
1858,-1434,1649366425.835723000,151.101.109.16
1859,78,1649366425.835746000,10.11.219.6
1860,66,1649366425.835769000,10.11.219.6
1861,-696,1649366425.837535000,54.240.250.157
1862,54,1649366425.837561000,10.11.219.6
1863,583,1649366425.838664000,10.11.219.6
1864,-105,1649366425.839837000,52.94.176.11
1865,54,1649366425.839859000,10.11.219.6
1866,538,1649366425.840857000,10.11.219.6
1867,639,1649366425.841225000,10.11.219.6
1868,-66,1649366425.844536000,18.65.156.177
1869,-5538,1649366425.844538000,18.65.156.177
1870,-568,1649366425.844539000,18.65.156.177
1871,66,1649366425.844571000,10.11.219.6
1872,66,1649366425.844603000,10.11.219.6
1873,454,1649366425.845390000,10.11.219.6
1874,-105,1649366425.852634000,52.94.176.11
1875,54,1649366425.852656000,10.11.219.6
1876,-66,1649366425.854972000,52.94.176.11
1877,54,1649366425.855005000,10.11.219.6
1878,672,1649366425.857265000,10.11.219.6
1879,130,1649366425.857568000,10.11.219.6
1880,600,1649366425.857890000,10.11.219.6
1881,-66,1649366425.860645000,18.65.156.177
1882,-128,1649366425.860646000,18.65.156.177
1883,66,1649366425.860679000,10.11.219.6
1884,571,1649366425.866651000,10.11.219.6
1885,236,1649366425.868048000,10.11.219.6
1886,385,1649366425.868087000,10.11.219.6
1887,97,1649366425.868583000,10.11.219.6
1888,566,1649366425.869004000,10.11.219.6
1889,739,1649366425.869772000,10.11.219.6
1890,-66,1649366425.873008000,18.65.156.177
1891,-66,1649366425.873009000,18.65.156.177
1892,-97,1649366425.873009000,18.65.156.177
1893,-66,1649366425.873009000,18.65.156.177
1894,-8274,1649366425.873011000,18.65.156.177
1895,66,1649366425.873035000,10.11.219.6
1896,66,1649366425.873061000,10.11.219.6
1897,-174,1649366425.873074000,18.65.156.177
1898,-1434,1649366425.873075000,18.65.156.177
1899,78,1649366425.873079000,10.11.219.6
1900,66,1649366425.873085000,10.11.219.6
1901,-668,1649366425.888411000,18.65.110.227
1902,-97,1649366425.888413000,18.65.110.227
1903,66,1649366425.888440000,10.11.219.6
1904,66,1649366425.888459000,10.11.219.6
1905,-1330,1649366425.899072000,18.65.110.227
1906,-1434,1649366425.899073000,18.65.110.227
1907,-97,1649366425.899074000,18.65.110.227
1908,78,1649366425.899098000,10.11.219.6
1909,66,1649366425.899126000,10.11.219.6
1910,66,1649366425.899138000,10.11.219.6
1911,611,1649366425.903181000,10.11.219.6
1912,830,1649366425.903401000,10.11.219.6
1913,74,1649366425.903602000,10.11.219.6
1914,74,1649366425.903664000,10.11.219.6
1915,74,1649366425.903706000,10.11.219.6
1916,441,1649366425.904540000,10.11.219.6
1917,675,1649366425.908568000,10.11.219.6
1918,457,1649366425.913664000,10.11.219.6
1919,-66,1649366425.913921000,52.94.176.11
1920,54,1649366425.914000000,10.11.219.6
1921,571,1649366425.917753000,10.11.219.6
1922,724,1649366425.918356000,10.11.219.6
1923,-66,1649366425.919122000,52.24.224.99
1924,-66,1649366425.919123000,52.24.224.99
1925,456,1649366425.919142000,10.11.219.6
1926,671,1649366425.921298000,10.11.219.6
1927,-66,1649366425.921511000,18.65.110.227
1928,-235,1649366425.921512000,52.24.224.99
1929,-104,1649366425.921512000,52.24.224.99
1930,66,1649366425.921531000,10.11.219.6
1931,66,1649366425.921544000,10.11.219.6
1932,541,1649366425.921615000,10.11.219.6
1933,457,1649366425.922115000,10.11.219.6
1934,158,1649366425.928030000,10.11.219.6
1935,157,1649366425.928349000,10.11.219.6
1936,158,1649366425.928381000,10.11.219.6
1937,249,1649366425.928656000,10.11.219.6
1938,332,1649366425.929007000,10.11.219.6
1939,-235,1649366425.938005000,52.24.224.99
1940,-104,1649366425.938006000,52.24.224.99
1941,66,1649366425.938029000,10.11.219.6
1942,66,1649366425.938049000,10.11.219.6
1943,-66,1649366425.938661000,151.101.109.16
1944,-66,1649366425.940568000,151.101.109.16
1945,-2802,1649366425.940571000,151.101.109.16
1946,66,1649366425.940601000,10.11.219.6
1947,-11010,1649366425.942297000,151.101.109.16
1948,66,1649366425.942320000,10.11.219.6
1949,-1005,1649366425.942381000,151.101.109.16
1950,-1434,1649366425.942383000,151.101.109.16
1951,-66,1649366425.942383000,151.101.109.16
1952,-808,1649366425.942384000,151.101.109.16
1953,-13746,1649366425.942391000,151.101.109.16
1954,78,1649366425.942403000,10.11.219.6
1955,66,1649366425.942414000,10.11.219.6
1956,66,1649366425.942423000,10.11.219.6
1957,66,1649366425.942433000,10.11.219.6
1958,-994,1649366425.942435000,151.101.109.16
1959,-1434,1649366425.942436000,151.101.109.16
1960,-1434,1649366425.942437000,151.101.109.16
1961,78,1649366425.942446000,10.11.219.6
1962,66,1649366425.942453000,10.11.219.6
1963,-4170,1649366425.942456000,151.101.109.16
1964,66,1649366425.942460000,10.11.219.6
1965,66,1649366425.942465000,10.11.219.6
1966,-6819,1649366425.948579000,151.101.109.16
1967,-23322,1649366425.948592000,151.101.109.16
1968,66,1649366425.948621000,10.11.219.6
1969,66,1649366425.948664000,10.11.219.6
1970,-66,1649366425.948717000,151.101.109.16
1971,-17850,1649366425.948724000,151.101.109.16
1972,66,1649366425.948738000,10.11.219.6
1973,-5538,1649366425.951369000,151.101.109.16
1974,-5538,1649366425.951371000,151.101.109.16
1975,66,1649366425.951392000,10.11.219.6
1976,66,1649366425.951413000,10.11.219.6
1977,-2802,1649366425.953090000,151.101.109.16
1978,66,1649366425.953102000,10.11.219.6
1979,-15114,1649366425.953619000,151.101.109.16
1980,66,1649366425.953629000,10.11.219.6
1981,-13746,1649366425.953675000,151.101.109.16
1982,66,1649366425.953681000,10.11.219.6
1983,-2802,1649366425.955655000,151.101.109.16
1984,66,1649366425.955665000,10.11.219.6
1985,-6906,1649366425.956009000,151.101.109.16
1986,-20586,1649366425.956012000,151.101.109.16
1987,66,1649366425.956021000,10.11.219.6
1988,66,1649366425.956029000,10.11.219.6
1989,-2802,1649366425.960256000,151.101.109.16
1990,-17850,1649366425.960262000,151.101.109.16
1991,66,1649366425.960279000,10.11.219.6
1992,66,1649366425.960301000,10.11.219.6
1993,-9642,1649366425.960312000,151.101.109.16
1994,66,1649366425.960315000,10.11.219.6
1995,-13746,1649366425.960597000,151.101.109.16
1996,66,1649366425.960603000,10.11.219.6
1997,-13746,1649366425.960640000,151.101.109.16
1998,66,1649366425.960644000,10.11.219.6
1999,-2802,1649366425.962619000,151.101.109.16
2000,66,1649366425.962629000,10.11.219.6
2001,-6906,1649366425.962984000,151.101.109.16
2002,-17850,1649366425.962986000,151.101.109.16
2003,-2802,1649366425.963005000,151.101.109.16
2004,66,1649366425.963023000,10.11.219.6
2005,-2802,1649366425.964939000,151.101.109.16
2006,66,1649366425.964946000,10.11.219.6
2007,-17850,1649366425.965484000,151.101.109.16
2008,66,1649366425.965517000,10.11.219.6
2009,-11010,1649366425.965520000,151.101.109.16
2010,66,1649366425.965572000,10.11.219.6
2011,-2802,1649366425.967760000,151.101.109.16
2012,66,1649366425.967767000,10.11.219.6
2013,-9642,1649366425.968119000,151.101.109.16
2014,-5538,1649366425.968120000,151.101.109.16
2015,-12378,1649366425.968157000,151.101.109.16
2016,66,1649366425.968200000,10.11.219.6
2017,-2802,1649366425.970122000,151.101.109.16
2018,66,1649366425.970132000,10.11.219.6
2019,-15114,1649366425.970587000,151.101.109.16
2020,-12378,1649366425.970613000,151.101.109.16
2021,-259,1649366425.970620000,151.101.109.16
2022,-1434,1649366425.970621000,151.101.109.16
2023,66,1649366425.970625000,10.11.219.6
2024,78,1649366425.970635000,10.11.219.6
2025,66,1649366425.970641000,10.11.219.6
2026,-66,1649366425.972284000,18.65.110.227
2027,-235,1649366425.981988000,52.24.224.99
2028,-104,1649366425.981989000,52.24.224.99
2029,66,1649366425.982019000,10.11.219.6
2030,66,1649366425.982044000,10.11.219.6
2031,-776,1649366425.985217000,52.94.176.11
2032,54,1649366425.985241000,10.11.219.6
2033,-235,1649366425.986257000,52.24.224.99
2034,-104,1649366425.986258000,52.24.224.99
2035,66,1649366425.986276000,10.11.219.6
2036,66,1649366425.986290000,10.11.219.6
2037,1337,1649366425.986540000,10.11.219.6
2038,-533,1649366425.993802000,52.119.175.30
2039,54,1649366425.993835000,10.11.219.6
2040,664,1649366425.994306000,10.11.219.6
2041,-54,1649366425.994883000,52.94.176.11
2042,-2700,1649366426.000409000,18.65.110.227
2043,-97,1649366426.000410000,18.65.110.227
2044,66,1649366426.000426000,10.11.219.6
2045,66,1649366426.000447000,10.11.219.6
2046,-540,1649366426.003461000,52.119.175.30
2047,600,1649366426.003736000,10.11.219.6
2048,-54,1649366426.007709000,52.94.176.11
2049,-6079,1649366426.009244000,52.94.176.11
2050,54,1649366426.009262000,10.11.219.6
2051,-540,1649366426.009945000,52.119.175.30
2052,54,1649366426.009964000,10.11.219.6
2053,180,1649366426.014696000,10.11.219.6
2054,567,1649366426.015259000,10.11.219.6
2055,-66,1649366426.032398000,52.119.175.30
2056,54,1649366426.032437000,10.11.219.6
2057,571,1649366426.034211000,10.11.219.6
2058,-54,1649366426.037695000,52.94.176.11
2059,-66,1649366426.042359000,52.24.224.99
2060,-54,1649366426.042360000,52.94.176.11
2061,-2704,1649366426.042361000,18.65.110.227
2062,-97,1649366426.042362000,18.65.110.227
2063,-66,1649366426.042362000,52.119.175.30
2064,-66,1649366426.042362000,52.119.175.30
2065,66,1649366426.042393000,10.11.219.6
2066,66,1649366426.042413000,10.11.219.6
2067,54,1649366426.042425000,10.11.219.6
2068,54,1649366426.042431000,10.11.219.6
2069,-2774,1649366426.044545000,52.94.176.11
2070,54,1649366426.044562000,10.11.219.6
2071,-3359,1649366426.044597000,52.94.176.11
2072,-235,1649366426.044597000,52.24.224.99
2073,-104,1649366426.044598000,52.24.224.99
2074,54,1649366426.044608000,10.11.219.6
2075,66,1649366426.044620000,10.11.219.6
2076,66,1649366426.044627000,10.11.219.6
2077,571,1649366426.044700000,10.11.219.6
2078,571,1649366426.046566000,10.11.219.6
2079,180,1649366426.050446000,10.11.219.6
2080,-2748,1649366426.050718000,18.65.110.227
2081,-107,1649366426.050719000,18.65.110.227
2082,-97,1649366426.050719000,18.65.110.227
2083,66,1649366426.050739000,10.11.219.6
2084,66,1649366426.050755000,10.11.219.6
2085,66,1649366426.050759000,10.11.219.6
2086,-66,1649366426.058099000,52.24.224.99
2087,-893,1649366426.060551000,52.24.224.99
2088,-234,1649366426.060555000,52.24.224.99
2089,-104,1649366426.060557000,52.24.224.99
2090,-66,1649366426.060559000,52.24.224.99
2091,66,1649366426.060636000,10.11.219.6
2092,66,1649366426.060758000,10.11.219.6
2093,66,1649366426.060795000,10.11.219.6
2094,-234,1649366426.062385000,52.24.224.99
2095,66,1649366426.062402000,10.11.219.6
2096,-2696,1649366426.067938000,18.65.110.227
2097,66,1649366426.067960000,10.11.219.6
2098,-107,1649366426.069932000,18.65.110.227
2099,-97,1649366426.069933000,18.65.110.227
2100,66,1649366426.069953000,10.11.219.6
2101,66,1649366426.070010000,10.11.219.6
2102,551,1649366426.074961000,10.11.219.6
2103,609,1649366426.075507000,10.11.219.6
2104,-311,1649366426.076319000,52.24.224.99
2105,-66,1649366426.077419000,18.65.110.227
2106,66,1649366426.121421000,10.11.219.6
2107,-682,1649366426.132221000,52.94.176.11
2108,-533,1649366426.149056000,52.119.175.30
2109,795,1649366426.149367000,10.11.219.6
2110,-2774,1649366426.156283000,52.119.175.30
2111,54,1649366426.156304000,10.11.219.6
2112,-12217,1649366426.156375000,52.119.175.30
2113,54,1649366426.156382000,10.11.219.6
2114,-105,1649366426.156391000,52.94.176.11
2115,54,1649366426.156408000,10.11.219.6
2116,1330,1649366426.156843000,10.11.219.6
2117,-1543,1649366426.160337000,52.119.175.30
2118,-54,1649366426.160344000,52.119.175.30
2119,54,1649366426.160418000,10.11.219.6
2120,-54,1649366426.161204000,52.119.175.30
2121,-5950,1649366426.165014000,52.119.175.30
2122,54,1649366426.165033000,10.11.219.6
2123,-540,1649366426.165765000,52.119.175.30
2124,54,1649366426.165783000,10.11.219.6
2125,180,1649366426.168891000,10.11.219.6
2126,567,1649366426.169384000,10.11.219.6
2127,54,1649366426.173422000,10.11.219.6
2128,-105,1649366426.174280000,52.94.176.11
2129,54,1649366426.174292000,10.11.219.6
2130,1414,1649366426.174561000,10.11.219.6
2131,1414,1649366426.174570000,10.11.219.6
2132,370,1649366426.175011000,10.11.219.6
2133,-54,1649366426.181824000,52.119.175.30
2134,-668,1649366426.181825000,18.65.110.227
2135,-97,1649366426.181825000,18.65.110.227
2136,66,1649366426.182038000,10.11.219.6
2137,-54,1649366426.182849000,52.119.175.30
2138,-54,1649366426.183913000,52.119.175.30
2139,-2774,1649366426.186362000,52.119.175.30
2140,54,1649366426.186377000,10.11.219.6
2141,-3230,1649366426.186405000,52.119.175.30
2142,54,1649366426.186414000,10.11.219.6
2143,-54,1649366426.188296000,52.119.175.30
2144,-1414,1649366426.189369000,52.119.175.30
2145,54,1649366426.189376000,10.11.219.6
2146,180,1649366426.190204000,10.11.219.6
2147,-4590,1649366426.191633000,52.119.175.30
2148,54,1649366426.191652000,10.11.219.6
2149,180,1649366426.196594000,10.11.219.6
2150,-235,1649366426.217902000,52.24.224.99
2151,-104,1649366426.217903000,52.24.224.99
2152,66,1649366426.218121000,10.11.219.6
2153,-13654,1649366426.281134000,52.119.175.30
2154,54,1649366426.281147000,10.11.219.6
2155,-4134,1649366426.282942000,52.119.175.30
2156,54,1649366426.282948000,10.11.219.6
2157,-105,1649366426.296704000,52.119.175.30
2158,54,1649366426.296722000,10.11.219.6
2159,600,1649366426.297056000,10.11.219.6
2160,-54,1649366426.298138000,52.94.176.11
2161,74,1649366426.303032000,10.11.219.6
2162,-659,1649366426.306975000,52.94.176.11
2163,-105,1649366426.306975000,52.94.176.11
2164,54,1649366426.306987000,10.11.219.6
2165,54,1649366426.307002000,10.11.219.6
2166,-681,1649366426.310467000,52.94.176.11
2167,54,1649366426.310486000,10.11.219.6
2168,-540,1649366426.312901000,52.119.175.30
2169,600,1649366426.313327000,10.11.219.6
2170,-54,1649366426.324873000,52.119.175.30
2171,-105,1649366426.329203000,52.119.175.30
2172,54,1649366426.329243000,10.11.219.6
2173,567,1649366426.329938000,10.11.219.6
2174,-105,1649366426.336604000,52.119.175.30
2175,54,1649366426.336620000,10.11.219.6
2176,600,1649366426.336851000,10.11.219.6
2177,-1098,1649366426.348699000,52.119.175.30
2178,567,1649366426.349192000,10.11.219.6
2179,-2774,1649366426.404379000,52.119.175.30
2180,54,1649366426.404438000,10.11.219.6
2181,-2774,1649366426.405275000,52.119.175.30
2182,54,1649366426.405293000,10.11.219.6
2183,-13654,1649366426.406207000,52.119.175.30
2184,54,1649366426.406244000,10.11.219.6
2185,-533,1649366426.436398000,52.119.175.30
2186,54,1649366426.436430000,10.11.219.6
2187,842,1649366426.436781000,10.11.219.6
2188,-533,1649366426.461985000,52.119.175.30
2189,-540,1649366426.477004000,52.119.175.30
2190,-66,1649366426.477005000,52.94.234.174
2191,-54,1649366426.477005000,52.119.175.30
2192,54,1649366426.477045000,10.11.219.6
2193,54,1649366426.477077000,10.11.219.6
2194,571,1649366426.481223000,10.11.219.6
2195,-540,1649366426.484470000,52.119.175.30
2196,-533,1649366426.493163000,52.119.175.30
2197,54,1649366426.493191000,10.11.219.6
2198,54,1649366426.505470000,10.11.219.6
2199,54,1649366426.525454000,10.11.219.6
2200,-2774,1649366426.527421000,52.119.175.30
2201,54,1649366426.527448000,10.11.219.6
2202,-17734,1649366426.530390000,52.119.175.30
2203,54,1649366426.530434000,10.11.219.6
2204,-54,1649366426.622377000,52.119.175.30
2205,-1414,1649366426.649345000,52.119.175.30
2206,-54,1649366426.651522000,52.94.234.174
2207,-1414,1649366426.651523000,52.119.175.30
2208,54,1649366426.651544000,10.11.219.6
2209,-6580,1649366426.652746000,52.119.175.30
2210,54,1649366426.652757000,10.11.219.6
2211,-54,1649366426.654731000,52.94.234.174
2212,-150,1649366426.654733000,52.94.234.174
2213,54,1649366426.654762000,10.11.219.6
2214,-2774,1649366426.656071000,52.94.234.174
2215,54,1649366426.656084000,10.11.219.6
2216,-2302,1649366426.656976000,52.94.234.174
2217,-392,1649366426.656977000,52.94.234.174
2218,-63,1649366426.656978000,52.94.234.174
2219,54,1649366426.656992000,10.11.219.6
2220,54,1649366426.657023000,10.11.219.6
2221,54,1649366426.657033000,10.11.219.6
2222,-1950,1649366426.664501000,52.119.175.30
2223,204,1649366426.665349000,10.11.219.6
2224,54,1649366426.665674000,10.11.219.6
2225,-63,1649366426.681530000,52.94.234.174
2226,66,1649366426.681591000,10.11.219.6
2227,755,1649366426.705913000,10.11.219.6
2228,74,1649366426.712954000,10.11.219.6
2229,543,1649366426.792769000,10.11.219.6
2230,458,1649366426.793912000,10.11.219.6
2231,659,1649366426.800047000,10.11.219.6
2232,-66,1649366426.803528000,18.65.110.227
2233,653,1649366426.805895000,10.11.219.6
2234,620,1649366426.806170000,10.11.219.6
2235,912,1649366426.807728000,10.11.219.6
2236,792,1649366426.832326000,10.11.219.6
2237,796,1649366426.833028000,10.11.219.6
2238,-54,1649366426.839953000,52.94.234.174
2239,-60,1649366426.839954000,52.94.234.174
2240,-123,1649366426.839954000,52.94.234.174
2241,54,1649366426.839972000,10.11.219.6
2242,54,1649366426.839996000,10.11.219.6
2243,507,1649366426.840312000,10.11.219.6
2244,-696,1649366426.850710000,54.240.250.157
2245,54,1649366426.850762000,10.11.219.6
2246,-66,1649366426.892352000,209.54.176.128
2247,54,1649366426.892404000,10.11.219.6
2248,571,1649366426.898580000,10.11.219.6
2249,808,1649366426.899036000,10.11.219.6
2250,-756,1649366426.924706000,18.65.110.227
2251,-1434,1649366426.924707000,18.65.110.227
2252,-97,1649366426.924707000,18.65.110.227
2253,78,1649366426.924724000,10.11.219.6
2254,66,1649366426.924748000,10.11.219.6
2255,-66,1649366426.931962000,52.24.224.99
2256,-235,1649366426.933043000,52.24.224.99
2257,-104,1649366426.933044000,52.24.224.99
2258,66,1649366426.933058000,10.11.219.6
2259,66,1649366426.933081000,10.11.219.6
2260,-235,1649366426.935199000,52.24.224.99
2261,-104,1649366426.935201000,52.24.224.99
2262,66,1649366426.935223000,10.11.219.6
2263,66,1649366426.935246000,10.11.219.6
2264,-533,1649366426.940544000,52.119.175.30
2265,160,1649366426.943595000,10.11.219.6
2266,-540,1649366426.943750000,52.119.175.30
2267,54,1649366426.943772000,10.11.219.6
2268,228,1649366426.948706000,10.11.219.6
2269,1355,1649366426.948740000,10.11.219.6
2270,1434,1649366426.948836000,10.11.219.6
2271,1434,1649366426.948850000,10.11.219.6
2272,1434,1649366426.949097000,10.11.219.6
2273,1434,1649366426.949104000,10.11.219.6
2274,1434,1649366426.949714000,10.11.219.6
2275,1434,1649366426.949720000,10.11.219.6
2276,1434,1649366426.949724000,10.11.219.6
2277,1434,1649366426.949726000,10.11.219.6
2278,-696,1649366426.953441000,54.240.250.157
2279,54,1649366426.953466000,10.11.219.6
2280,-66,1649366426.955838000,151.101.109.16
2281,-431,1649366426.957120000,151.101.109.16
2282,-1434,1649366426.957121000,151.101.109.16
2283,78,1649366426.957131000,10.11.219.6
2284,66,1649366426.957149000,10.11.219.6
2285,-54,1649366426.959182000,52.119.175.30
2286,-540,1649366426.966761000,52.119.175.30
2287,66,1649366426.969422000,10.11.219.6
2288,-540,1649366426.975585000,52.119.175.30
2289,54,1649366426.975614000,10.11.219.6
2290,54,1649366426.981423000,10.11.219.6
2291,54,1649366427.013438000,10.11.219.6
2292,-283,1649366427.013881000,52.94.234.174
2293,54,1649366427.013936000,10.11.219.6
2294,-696,1649366427.035283000,54.240.250.157
2295,54,1649366427.035309000,10.11.219.6
2296,74,1649366427.040420000,10.11.219.6
2297,-54,1649366427.072669000,209.54.176.128
2298,-54,1649366427.080946000,209.54.176.128
2299,-6001,1649366427.081987000,209.54.176.128
2300,54,1649366427.082003000,10.11.219.6
2301,180,1649366427.086150000,10.11.219.6
2302,-66,1649366427.088125000,52.24.224.99
2303,-108,1649366427.088126000,52.24.224.99
2304,-108,1649366427.088126000,52.24.224.99
2305,-66,1649366427.088127000,52.24.224.99
2306,-66,1649366427.088127000,52.24.224.99
2307,-66,1649366427.088127000,52.24.224.99
2308,-66,1649366427.088127000,52.24.224.99
2309,1434,1649366427.088146000,10.11.219.6
2310,1434,1649366427.088153000,10.11.219.6
2311,1434,1649366427.088157000,10.11.219.6
2312,1434,1649366427.088159000,10.11.219.6
2313,66,1649366427.088227000,10.11.219.6
2314,1434,1649366427.088783000,10.11.219.6
2315,1434,1649366427.088787000,10.11.219.6
2316,1434,1649366427.088791000,10.11.219.6
2317,1434,1649366427.088792000,10.11.219.6
2318,1434,1649366427.089362000,10.11.219.6
2319,1434,1649366427.089365000,10.11.219.6
2320,1434,1649366427.089368000,10.11.219.6
2321,1434,1649366427.089370000,10.11.219.6
2322,1434,1649366427.089935000,10.11.219.6
2323,1434,1649366427.089940000,10.11.219.6
2324,1434,1649366427.089946000,10.11.219.6
2325,1434,1649366427.089949000,10.11.219.6
2326,1434,1649366427.090578000,10.11.219.6
2327,1434,1649366427.090586000,10.11.219.6
2328,1434,1649366427.090599000,10.11.219.6
2329,1434,1649366427.090603000,10.11.219.6
2330,-66,1649366427.227264000,52.24.224.99
2331,-66,1649366427.227265000,52.24.224.99
2332,-108,1649366427.227265000,52.24.224.99
2333,-74,1649366427.227266000,18.218.135.105
2334,-66,1649366427.227266000,52.24.224.99
2335,-66,1649366427.227266000,52.24.224.99
2336,1434,1649366427.227291000,10.11.219.6
2337,1434,1649366427.227306000,10.11.219.6
2338,1434,1649366427.227316000,10.11.219.6
2339,1434,1649366427.227319000,10.11.219.6
2340,66,1649366427.227335000,10.11.219.6
2341,66,1649366427.227344000,10.11.219.6
2342,1434,1649366427.228008000,10.11.219.6
2343,1434,1649366427.228014000,10.11.219.6
2344,1434,1649366427.228021000,10.11.219.6
2345,1434,1649366427.228023000,10.11.219.6
2346,1434,1649366427.228025000,10.11.219.6
2347,1434,1649366427.228905000,10.11.219.6
2348,1434,1649366427.228909000,10.11.219.6
2349,1434,1649366427.228911000,10.11.219.6
2350,1434,1649366427.228918000,10.11.219.6
2351,1434,1649366427.228920000,10.11.219.6
2352,1434,1649366427.228922000,10.11.219.6
2353,583,1649366427.229047000,10.11.219.6
2354,-66,1649366427.229852000,52.24.224.99
2355,-66,1649366427.229853000,52.24.224.99
2356,-66,1649366427.229853000,52.24.224.99
2357,-66,1649366427.229854000,52.24.224.99
2358,-108,1649366427.229854000,52.24.224.99
2359,-108,1649366427.229854000,52.24.224.99
2360,-66,1649366427.229855000,52.24.224.99
2361,-66,1649366427.229855000,52.24.224.99
2362,1434,1649366427.229872000,10.11.219.6
2363,1434,1649366427.229877000,10.11.219.6
2364,1434,1649366427.229880000,10.11.219.6
2365,1434,1649366427.229890000,10.11.219.6
2366,1434,1649366427.229893000,10.11.219.6
2367,1434,1649366427.229895000,10.11.219.6
2368,66,1649366427.229937000,10.11.219.6
2369,1434,1649366427.230589000,10.11.219.6
2370,1434,1649366427.230594000,10.11.219.6
2371,1434,1649366427.230596000,10.11.219.6
2372,1434,1649366427.230603000,10.11.219.6
2373,1434,1649366427.230606000,10.11.219.6
2374,1434,1649366427.230608000,10.11.219.6
2375,1434,1649366427.230609000,10.11.219.6
2376,1434,1649366427.231434000,10.11.219.6
2377,1434,1649366427.231438000,10.11.219.6
2378,1434,1649366427.231441000,10.11.219.6
2379,1434,1649366427.231442000,10.11.219.6
2380,1434,1649366427.231973000,10.11.219.6
2381,491,1649366427.231977000,10.11.219.6
2382,-105,1649366427.266198000,209.54.176.128
2383,54,1649366427.266215000,10.11.219.6
2384,1391,1649366427.266423000,10.11.219.6
2385,187,1649366427.292446000,10.11.219.6
2386,1007,1649366427.299809000,10.11.219.6
2387,1226,1649366427.300878000,10.11.219.6
2388,191,1649366427.302246000,10.11.219.6
2389,1295,1649366427.303074000,10.11.219.6
2390,-66,1649366427.304048000,151.101.109.16
2391,-6906,1649366427.304049000,151.101.109.16
2392,66,1649366427.304089000,10.11.219.6
2393,-2802,1649366427.308203000,151.101.109.16
2394,66,1649366427.308223000,10.11.219.6
2395,-4170,1649366427.308802000,151.101.109.16
2396,-939,1649366427.308804000,151.101.109.16
2397,-1434,1649366427.308805000,151.101.109.16
2398,-15114,1649366427.308813000,151.101.109.16
2399,78,1649366427.308864000,10.11.219.6
2400,66,1649366427.308895000,10.11.219.6
2401,-87,1649366427.308957000,151.101.109.16
2402,-1434,1649366427.308958000,151.101.109.16
2403,-9642,1649366427.308967000,151.101.109.16
2404,78,1649366427.308983000,10.11.219.6
2405,66,1649366427.308993000,10.11.219.6
2406,66,1649366427.309111000,10.11.219.6
2407,-5538,1649366427.311328000,151.101.109.16
2408,66,1649366427.311371000,10.11.219.6
2409,185,1649366427.314547000,10.11.219.6
2410,-16482,1649366427.314674000,151.101.109.16
2411,-108,1649366427.314687000,151.101.109.16
2412,-1434,1649366427.314687000,151.101.109.16
2413,-9642,1649366427.314689000,151.101.109.16
2414,78,1649366427.314707000,10.11.219.6
2415,66,1649366427.314723000,10.11.219.6
2416,66,1649366427.314786000,10.11.219.6
2417,-5538,1649366427.317140000,151.101.109.16
2418,66,1649366427.317160000,10.11.219.6
2419,-27426,1649366427.317624000,151.101.109.16
2420,-11010,1649366427.317657000,151.101.109.16
2421,66,1649366427.317687000,10.11.219.6
2422,-5538,1649366427.319837000,151.101.109.16
2423,66,1649366427.319848000,10.11.219.6
2424,-26058,1649366427.320336000,151.101.109.16
2425,-1434,1649366427.320355000,151.101.109.16
2426,66,1649366427.320404000,10.11.219.6
2427,-1434,1649366427.322257000,151.101.109.16
2428,-757,1649366427.322258000,151.101.109.16
2429,-1434,1649366427.322261000,151.101.109.16
2430,78,1649366427.322291000,10.11.219.6
2431,66,1649366427.322314000,10.11.219.6
2432,-66,1649366427.322762000,151.101.109.16
2433,-15975,1649366427.322765000,151.101.109.16
2434,-13746,1649366427.322827000,151.101.109.16
2435,66,1649366427.323050000,10.11.219.6
2436,-1434,1649366427.325176000,151.101.109.16
2437,-87,1649366427.325177000,151.101.109.16
2438,-1434,1649366427.325177000,151.101.109.16
2439,-2802,1649366427.325178000,151.101.109.16
2440,78,1649366427.325200000,10.11.219.6
2441,66,1649366427.325218000,10.11.219.6
2442,66,1649366427.325241000,10.11.219.6
2443,-5538,1649366427.327451000,151.101.109.16
2444,185,1649366427.327463000,10.11.219.6
2445,66,1649366427.327563000,10.11.219.6
2446,-23322,1649366427.327930000,151.101.109.16
2447,-108,1649366427.327954000,151.101.109.16
2448,-1434,1649366427.327954000,151.101.109.16
2449,-12378,1649366427.327956000,151.101.109.16
2450,66,1649366427.327963000,10.11.219.6
2451,78,1649366427.327972000,10.11.219.6
2452,66,1649366427.327976000,10.11.219.6
2453,66,1649366427.328018000,10.11.219.6
2454,-11010,1649366427.330205000,151.101.109.16
2455,66,1649366427.330212000,10.11.219.6
2456,-19218,1649366427.330663000,151.101.109.16
2457,-2802,1649366427.330678000,151.101.109.16
2458,66,1649366427.330725000,10.11.219.6
2459,-8274,1649366427.332869000,151.101.109.16
2460,66,1649366427.332875000,10.11.219.6
2461,-24690,1649366427.333359000,151.101.109.16
2462,66,1649366427.333392000,10.11.219.6
2463,-5538,1649366427.335814000,151.101.109.16
2464,66,1649366427.335826000,10.11.219.6
2465,-1434,1649366427.335978000,151.101.109.16
2466,-66,1649366427.335978000,151.101.109.16
2467,-9642,1649366427.335981000,151.101.109.16
2468,66,1649366427.336039000,10.11.219.6
2469,-13746,1649366427.338074000,151.101.109.16
2470,66,1649366427.338175000,10.11.219.6
2471,-19218,1649366427.338540000,151.101.109.16
2472,-8274,1649366427.338571000,151.101.109.16
2473,66,1649366427.338597000,10.11.219.6
2474,-2802,1649366427.341225000,151.101.109.16
2475,66,1649366427.341237000,10.11.219.6
2476,-8274,1649366427.343215000,151.101.109.16
2477,66,1649366427.343265000,10.11.219.6
2478,-26058,1649366427.343758000,151.101.109.16
2479,-12378,1649366427.343815000,151.101.109.16
2480,66,1649366427.344122000,10.11.219.6
2481,-6906,1649366427.345640000,151.101.109.16
2482,-1434,1649366427.345642000,151.101.109.16
2483,66,1649366427.345666000,10.11.219.6
2484,-24690,1649366427.346151000,151.101.109.16
2485,66,1649366427.346229000,10.11.219.6
2486,-5538,1649366427.348261000,151.101.109.16
2487,66,1649366427.348283000,10.11.219.6
2488,-19218,1649366427.348764000,151.101.109.16
2489,-8274,1649366427.348799000,151.101.109.16
2490,66,1649366427.348802000,10.11.219.6
2491,66,1649366427.349277000,10.11.219.6
2492,456,1649366427.351624000,10.11.219.6
2493,189,1649366427.353241000,10.11.219.6
2494,-1434,1649366427.354004000,151.101.109.16
2495,-4170,1649366427.354005000,151.101.109.16
2496,-19218,1649366427.354008000,151.101.109.16
2497,66,1649366427.354060000,10.11.219.6
2498,-9642,1649366427.354530000,151.101.109.16
2499,-9642,1649366427.354532000,151.101.109.16
2500,66,1649366427.354542000,10.11.219.6
2501,66,1649366427.354590000,10.11.219.6
2502,-9642,1649366427.356480000,151.101.109.16
2503,-1434,1649366427.356481000,151.101.109.16
2504,66,1649366427.356490000,10.11.219.6
2505,-15114,1649366427.356918000,151.101.109.16
2506,-6906,1649366427.356940000,151.101.109.16
2507,66,1649366427.357007000,10.11.219.6
2508,-2802,1649366427.358858000,151.101.109.16
2509,66,1649366427.358866000,10.11.219.6
2510,-16482,1649366427.359343000,151.101.109.16
2511,-13746,1649366427.359379000,151.101.109.16
2512,66,1649366427.359380000,10.11.219.6
2513,66,1649366427.359428000,10.11.219.6
2514,-5538,1649366427.362208000,151.101.109.16
2515,66,1649366427.362217000,10.11.219.6
2516,-5538,1649366427.362317000,151.101.109.16
2517,66,1649366427.362324000,10.11.219.6
2518,-5538,1649366427.364751000,151.101.109.16
2519,66,1649366427.364756000,10.11.219.6
2520,-8274,1649366427.365272000,151.101.109.16
2521,-23322,1649366427.365282000,151.101.109.16
2522,66,1649366427.365297000,10.11.219.6
2523,66,1649366427.365315000,10.11.219.6
2524,-1434,1649366427.365325000,151.101.109.16
2525,-5538,1649366427.367448000,151.101.109.16
2526,66,1649366427.367468000,10.11.219.6
2527,-6906,1649366427.367964000,151.101.109.16
2528,-20586,1649366427.367969000,151.101.109.16
2529,66,1649366427.367981000,10.11.219.6
2530,66,1649366427.367999000,10.11.219.6
2531,-1434,1649366427.370331000,151.101.109.16
2532,-4170,1649366427.370334000,151.101.109.16
2533,66,1649366427.370362000,10.11.219.6
2534,-1434,1649366427.370823000,151.101.109.16
2535,-20586,1649366427.370827000,151.101.109.16
2536,66,1649366427.370843000,10.11.219.6
2537,-5538,1649366427.370869000,151.101.109.16
2538,66,1649366427.370883000,10.11.219.6
2539,836,1649366427.372449000,10.11.219.6
2540,-15114,1649366427.375831000,151.101.109.16
2541,66,1649366427.375842000,10.11.219.6
2542,-1434,1649366427.375858000,151.101.109.16
2543,-17850,1649366427.376262000,151.101.109.16
2544,66,1649366427.376271000,10.11.219.6
2545,-4170,1649366427.376328000,151.101.109.16
2546,-19218,1649366427.376333000,151.101.109.16
2547,66,1649366427.376340000,10.11.219.6
2548,66,1649366427.376346000,10.11.219.6
2549,-17850,1649366427.381039000,151.101.109.16
2550,66,1649366427.381048000,10.11.219.6
2551,-1434,1649366427.381063000,151.101.109.16
2552,-16482,1649366427.381507000,151.101.109.16
2553,66,1649366427.381516000,10.11.219.6
2554,-9642,1649366427.381567000,151.101.109.16
2555,-4170,1649366427.381568000,151.101.109.16
2556,66,1649366427.381586000,10.11.219.6
2557,-2802,1649366427.386090000,151.101.109.16
2558,66,1649366427.386111000,10.11.219.6
2559,-11010,1649366427.386797000,151.101.109.16
2560,66,1649366427.386806000,10.11.219.6
2561,-13746,1649366427.386828000,151.101.109.16
2562,-5538,1649366427.386837000,151.101.109.16
2563,66,1649366427.386867000,10.11.219.6
2564,-8274,1649366427.390317000,151.101.109.16
2565,66,1649366427.390339000,10.11.219.6
2566,-2802,1649366427.392878000,151.101.109.16
2567,-16482,1649366427.392892000,151.101.109.16
2568,66,1649366427.392920000,10.11.219.6
2569,-8274,1649366427.392966000,151.101.109.16
2570,-625,1649366427.392967000,151.101.109.16
2571,-1434,1649366427.392968000,151.101.109.16
2572,78,1649366427.392982000,10.11.219.6
2573,66,1649366427.392995000,10.11.219.6
2574,-66,1649366427.393034000,151.101.109.16
2575,-11010,1649366427.393037000,151.101.109.16
2576,66,1649366427.393159000,10.11.219.6
2577,-4170,1649366427.395989000,151.101.109.16
2578,-1101,1649366427.395991000,151.101.109.16
2579,-15114,1649366427.395996000,151.101.109.16
2580,66,1649366427.396024000,10.11.219.6
2581,-4170,1649366427.396080000,151.101.109.16
2582,-11010,1649366427.396373000,151.101.109.16
2583,-66,1649366427.396450000,52.24.224.99
2584,-78,1649366427.396451000,52.24.224.99
2585,-66,1649366427.396451000,52.24.224.99
2586,-15114,1649366427.396456000,151.101.109.16
2587,66,1649366427.396482000,10.11.219.6
2588,-66,1649366427.396500000,52.24.224.99
2589,-66,1649366427.396500000,52.24.224.99
2590,-66,1649366427.396501000,52.24.224.99
2591,66,1649366427.397699000,10.11.219.6
2592,-66,1649366427.398329000,52.24.224.99
2593,-66,1649366427.398330000,151.101.109.16
2594,-108,1649366427.398330000,52.24.224.99
2595,-15114,1649366427.398333000,151.101.109.16
2596,66,1649366427.398368000,10.11.219.6
2597,-66,1649366427.398389000,52.24.224.99
2598,-66,1649366427.398390000,52.24.224.99
2599,-1434,1649366427.398390000,151.101.109.16
2600,66,1649366427.398487000,10.11.219.6
2601,-11010,1649366427.398763000,151.101.109.16
2602,66,1649366427.398771000,10.11.219.6
2603,-436,1649366427.398797000,151.101.109.16
2604,-66,1649366427.398798000,52.24.224.99
2605,-66,1649366427.398798000,52.24.224.99
2606,-108,1649366427.398799000,52.24.224.99
2607,-66,1649366427.398799000,52.24.224.99
2608,-66,1649366427.398799000,52.24.224.99
2609,-66,1649366427.398800000,52.24.224.99
2610,-66,1649366427.398800000,52.24.224.99
2611,78,1649366427.398810000,10.11.219.6
2612,-108,1649366427.398838000,52.24.224.99
2613,-66,1649366427.398838000,52.24.224.99
2614,-260,1649366427.398839000,52.24.224.99
2615,-1434,1649366427.398839000,151.101.109.16
2616,66,1649366427.398851000,10.11.219.6
2617,66,1649366427.399228000,10.11.219.6
2618,-66,1649366427.401061000,151.101.109.16
2619,-2802,1649366427.401062000,151.101.109.16
2620,66,1649366427.401084000,10.11.219.6
2621,-11010,1649366427.401391000,151.101.109.16
2622,-2326,1649366427.401432000,151.101.109.16
2623,-13746,1649366427.401434000,151.101.109.16
2624,66,1649366427.401697000,10.11.219.6
2625,-12258,1649366427.403141000,151.101.109.16
2626,66,1649366427.403157000,10.11.219.6
2627,684,1649366427.407024000,10.11.219.6
2628,184,1649366427.408075000,10.11.219.6
2629,739,1649366427.410578000,10.11.219.6
2630,180,1649366427.410916000,10.11.219.6
2631,455,1649366427.413990000,10.11.219.6
2632,-66,1649366427.419901000,18.218.135.105
2633,-66,1649366427.419902000,151.101.109.16
2634,-4170,1649366427.419903000,18.218.135.105
2635,-83,1649366427.419903000,18.218.135.105
2636,-1434,1649366427.419903000,18.218.135.105
2637,-5538,1649366427.419904000,151.101.109.16
2638,66,1649366427.419932000,10.11.219.6
2639,78,1649366427.419947000,10.11.219.6
2640,66,1649366427.419951000,10.11.219.6
2641,66,1649366427.419954000,10.11.219.6
2642,-8274,1649366427.419974000,151.101.109.16
2643,-2285,1649366427.419975000,151.101.109.16
2644,66,1649366427.420007000,10.11.219.6
2645,-5538,1649366427.421556000,151.101.109.16
2646,-1071,1649366427.421557000,151.101.109.16
2647,-1434,1649366427.421557000,151.101.109.16
2648,-66,1649366427.421558000,151.101.109.16
2649,-1434,1649366427.421558000,151.101.109.16
2650,66,1649366427.421572000,10.11.219.6
2651,78,1649366427.421589000,10.11.219.6
2652,66,1649366427.421595000,10.11.219.6
2653,-126,1649366427.421604000,151.101.109.16
2654,-1434,1649366427.421604000,151.101.109.16
2655,78,1649366427.421607000,10.11.219.6
2656,66,1649366427.421611000,10.11.219.6
2657,-66,1649366427.423021000,151.101.109.16
2658,-13746,1649366427.423025000,151.101.109.16
2659,-2452,1649366427.425462000,151.101.109.16
2660,-66,1649366427.425463000,151.101.109.16
2661,-5538,1649366427.425465000,151.101.109.16
2662,-8274,1649366427.425957000,151.101.109.16
2663,-13746,1649366427.425960000,151.101.109.16
2664,-2802,1649366427.425973000,151.101.109.16
2665,-2802,1649366427.428064000,151.101.109.16
2666,-5538,1649366427.428114000,151.101.109.16
2667,192,1649366427.428669000,10.11.219.6
2668,66,1649366427.428983000,10.11.219.6
2669,187,1649366427.429543000,10.11.219.6
2670,-2802,1649366427.429797000,151.101.109.16
2671,-4170,1649366427.429799000,151.101.109.16
2672,-1134,1649366427.429799000,151.101.109.16
2673,-1434,1649366427.429800000,151.101.109.16
2674,-66,1649366427.429800000,151.101.109.16
2675,78,1649366427.429821000,10.11.219.6
2676,66,1649366427.429834000,10.11.219.6
2677,-13746,1649366427.429886000,151.101.109.16
2678,-13746,1649366427.430460000,151.101.109.16
2679,66,1649366427.430467000,10.11.219.6
2680,66,1649366427.430498000,10.11.219.6
2681,-13746,1649366427.432411000,151.101.109.16
2682,66,1649366427.432427000,10.11.219.6
2683,-4170,1649366427.432451000,151.101.109.16
2684,-9642,1649366427.432967000,151.101.109.16
2685,-6906,1649366427.432969000,151.101.109.16
2686,66,1649366427.432976000,10.11.219.6
2687,66,1649366427.433008000,10.11.219.6
2688,-5538,1649366427.435140000,151.101.109.16
2689,66,1649366427.435158000,10.11.219.6
2690,-1434,1649366427.435313000,151.101.109.16
2691,-13746,1649366427.435316000,151.101.109.16
2692,66,1649366427.435350000,10.11.219.6
2693,-5538,1649366427.435352000,151.101.109.16
2694,-488,1649366427.435352000,151.101.109.16
2695,-1434,1649366427.435353000,151.101.109.16
2696,78,1649366427.435367000,10.11.219.6
2697,66,1649366427.435375000,10.11.219.6
2698,174,1649366427.439546000,10.11.219.6
2699,623,1649366427.441006000,10.11.219.6
2700,-66,1649366427.441268000,151.101.109.16
2701,973,1649366427.441271000,10.11.219.6
2702,726,1649366427.441980000,10.11.219.6
2703,-1434,1649366427.444883000,151.101.109.16
2704,-105,1649366427.444884000,151.101.109.16
2705,-1434,1649366427.444884000,151.101.109.16
2706,78,1649366427.444903000,10.11.219.6
2707,66,1649366427.444916000,10.11.219.6
2708,172,1649366427.447909000,10.11.219.6
2709,-66,1649366427.450122000,151.101.109.16
2710,-492,1649366427.451588000,151.101.109.16
2711,-4134,1649366427.451590000,209.54.176.128
2712,54,1649366427.451609000,10.11.219.6
2713,-2562,1649366427.452370000,209.54.176.128
2714,-66,1649366427.452371000,151.101.109.16
2715,-66,1649366427.452372000,151.101.109.16
2716,54,1649366427.452387000,10.11.219.6
2717,-5538,1649366427.456590000,151.101.109.16
2718,66,1649366427.456682000,10.11.219.6
2719,-8274,1649366427.457072000,151.101.109.16
2720,-934,1649366427.457073000,151.101.109.16
2721,-1434,1649366427.457074000,151.101.109.16
2722,78,1649366427.457100000,10.11.219.6
2723,66,1649366427.457119000,10.11.219.6
2724,-15114,1649366427.457169000,151.101.109.16
2725,-87,1649366427.457187000,151.101.109.16
2726,-1434,1649366427.457188000,151.101.109.16
2727,-5538,1649366427.457189000,151.101.109.16
2728,78,1649366427.457196000,10.11.219.6
2729,66,1649366427.457241000,10.11.219.6
2730,66,1649366427.457650000,10.11.219.6
2731,-2802,1649366427.457744000,151.101.109.16
2732,66,1649366427.457753000,10.11.219.6
2733,-21954,1649366427.459442000,151.101.109.16
2734,-5538,1649366427.459469000,151.101.109.16
2735,-2802,1649366427.459505000,151.101.109.16
2736,66,1649366427.459507000,10.11.219.6
2737,66,1649366427.459581000,10.11.219.6
2738,-2802,1649366427.461925000,151.101.109.16
2739,66,1649366427.461944000,10.11.219.6
2740,-8274,1649366427.463998000,151.101.109.16
2741,66,1649366427.464052000,10.11.219.6
2742,-8274,1649366427.464503000,151.101.109.16
2743,66,1649366427.464548000,10.11.219.6
2744,-2802,1649366427.466454000,151.101.109.16
2745,-66,1649366427.466455000,151.101.109.16
2746,-30162,1649366427.466460000,151.101.109.16
2747,66,1649366427.466478000,10.11.219.6
2748,-4170,1649366427.466512000,151.101.109.16
2749,66,1649366427.466533000,10.11.219.6
2750,-26058,1649366427.466914000,151.101.109.16
2751,66,1649366427.466925000,10.11.219.6
2752,-1434,1649366427.466942000,151.101.109.16
2753,950,1649366427.467524000,10.11.219.6
2754,-2802,1649366427.469176000,151.101.109.16
2755,66,1649366427.469243000,10.11.219.6
2756,-2802,1649366427.469597000,151.101.109.16
2757,66,1649366427.469691000,10.11.219.6
2758,-23322,1649366427.472426000,151.101.109.16
2759,-4170,1649366427.472444000,151.101.109.16
2760,-1434,1649366427.472445000,151.101.109.16
2761,66,1649366427.473323000,10.11.219.6
2762,-30162,1649366427.474375000,151.101.109.16
2763,66,1649366427.474388000,10.11.219.6
2764,-5538,1649366427.474407000,151.101.109.16
2765,66,1649366427.474442000,10.11.219.6
2766,-24690,1649366427.474906000,151.101.109.16
2767,66,1649366427.474915000,10.11.219.6
2768,-1434,1649366427.477570000,151.101.109.16
2769,-66,1649366427.477572000,151.101.109.16
2770,-1434,1649366427.477572000,151.101.109.16
2771,66,1649366427.477597000,10.11.219.6
2772,-5538,1649366427.477749000,151.101.109.16
2773,66,1649366427.477790000,10.11.219.6
2774,-8274,1649366427.479740000,151.101.109.16
2775,66,1649366427.479801000,10.11.219.6
2776,-17850,1649366427.480180000,151.101.109.16
2777,-12378,1649366427.480214000,151.101.109.16
2778,66,1649366427.480220000,10.11.219.6
2779,66,1649366427.480281000,10.11.219.6
2780,-19218,1649366427.482189000,151.101.109.16
2781,66,1649366427.482203000,10.11.219.6
2782,-5538,1649366427.482232000,151.101.109.16
2783,66,1649366427.482266000,10.11.219.6
2784,-8274,1649366427.482603000,151.101.109.16
2785,66,1649366427.482610000,10.11.219.6
2786,-8274,1649366427.484607000,151.101.109.16
2787,66,1649366427.484616000,10.11.219.6
2788,-11010,1649366427.485077000,151.101.109.16
2789,-13746,1649366427.485111000,151.101.109.16
2790,66,1649366427.485142000,10.11.219.6
2791,-6464,1649366427.487287000,151.101.109.16
2792,-66,1649366427.487288000,151.101.109.16
2793,66,1649366427.487301000,10.11.219.6
2794,-1434,1649366427.487330000,151.101.109.16
2795,-8274,1649366427.487823000,151.101.109.16
2796,66,1649366427.487832000,10.11.219.6
2797,-6527,1649366427.492172000,151.101.109.16
2798,-15114,1649366427.492176000,151.101.109.16
2799,66,1649366427.492196000,10.11.219.6
2800,-87,1649366427.492239000,151.101.109.16
2801,-1434,1649366427.492239000,151.101.109.16
2802,-4170,1649366427.492242000,151.101.109.16
2803,78,1649366427.492249000,10.11.219.6
2804,66,1649366427.492256000,10.11.219.6
2805,-15030,1649366427.492304000,151.101.109.16
2806,66,1649366427.492799000,10.11.219.6
2807,74,1649366427.496183000,10.11.219.6
2808,178,1649366427.500400000,10.11.219.6
2809,74,1649366427.501880000,10.11.219.6
2810,-74,1649366427.505175000,18.65.148.38
2811,66,1649366427.505200000,10.11.219.6
2812,-74,1649366427.507396000,52.194.88.144
2813,66,1649366427.507413000,10.11.219.6
2814,583,1649366427.507577000,10.11.219.6
2815,583,1649366427.509450000,10.11.219.6
2816,571,1649366427.511996000,10.11.219.6
2817,-66,1649366427.513035000,18.65.148.38
2818,-66,1649366427.513037000,151.101.109.16
2819,-5538,1649366427.513040000,18.65.148.38
2820,66,1649366427.513156000,10.11.219.6
2821,-1363,1649366427.513221000,151.101.109.16
2822,-922,1649366427.513224000,18.65.148.38
2823,66,1649366427.513242000,10.11.219.6
2824,130,1649366427.519117000,10.11.219.6
2825,-66,1649366427.521986000,18.65.148.38
2826,-128,1649366427.521987000,18.65.148.38
2827,-66,1649366427.521987000,52.194.88.144
2828,66,1649366427.522004000,10.11.219.6
2829,-66,1649366427.523831000,151.101.109.16
2830,-13746,1649366427.523834000,151.101.109.16
2831,-893,1649366427.525252000,151.101.109.16
2832,-1434,1649366427.525253000,151.101.109.16
2833,-15114,1649366427.525255000,151.101.109.16
2834,78,1649366427.525261000,10.11.219.6
2835,66,1649366427.525286000,10.11.219.6
2836,-87,1649366427.525298000,151.101.109.16
2837,-1434,1649366427.525299000,151.101.109.16
2838,-1434,1649366427.525299000,151.101.109.16
2839,78,1649366427.525302000,10.11.219.6
2840,66,1649366427.525307000,10.11.219.6
2841,-2802,1649366427.526018000,151.101.109.16
2842,-5999,1649366427.526893000,151.101.109.16
2843,-1434,1649366427.526893000,52.194.88.144
2844,-487,1649366427.526894000,52.194.88.144
2845,66,1649366427.526899000,10.11.219.6
2846,78,1649366427.526907000,10.11.219.6
2847,-1434,1649366427.526913000,52.194.88.144
2848,66,1649366427.526916000,10.11.219.6
2849,66,1649366427.558526000,10.11.219.6
2850,192,1649366427.562523000,10.11.219.6
2851,236,1649366427.562645000,10.11.219.6
2852,388,1649366427.562657000,10.11.219.6
2853,97,1649366427.563237000,10.11.219.6
2854,74,1649366427.563362000,10.11.219.6
2855,-66,1649366427.566562000,18.65.148.38
2856,-66,1649366427.566563000,18.65.148.38
2857,-97,1649366427.566563000,18.65.148.38
2858,-66,1649366427.566563000,18.65.148.38
2859,-74,1649366427.566563000,18.65.116.124
2860,66,1649366427.566580000,10.11.219.6
2861,66,1649366427.566600000,10.11.219.6
2862,583,1649366427.568408000,10.11.219.6
2863,-66,1649366427.573253000,18.65.116.124
2864,-5538,1649366427.573253000,18.65.116.124
2865,-324,1649366427.573254000,52.194.88.144
2866,-135,1649366427.573254000,52.194.88.144
2867,66,1649366427.573269000,10.11.219.6
2868,66,1649366427.573278000,10.11.219.6
2869,66,1649366427.573281000,10.11.219.6
2870,-592,1649366427.574168000,18.65.116.124
2871,66,1649366427.574177000,10.11.219.6
2872,130,1649366427.576424000,10.11.219.6
2873,236,1649366427.576723000,10.11.219.6
2874,406,1649366427.576905000,10.11.219.6
2875,-66,1649366427.579898000,18.65.116.124
2876,-128,1649366427.579899000,18.65.116.124
2877,-66,1649366427.579899000,18.65.116.124
2878,-66,1649366427.579899000,18.65.116.124
2879,66,1649366427.579909000,10.11.219.6
2880,97,1649366427.579947000,10.11.219.6
2881,-97,1649366427.580759000,18.65.116.124
2882,66,1649366427.580762000,10.11.219.6
2883,-66,1649366427.583021000,18.65.116.124
2884,-847,1649366427.590409000,18.65.116.124
2885,-97,1649366427.590409000,18.65.116.124
2886,66,1649366427.590418000,10.11.219.6
2887,66,1649366427.590431000,10.11.219.6
2888,-520,1649366427.611858000,18.65.148.38
2889,-97,1649366427.611858000,18.65.148.38
2890,66,1649366427.611867000,10.11.219.6
2891,66,1649366427.611879000,10.11.219.6
2892,-372,1649366427.617184000,18.218.135.105
2893,-135,1649366427.617184000,18.218.135.105
2894,66,1649366427.617202000,10.11.219.6
2895,66,1649366427.617214000,10.11.219.6
2896,243,1649366427.627044000,10.11.219.6
2897,403,1649366427.627087000,10.11.219.6
2898,104,1649366427.627965000,10.11.219.6
2899,243,1649366427.629022000,10.11.219.6
2900,376,1649366427.629054000,10.11.219.6
2901,104,1649366427.629804000,10.11.219.6
2902,510,1649366427.631465000,10.11.219.6
2903,-66,1649366427.637474000,52.194.88.144
2904,-104,1649366427.637475000,52.194.88.144
2905,66,1649366427.637492000,10.11.219.6
2906,-623,1649366427.639626000,52.194.88.144
2907,-104,1649366427.639626000,52.194.88.144
2908,66,1649366427.639634000,10.11.219.6
2909,66,1649366427.639645000,10.11.219.6
2910,74,1649366427.646857000,10.11.219.6
2911,186,1649366427.797710000,10.11.219.6
2912,181,1649366427.798152000,10.11.219.6
2913,183,1649366427.798705000,10.11.219.6
2914,179,1649366427.799209000,10.11.219.6
2915,295,1649366427.799967000,10.11.219.6
2916,302,1649366427.800450000,10.11.219.6
2917,-66,1649366427.810546000,151.101.109.16
2918,-66,1649366427.810547000,151.101.109.16
2919,-893,1649366427.810548000,151.101.109.16
2920,-1434,1649366427.810548000,151.101.109.16
2921,78,1649366427.810574000,10.11.219.6
2922,66,1649366427.810603000,10.11.219.6
2923,-2764,1649366427.811685000,151.101.109.16
2924,-66,1649366427.811686000,151.101.109.16
2925,-338,1649366427.811687000,151.101.109.16
2926,-66,1649366427.811687000,151.101.109.16
2927,-2802,1649366427.811688000,151.101.109.16
2928,-1226,1649366427.811689000,151.101.109.16
2929,66,1649366427.811704000,10.11.219.6
2930,66,1649366427.811730000,10.11.219.6
2931,66,1649366427.811741000,10.11.219.6
2932,78,1649366427.811750000,10.11.219.6
2933,-1434,1649366427.811765000,151.101.109.16
2934,-66,1649366427.811765000,151.101.109.16
2935,-315,1649366427.811766000,151.101.109.16
2936,-66,1649366427.811766000,151.101.109.16
2937,66,1649366427.811776000,10.11.219.6
2938,66,1649366427.811790000,10.11.219.6
2939,-509,1649366427.812365000,151.101.109.16
2940,-1112,1649366427.812366000,151.101.109.16
2941,-290,1649366427.812366000,151.101.109.16
2942,66,1649366427.812380000,10.11.219.6
2943,66,1649366427.812396000,10.11.219.6
2944,66,1649366427.812406000,10.11.219.6
2945,-104,1649366427.815612000,18.218.135.105
2946,66,1649366427.815643000,10.11.219.6
2947,-233,1649366427.817802000,18.218.135.105
2948,-66,1649366427.817803000,209.54.176.128
2949,-639,1649366427.817803000,209.54.176.128
2950,66,1649366427.817825000,10.11.219.6
2951,54,1649366427.817852000,10.11.219.6
2952,54,1649366427.817863000,10.11.219.6
2953,536,1649366427.818536000,10.11.219.6
2954,571,1649366427.823730000,10.11.219.6
2955,74,1649366427.844098000,10.11.219.6
2956,74,1649366427.923425000,10.11.219.6
2957,74,1649366427.924112000,10.11.219.6
2958,74,1649366427.924794000,10.11.219.6
2959,74,1649366427.925708000,10.11.219.6
2960,74,1649366427.926365000,10.11.219.6
2961,-74,1649366427.927556000,35.186.254.217
2962,-74,1649366427.927558000,23.205.97.4
2963,66,1649366427.927584000,10.11.219.6
2964,66,1649366427.927607000,10.11.219.6
2965,-74,1649366427.928642000,23.64.8.218
2966,66,1649366427.928658000,10.11.219.6
2967,-74,1649366427.929760000,142.250.206.226
2968,66,1649366427.929776000,10.11.219.6
2969,583,1649366427.930340000,10.11.219.6
2970,583,1649366427.932630000,10.11.219.6
2971,-66,1649366427.935126000,35.186.254.217
2972,-66,1649366427.935127000,23.205.97.4
2973,583,1649366427.935309000,10.11.219.6
2974,-2802,1649366427.936471000,23.205.97.4
2975,-1426,1649366427.936471000,23.205.97.4
2976,66,1649366427.936478000,10.11.219.6
2977,66,1649366427.936487000,10.11.219.6
2978,583,1649366427.937071000,10.11.219.6
2979,-454,1649366427.937560000,23.205.97.4
2980,-3485,1649366427.937561000,35.186.254.217
2981,66,1649366427.937567000,10.11.219.6
2982,66,1649366427.937575000,10.11.219.6
2983,-74,1649366427.938675000,35.213.12.39
2984,-66,1649366427.938676000,142.250.206.226
2985,66,1649366427.938691000,10.11.219.6
2986,-66,1649366427.940851000,23.64.8.218
2987,192,1649366427.941984000,10.11.219.6
2988,74,1649366427.942116000,10.11.219.6
2989,-2802,1649366427.942147000,23.64.8.218
2990,-1391,1649366427.942148000,23.64.8.218
2991,66,1649366427.942156000,10.11.219.6
2992,66,1649366427.942170000,10.11.219.6
2993,74,1649366427.942193000,10.11.219.6
2994,74,1649366427.942354000,10.11.219.6
2995,74,1649366427.942443000,10.11.219.6
2996,-66,1649366427.945225000,23.205.97.4
2997,-340,1649366427.945226000,23.205.97.4
2998,66,1649366427.945247000,10.11.219.6
2999,583,1649366427.946889000,10.11.219.6
3000,74,1649366427.948823000,10.11.219.6
3001,-74,1649366427.953239000,18.178.52.42
3002,66,1649366427.953259000,10.11.219.6
3003,-74,1649366427.954278000,3.114.175.142
3004,66,1649366427.954285000,10.11.219.6
3005,-74,1649366427.955363000,104.244.42.131
3006,66,1649366427.955373000,10.11.219.6
3007,-66,1649366427.960813000,35.213.12.39
3008,-1434,1649366427.960814000,35.213.12.39
3009,66,1649366427.960825000,10.11.219.6
3010,-1434,1649366427.964075000,35.213.12.39
3011,-1426,1649366427.964076000,35.213.12.39
3012,-963,1649366427.964076000,35.213.12.39
3013,66,1649366427.964082000,10.11.219.6
3014,66,1649366427.964087000,10.11.219.6
3015,66,1649366427.964091000,10.11.219.6
3016,-1434,1649366427.978108000,142.250.206.226
3017,-498,1649366427.978109000,142.250.206.226
3018,-2802,1649366427.978111000,142.250.206.226
3019,66,1649366427.978124000,10.11.219.6
3020,78,1649366427.978142000,10.11.219.6
3021,66,1649366427.978157000,10.11.219.6
3022,159,1649366427.986075000,10.11.219.6
3023,576,1649366427.986107000,10.11.219.6
3024,146,1649366427.988539000,10.11.219.6
3025,-54,1649366427.988599000,209.54.176.128
3026,-66,1649366427.988599000,23.205.97.4
3027,-66,1649366427.990661000,23.64.8.218
3028,583,1649366427.990728000,10.11.219.6
3029,-353,1649366427.992000000,23.64.8.218
3030,-353,1649366427.992001000,23.64.8.218
3031,66,1649366427.992015000,10.11.219.6
3032,66,1649366427.992032000,10.11.219.6
3033,583,1649366427.994240000,10.11.219.6
3034,-54,1649366427.995016000,209.54.176.128
3035,-2774,1649366427.997419000,209.54.176.128
3036,54,1649366427.997429000,10.11.219.6
3037,-3281,1649366427.997469000,209.54.176.128
3038,54,1649366427.997474000,10.11.219.6
3039,583,1649366427.997611000,10.11.219.6
3040,-66,1649366427.999215000,35.213.12.39
3041,-340,1649366428.000327000,35.213.12.39
3042,66,1649366428.000333000,10.11.219.6
3043,-66,1649366428.004494000,104.244.42.131
3044,-639,1649366428.006416000,209.54.176.128
3045,-2762,1649366428.009938000,104.244.42.131
3046,-811,1649366428.009939000,104.244.42.131
3047,-66,1649366428.009940000,3.114.175.142
3048,-2802,1649366428.009940000,3.114.175.142
3049,-1086,1649366428.009940000,3.114.175.142
3050,-66,1649366428.009941000,18.178.52.42
3051,66,1649366428.009956000,10.11.219.6
3052,66,1649366428.009974000,10.11.219.6
3053,66,1649366428.009981000,10.11.219.6
3054,78,1649366428.009985000,10.11.219.6
3055,-1434,1649366428.009991000,3.114.175.142
3056,66,1649366428.009993000,10.11.219.6
3057,-4045,1649366428.011994000,18.178.52.42
3058,66,1649366428.012009000,10.11.219.6
3059,-74,1649366428.028176000,69.173.158.64
3060,66,1649366428.028196000,10.11.219.6
3061,180,1649366428.048657000,10.11.219.6
3062,530,1649366428.048826000,10.11.219.6
3063,54,1649366428.049419000,10.11.219.6
3064,-66,1649366428.051368000,23.64.8.218
3065,192,1649366428.053027000,10.11.219.6
3066,583,1649366428.057845000,10.11.219.6
3067,74,1649366428.059275000,10.11.219.6
3068,74,1649366428.059394000,10.11.219.6
3069,74,1649366428.059703000,10.11.219.6
3070,74,1649366428.060296000,10.11.219.6
3071,74,1649366428.060410000,10.11.219.6
3072,74,1649366428.060530000,10.11.219.6
3073,74,1649366428.060633000,10.11.219.6
3074,74,1649366428.060750000,10.11.219.6
3075,-74,1649366428.062304000,35.227.202.26
3076,66,1649366428.062331000,10.11.219.6
3077,-74,1649366428.063425000,23.205.97.4
3078,-74,1649366428.063427000,34.98.64.218
3079,66,1649366428.063506000,10.11.219.6
3080,66,1649366428.063606000,10.11.219.6
3081,74,1649366428.065641000,10.11.219.6
3082,-340,1649366428.065994000,3.114.175.142
3083,-135,1649366428.065997000,3.114.175.142
3084,66,1649366428.066049000,10.11.219.6
3085,66,1649366428.066079000,10.11.219.6
3086,583,1649366428.069646000,10.11.219.6
3087,-74,1649366428.070209000,3.115.249.132
3088,66,1649366428.070234000,10.11.219.6
3089,583,1649366428.072247000,10.11.219.6
3090,-66,1649366428.073445000,34.98.64.218
3091,583,1649366428.074475000,10.11.219.6
3092,-1434,1649366428.074670000,34.98.64.218
3093,-641,1649366428.074671000,34.98.64.218
3094,66,1649366428.074685000,10.11.219.6
3095,78,1649366428.074699000,10.11.219.6
3096,-66,1649366428.075647000,23.205.97.4
3097,-1434,1649366428.075648000,34.98.64.218
3098,66,1649366428.075674000,10.11.219.6
3099,-2802,1649366428.078338000,23.205.97.4
3100,-1426,1649366428.078348000,23.205.97.4
3101,-454,1649366428.078348000,23.205.97.4
3102,-66,1649366428.078349000,35.227.202.26
3103,66,1649366428.078368000,10.11.219.6
3104,66,1649366428.078380000,10.11.219.6
3105,66,1649366428.078384000,10.11.219.6
3106,-1434,1649366428.080266000,35.227.202.26
3107,-956,1649366428.080266000,35.227.202.26
3108,66,1649366428.080293000,10.11.219.6
3109,78,1649366428.080304000,10.11.219.6
3110,192,1649366428.081048000,10.11.219.6
3111,-1434,1649366428.082257000,35.227.202.26
3112,66,1649366428.082272000,10.11.219.6
3113,583,1649366428.082764000,10.11.219.6
3114,74,1649366428.084069000,10.11.219.6
3115,-66,1649366428.087885000,23.205.97.4
3116,-340,1649366428.087885000,23.205.97.4
3117,66,1649366428.087939000,10.11.219.6
3118,130,1649366428.088700000,10.11.219.6
3119,236,1649366428.089436000,10.11.219.6
3120,430,1649366428.089455000,10.11.219.6
3121,74,1649366428.092276000,10.11.219.6
3122,74,1649366428.093940000,10.11.219.6
3123,-66,1649366428.094445000,3.115.249.132
3124,-74,1649366428.096676000,103.231.99.80
3125,-326,1649366428.096676000,3.115.249.132
3126,-4170,1649366428.096676000,3.115.249.132
3127,66,1649366428.096684000,10.11.219.6
3128,78,1649366428.096690000,10.11.219.6
3129,66,1649366428.096693000,10.11.219.6
3130,192,1649366428.099744000,10.11.219.6
3131,-66,1649366428.100654000,104.244.42.131
3132,583,1649366428.101559000,10.11.219.6
3133,-66,1649366428.101778000,104.244.42.131
3134,-66,1649366428.101778000,104.244.42.131
3135,-593,1649366428.101778000,104.244.42.131
3136,66,1649366428.101788000,10.11.219.6
3137,97,1649366428.102252000,10.11.219.6
3138,74,1649366428.103466000,10.11.219.6
3139,-74,1649366428.103970000,13.35.183.82
3140,66,1649366428.103981000,10.11.219.6
3141,583,1649366428.105714000,10.11.219.6
3142,-117,1649366428.111568000,3.115.249.132
3143,66,1649366428.111583000,10.11.219.6
3144,-74,1649366428.112623000,107.23.240.181
3145,66,1649366428.112632000,10.11.219.6
3146,-66,1649366428.113709000,103.231.99.80
3147,-66,1649366428.113709000,104.244.42.131
3148,583,1649366428.114488000,10.11.219.6
3149,74,1649366428.115550000,10.11.219.6
3150,-74,1649366428.116364000,54.238.160.164
3151,-2802,1649366428.116364000,103.231.99.80
3152,-333,1649366428.116365000,103.231.99.80
3153,-1434,1649366428.116365000,103.231.99.80
3154,66,1649366428.116375000,10.11.219.6
3155,66,1649366428.116381000,10.11.219.6
3156,78,1649366428.116385000,10.11.219.6
3157,66,1649366428.116388000,10.11.219.6
3158,192,1649366428.119807000,10.11.219.6
3159,-74,1649366428.120328000,119.9.108.191
3160,66,1649366428.120342000,10.11.219.6
3161,583,1649366428.121676000,10.11.219.6
3162,583,1649366428.123759000,10.11.219.6
3163,74,1649366428.127626000,10.11.219.6
3164,-74,1649366428.127714000,54.150.10.110
3165,-1434,1649366428.127714000,103.231.99.80
3166,66,1649366428.127726000,10.11.219.6
3167,78,1649366428.127732000,10.11.219.6
3168,-70,1649366428.128727000,103.71.26.126
3169,66,1649366428.128736000,10.11.219.6
3170,583,1649366428.129625000,10.11.219.6
3171,-74,1649366428.129781000,54.169.0.0
3172,66,1649366428.129788000,10.11.219.6
3173,-66,1649366428.130913000,103.231.99.80
3174,583,1649366428.131594000,10.11.219.6
3175,-72,1649366428.132149000,103.231.99.80
3176,-111,1649366428.132149000,103.231.99.80
3177,-122,1649366428.132149000,103.231.99.80
3178,66,1649366428.132155000,10.11.219.6
3179,66,1649366428.132161000,10.11.219.6
3180,66,1649366428.132164000,10.11.219.6
3181,583,1649366428.133345000,10.11.219.6
3182,-66,1649366428.134182000,54.238.160.164
3183,-1434,1649366428.137614000,54.238.160.164
3184,-1322,1649366428.137614000,54.238.160.164
3185,66,1649366428.137619000,10.11.219.6
3186,78,1649366428.137626000,10.11.219.6
3187,-2802,1649366428.137633000,54.238.160.164
3188,66,1649366428.137636000,10.11.219.6
3189,192,1649366428.140748000,10.11.219.6
3190,-98,1649366428.140789000,69.173.158.64
3191,-1434,1649366428.140790000,69.173.158.64
3192,-1430,1649366428.140790000,69.173.158.64
3193,-720,1649366428.140790000,69.173.158.64
3194,78,1649366428.140802000,10.11.219.6
3195,66,1649366428.140808000,10.11.219.6
3196,66,1649366428.140811000,10.11.219.6
3197,66,1649366428.140814000,10.11.219.6
3198,-3527,1649366428.143943000,54.150.10.110
3199,66,1649366428.143958000,10.11.219.6
3200,216,1649366428.144231000,10.11.219.6
3201,-74,1649366428.144762000,103.43.90.53
3202,66,1649366428.144775000,10.11.219.6
3203,192,1649366428.147794000,10.11.219.6
3204,583,1649366428.149675000,10.11.219.6
3205,74,1649366428.149829000,10.11.219.6
3206,-1186,1649366428.152333000,23.205.97.4
3207,66,1649366428.152351000,10.11.219.6
3208,74,1649366428.153246000,10.11.219.6
3209,-74,1649366428.153376000,142.250.206.226
3210,-324,1649366428.153376000,54.238.160.164
3211,-135,1649366428.153377000,54.238.160.164
3212,66,1649366428.153392000,10.11.219.6
3213,66,1649366428.153411000,10.11.219.6
3214,66,1649366428.153416000,10.11.219.6
3215,583,1649366428.155801000,10.11.219.6
3216,-74,1649366428.156520000,172.217.25.162
3217,66,1649366428.156553000,10.11.219.6
3218,-66,1649366428.158813000,142.250.206.226
3219,583,1649366428.159500000,10.11.219.6
3220,-117,1649366428.160915000,54.150.10.110
3221,-74,1649366428.160917000,69.173.158.64
3222,66,1649366428.160963000,10.11.219.6
3223,66,1649366428.161007000,10.11.219.6
3224,-66,1649366428.162991000,172.217.25.162
3225,583,1649366428.164048000,10.11.219.6
3226,580,1649366428.164695000,10.11.219.6
3227,-66,1649366428.167291000,23.205.97.4
3228,-743,1649366428.170525000,23.64.8.218
3229,66,1649366428.170531000,10.11.219.6
3230,74,1649366428.178783000,10.11.219.6
3231,-1434,1649366428.183604000,119.9.108.191
3232,-308,1649366428.183605000,119.9.108.191
3233,-1434,1649366428.183606000,119.9.108.191
3234,66,1649366428.183633000,10.11.219.6
3235,78,1649366428.183653000,10.11.219.6
3236,66,1649366428.183665000,10.11.219.6
3237,-74,1649366428.190889000,103.231.99.243
3238,66,1649366428.190909000,10.11.219.6
3239,583,1649366428.192666000,10.11.219.6
3240,-1434,1649366428.198274000,142.250.206.226
3241,-497,1649366428.198275000,142.250.206.226
3242,66,1649366428.198283000,10.11.219.6
3243,78,1649366428.198296000,10.11.219.6
3244,-2802,1649366428.198308000,142.250.206.226
3245,66,1649366428.198314000,10.11.219.6
3246,-66,1649366428.200450000,54.169.0.0
3247,-442,1649366428.201530000,104.244.42.131
3248,66,1649366428.201538000,10.11.219.6
3249,-2802,1649366428.202375000,172.217.25.162
3250,-494,1649366428.202375000,172.217.25.162
3251,-1434,1649366428.202376000,172.217.25.162
3252,66,1649366428.202391000,10.11.219.6
3253,78,1649366428.202410000,10.11.219.6
3254,66,1649366428.202417000,10.11.219.6
3255,-66,1649366428.203695000,103.71.26.126
3256,-66,1649366428.204733000,103.231.99.243
3257,-3351,1649366428.206325000,103.71.26.126
3258,-1434,1649366428.206326000,103.231.99.243
3259,66,1649366428.206334000,10.11.219.6
3260,66,1649366428.206343000,10.11.219.6
3261,-1434,1649366428.207447000,103.231.99.243
3262,-333,1649366428.207447000,103.231.99.243
3263,-2802,1649366428.207448000,54.169.0.0
3264,-1386,1649366428.207448000,54.169.0.0
3265,-1434,1649366428.207449000,103.231.99.243
3266,-1434,1649366428.207449000,54.169.0.0
3267,66,1649366428.207462000,10.11.219.6
3268,78,1649366428.207474000,10.11.219.6
3269,66,1649366428.207478000,10.11.219.6
3270,78,1649366428.207488000,10.11.219.6
3271,66,1649366428.207493000,10.11.219.6
3272,66,1649366428.207499000,10.11.219.6
3273,192,1649366428.209669000,10.11.219.6
3274,-676,1649366428.210255000,23.205.97.4
3275,66,1649366428.210281000,10.11.219.6
3276,192,1649366428.212296000,10.11.219.6
3277,192,1649366428.216274000,10.11.219.6
3278,506,1649366428.216459000,10.11.219.6
3279,-1434,1649366428.218907000,103.231.99.243
3280,78,1649366428.218917000,10.11.219.6
3281,-105,1649366428.219903000,209.54.176.128
3282,54,1649366428.219911000,10.11.219.6
3283,130,1649366428.222989000,10.11.219.6
3284,-66,1649366428.223111000,103.231.99.243
3285,-117,1649366428.224201000,103.231.99.243
3286,-122,1649366428.224202000,103.231.99.243
3287,66,1649366428.224215000,10.11.219.6
3288,66,1649366428.224227000,10.11.219.6
3289,-141,1649366428.225256000,69.173.158.64
3290,66,1649366428.225263000,10.11.219.6
3291,-646,1649366428.226363000,35.186.254.217
3292,66,1649366428.226369000,10.11.219.6
3293,-66,1649366428.229714000,103.43.90.53
3294,-1434,1649366428.229714000,103.43.90.53
3295,-74,1649366428.229715000,103.43.90.53
3296,-1434,1649366428.229715000,103.43.90.53
3297,66,1649366428.229724000,10.11.219.6
3298,78,1649366428.229732000,10.11.219.6
3299,66,1649366428.229736000,10.11.219.6
3300,-74,1649366428.230879000,34.227.211.111
3301,66,1649366428.230890000,10.11.219.6
3302,-98,1649366428.240646000,69.173.158.64
3303,-1434,1649366428.240647000,69.173.158.64
3304,-1430,1649366428.240648000,69.173.158.64
3305,-720,1649366428.240648000,69.173.158.64
3306,78,1649366428.240667000,10.11.219.6
3307,66,1649366428.240683000,10.11.219.6
3308,66,1649366428.240688000,10.11.219.6
3309,66,1649366428.240692000,10.11.219.6
3310,236,1649366428.246542000,10.11.219.6
3311,403,1649366428.246578000,10.11.219.6
3312,-97,1649366428.249909000,35.186.254.217
3313,66,1649366428.249930000,10.11.219.6
3314,159,1649366428.251387000,10.11.219.6
3315,-66,1649366428.254189000,35.186.254.217
3316,216,1649366428.255655000,10.11.219.6
3317,97,1649366428.256422000,10.11.219.6
3318,583,1649366428.258401000,10.11.219.6
3319,-441,1649366428.258528000,35.186.254.217
3320,66,1649366428.258545000,10.11.219.6
3321,105,1649366428.259189000,10.11.219.6
3322,214,1649366428.261803000,10.11.219.6
3323,-66,1649366428.263961000,35.186.254.217
3324,-66,1649366428.269197000,35.186.254.217
3325,-191,1649366428.273545000,35.186.254.217
3326,-66,1649366428.277790000,103.71.26.126
3327,-117,1649366428.278879000,103.71.26.126
3328,66,1649366428.278897000,10.11.219.6
3329,-66,1649366428.285439000,107.23.240.181
3330,-324,1649366428.287904000,54.169.0.0
3331,-135,1649366428.287904000,54.169.0.0
3332,-1434,1649366428.287905000,107.23.240.181
3333,-166,1649366428.287905000,107.23.240.181
3334,-2802,1649366428.287905000,107.23.240.181
3335,66,1649366428.287920000,10.11.219.6
3336,66,1649366428.287935000,10.11.219.6
3337,66,1649366428.287940000,10.11.219.6
3338,78,1649366428.287944000,10.11.219.6
3339,78,1649366428.287948000,10.11.219.6
3340,-1434,1649366428.287955000,107.23.240.181
3341,66,1649366428.287958000,10.11.219.6
3342,146,1649366428.297172000,10.11.219.6
3343,192,1649366428.301636000,10.11.219.6
3344,243,1649366428.301718000,10.11.219.6
3345,353,1649366428.301729000,10.11.219.6
3346,505,1649366428.301936000,10.11.219.6
3347,320,1649366428.302187000,10.11.219.6
3348,434,1649366428.302304000,10.11.219.6
3349,141,1649366428.302447000,10.11.219.6
3350,105,1649366428.303272000,10.11.219.6
3351,104,1649366428.303294000,10.11.219.6
3352,236,1649366428.303868000,10.11.219.6
3353,368,1649366428.303881000,10.11.219.6
3354,74,1649366428.304103000,10.11.219.6
3355,-66,1649366428.304705000,18.65.110.227
3356,545,1649366428.305982000,10.11.219.6
3357,-369,1649366428.310099000,18.178.52.42
3358,-369,1649366428.310099000,18.178.52.42
3359,-109,1649366428.310099000,18.178.52.42
3360,-66,1649366428.310100000,23.205.97.4
3361,66,1649366428.310141000,10.11.219.6
3362,66,1649366428.310147000,10.11.219.6
3363,66,1649366428.310151000,10.11.219.6
3364,97,1649366428.310936000,10.11.219.6
3365,-66,1649366428.310987000,35.186.254.217
3366,74,1649366428.311736000,10.11.219.6
3367,130,1649366428.312514000,10.11.219.6
3368,-66,1649366428.314232000,3.114.175.142
3369,-104,1649366428.314233000,3.114.175.142
3370,-66,1649366428.314233000,18.178.52.42
3371,66,1649366428.314258000,10.11.219.6
3372,-97,1649366428.320676000,18.178.52.42
3373,-412,1649366428.320676000,3.114.175.142
3374,-74,1649366428.320677000,184.25.233.136
3375,-674,1649366428.320677000,142.250.206.226
3376,66,1649366428.320685000,10.11.219.6
3377,66,1649366428.320693000,10.11.219.6
3378,66,1649366428.320702000,10.11.219.6
3379,66,1649366428.320707000,10.11.219.6
3380,-549,1649366428.321747000,18.178.52.42
3381,66,1649366428.321751000,10.11.219.6
3382,-141,1649366428.325991000,69.173.158.64
3383,66,1649366428.325999000,10.11.219.6
3384,-66,1649366428.330286000,103.43.90.53
3385,-340,1649366428.330286000,103.43.90.53
3386,66,1649366428.330294000,10.11.219.6
3387,-74,1649366428.340201000,13.35.183.82
3388,66,1649366428.340226000,10.11.219.6
3389,130,1649366428.344951000,10.11.219.6
3390,236,1649366428.346214000,10.11.219.6
3391,357,1649366428.346258000,10.11.219.6
3392,130,1649366428.347604000,10.11.219.6
3393,-646,1649366428.347891000,35.227.202.26
3394,66,1649366428.347908000,10.11.219.6
3395,-66,1649366428.350012000,142.250.206.226
3396,-97,1649366428.350013000,142.250.206.226
3397,66,1649366428.350036000,10.11.219.6
3398,97,1649366428.350607000,10.11.219.6
3399,-646,1649366428.351233000,34.98.64.218
3400,-1120,1649366428.351234000,23.205.97.4
3401,66,1649366428.351259000,10.11.219.6
3402,66,1649366428.351277000,10.11.219.6
3403,236,1649366428.354402000,10.11.219.6
3404,412,1649366428.354424000,10.11.219.6
3405,236,1649366428.354666000,10.11.219.6
3406,403,1649366428.354684000,10.11.219.6
3407,-66,1649366428.356639000,3.114.175.142
3408,583,1649366428.357116000,10.11.219.6
3409,-66,1649366428.357140000,34.98.64.218
3410,-66,1649366428.357141000,142.250.206.226
3411,-97,1649366428.357141000,34.98.64.218
3412,-66,1649366428.357141000,35.227.202.26
3413,66,1649366428.357162000,10.11.219.6
3414,-97,1649366428.357696000,35.227.202.26
3415,66,1649366428.357704000,10.11.219.6
3416,583,1649366428.359043000,10.11.219.6
3417,171,1649366428.359927000,10.11.219.6
3418,185,1649366428.360078000,10.11.219.6
3419,549,1649366428.361709000,10.11.219.6
3420,97,1649366428.361890000,10.11.219.6
3421,97,1649366428.361918000,10.11.219.6
3422,-66,1649366428.361961000,184.25.233.136
3423,573,1649366428.362510000,10.11.219.6
3424,-66,1649366428.363084000,18.178.52.42
3425,-66,1649366428.364350000,23.205.97.4
3426,-2802,1649366428.366337000,184.25.233.136
3427,-1159,1649366428.366337000,184.25.233.136
3428,-66,1649366428.366338000,13.35.183.82
3429,66,1649366428.366349000,10.11.219.6
3430,66,1649366428.366360000,10.11.219.6
3431,-2802,1649366428.367252000,13.35.183.82
3432,-2802,1649366428.367253000,13.35.183.82
3433,66,1649366428.367274000,10.11.219.6
3434,66,1649366428.367288000,10.11.219.6
3435,-583,1649366428.368216000,13.35.183.82
3436,66,1649366428.368243000,10.11.219.6
3437,-66,1649366428.369284000,34.98.64.218
3438,192,1649366428.370096000,10.11.219.6
3439,-66,1649366428.371521000,35.227.202.26
3440,-66,1649366428.371522000,18.178.52.42
3441,-66,1649366428.371523000,3.114.175.142
3442,-219,1649366428.371523000,3.114.175.142
3443,66,1649366428.371560000,10.11.219.6
3444,-66,1649366428.372749000,184.25.233.136
3445,-924,1649366428.373864000,3.115.249.132
3446,66,1649366428.373883000,10.11.219.6
3447,-324,1649366428.375977000,184.25.233.136
3448,66,1649366428.375996000,10.11.219.6
3449,-353,1649366428.378142000,18.178.52.42
3450,66,1649366428.378153000,10.11.219.6
3451,-718,1649366428.391131000,142.250.206.226
3452,-428,1649366428.391132000,142.250.206.226
3453,-105,1649366428.391132000,142.250.206.226
3454,66,1649366428.391146000,10.11.219.6
3455,66,1649366428.391163000,10.11.219.6
3456,66,1649366428.391166000,10.11.219.6
3457,-472,1649366428.398461000,34.98.64.218
3458,66,1649366428.398477000,10.11.219.6
3459,-656,1649366428.400605000,35.227.202.26
3460,66,1649366428.400610000,10.11.219.6
3461,-639,1649366428.408226000,209.54.176.128
3462,54,1649366428.408235000,10.11.219.6
3463,-771,1649366428.409210000,23.205.97.4
3464,-671,1649366428.409211000,18.65.110.227
3465,-97,1649366428.409211000,18.65.110.227
3466,66,1649366428.409220000,10.11.219.6
3467,66,1649366428.409229000,10.11.219.6
3468,66,1649366428.409232000,10.11.219.6
3469,243,1649366428.425052000,10.11.219.6
3470,470,1649366428.425096000,10.11.219.6
3471,513,1649366428.427415000,10.11.219.6
3472,105,1649366428.427577000,10.11.219.6
3473,105,1649366428.427596000,10.11.219.6
3474,105,1649366428.427624000,10.11.219.6
3475,104,1649366428.427649000,10.11.219.6
3476,-66,1649366428.428404000,34.227.211.111
3477,535,1649366428.428455000,10.11.219.6
3478,74,1649366428.430743000,10.11.219.6
3479,-3622,1649366428.431897000,34.227.211.111
3480,66,1649366428.431926000,10.11.219.6
3481,-66,1649366428.434817000,34.98.64.218
3482,-66,1649366428.435930000,142.250.206.226
3483,-66,1649366428.435931000,35.227.202.26
3484,-66,1649366428.436975000,103.231.99.80
3485,-104,1649366428.436976000,103.231.99.80
3486,66,1649366428.436996000,10.11.219.6
3487,-602,1649366428.438084000,103.231.99.80
3488,-104,1649366428.438085000,103.231.99.80
3489,66,1649366428.438099000,10.11.219.6
3490,66,1649366428.438126000,10.11.219.6
3491,-66,1649366428.439094000,103.231.99.80
3492,192,1649366428.439489000,10.11.219.6
3493,229,1649366428.440953000,10.11.219.6
3494,595,1649366428.441069000,10.11.219.6
3495,174,1649366428.441162000,10.11.219.6
3496,243,1649366428.442933000,10.11.219.6
3497,343,1649366428.442964000,10.11.219.6
3498,-66,1649366428.443481000,34.98.64.218
3499,74,1649366428.444570000,10.11.219.6
3500,74,1649366428.444625000,10.11.219.6
3501,130,1649366428.444801000,10.11.219.6
3502,-66,1649366428.445531000,142.250.206.226
3503,253,1649366428.446239000,10.11.219.6
3504,171,1649366428.446791000,10.11.219.6
3505,74,1649366428.447950000,10.11.219.6
3506,-674,1649366428.448941000,142.250.206.226
3507,-97,1649366428.448942000,142.250.206.226
3508,66,1649366428.448959000,10.11.219.6
3509,66,1649366428.448973000,10.11.219.6
3510,90,1649366428.449843000,10.11.219.6
3511,66,1649366428.449858000,10.11.219.6
3512,130,1649366428.450962000,10.11.219.6
3513,-66,1649366428.451229000,142.250.206.226
3514,-235,1649366428.451229000,52.24.224.99
3515,-104,1649366428.451229000,52.24.224.99
3516,66,1649366428.451244000,10.11.219.6
3517,66,1649366428.451251000,10.11.219.6
3518,-66,1649366428.452253000,142.250.206.226
3519,-66,1649366428.452253000,142.250.206.226
3520,66,1649366428.452285000,10.11.219.6
3521,-66,1649366428.454634000,54.150.10.110
3522,-119,1649366428.454635000,54.150.10.110
3523,66,1649366428.454645000,10.11.219.6
3524,-936,1649366428.457033000,54.150.10.110
3525,-705,1649366428.457033000,3.115.249.132
3526,66,1649366428.457040000,10.11.219.6
3527,66,1649366428.457051000,10.11.219.6
3528,-66,1649366428.470975000,209.54.176.128
3529,54,1649366428.471008000,10.11.219.6
3530,-117,1649366428.471855000,107.23.240.181
3531,-135,1649366428.471856000,107.23.240.181
3532,66,1649366428.471864000,10.11.219.6
3533,66,1649366428.471872000,10.11.219.6
3534,-639,1649366428.485905000,209.54.176.128
3535,-355,1649366428.485906000,34.98.64.218
3536,-190,1649366428.485907000,142.250.206.226
3537,-366,1649366428.485907000,142.250.206.226
3538,-97,1649366428.485907000,142.250.206.226
3539,-105,1649366428.485908000,142.250.206.226
3540,54,1649366428.485930000,10.11.219.6
3541,66,1649366428.485947000,10.11.219.6
3542,-231,1649366428.488881000,18.218.135.105
3543,66,1649366428.488888000,10.11.219.6
3544,-314,1649366428.491350000,142.250.206.226
3545,-396,1649366428.491351000,142.250.206.226
3546,-97,1649366428.491351000,142.250.206.226
3547,539,1649366428.494674000,10.11.219.6
3548,104,1649366428.495141000,10.11.219.6
3549,504,1649366428.495667000,10.11.219.6
3550,105,1649366428.495855000,10.11.219.6
3551,105,1649366428.496894000,10.11.219.6
3552,-66,1649366428.498743000,34.98.64.218
3553,571,1649366428.501503000,10.11.219.6
3554,243,1649366428.502161000,10.11.219.6
3555,349,1649366428.502186000,10.11.219.6
3556,104,1649366428.503760000,10.11.219.6
3557,-66,1649366428.504286000,142.250.206.226
3558,243,1649366428.507702000,10.11.219.6
3559,407,1649366428.507731000,10.11.219.6
3560,104,1649366428.509100000,10.11.219.6
3561,550,1649366428.509364000,10.11.219.6
3562,-903,1649366428.509940000,69.173.158.64
3563,66,1649366428.509961000,10.11.219.6
3564,-145,1649366428.510544000,119.9.108.191
3565,-145,1649366428.510545000,119.9.108.191
3566,66,1649366428.510562000,10.11.219.6
3567,66,1649366428.510575000,10.11.219.6
3568,487,1649366428.513314000,10.11.219.6
3569,-66,1649366428.513861000,54.238.160.164
3570,-104,1649366428.514845000,54.238.160.164
3571,66,1649366428.514863000,10.11.219.6
3572,165,1649366428.515219000,10.11.219.6
3573,178,1649366428.516330000,10.11.219.6
3574,-699,1649366428.517505000,54.238.160.164
3575,66,1649366428.517522000,10.11.219.6
3576,-66,1649366428.518507000,142.250.206.226
3577,-66,1649366428.519865000,103.231.99.243
3578,-104,1649366428.519866000,103.231.99.243
3579,-407,1649366428.519866000,103.231.99.243
3580,-66,1649366428.519866000,103.231.99.243
3581,66,1649366428.519875000,10.11.219.6
3582,66,1649366428.519881000,10.11.219.6
3583,-66,1649366428.527199000,54.150.10.110
3584,-419,1649366428.527199000,54.150.10.110
3585,66,1649366428.527209000,10.11.219.6
3586,501,1649366428.550402000,10.11.219.6
3587,74,1649366428.551588000,10.11.219.6
3588,-710,1649366428.558201000,119.9.108.191
3589,66,1649366428.558217000,10.11.219.6
3590,-190,1649366428.562443000,142.250.206.226
3591,-367,1649366428.562443000,142.250.206.226
3592,-97,1649366428.562444000,142.250.206.226
3593,-105,1649366428.562444000,142.250.206.226
3594,-105,1649366428.575430000,142.250.206.226
3595,78,1649366428.575446000,10.11.219.6
3596,-66,1649366428.577485000,103.71.26.126
3597,-766,1649366428.578606000,103.71.26.126
3598,66,1649366428.578627000,10.11.219.6
3599,464,1649366428.579438000,10.11.219.6
3600,130,1649366428.579872000,10.11.219.6
3601,545,1649366428.581068000,10.11.219.6
3602,221,1649366428.581758000,10.11.219.6
3603,-66,1649366428.583122000,184.25.233.136
3604,-855,1649366428.583123000,69.173.158.64
3605,-674,1649366428.583123000,172.217.25.162
3606,66,1649366428.583150000,10.11.219.6
3607,66,1649366428.583173000,10.11.219.6
3608,105,1649366428.583380000,10.11.219.6
3609,-66,1649366428.586177000,142.250.206.226
3610,236,1649366428.586653000,10.11.219.6
3611,388,1649366428.586683000,10.11.219.6
3612,97,1649366428.589047000,10.11.219.6
3613,-97,1649366428.589586000,172.217.25.162
3614,66,1649366428.589612000,10.11.219.6
3615,-66,1649366428.593855000,103.231.99.243
3616,-136,1649366428.593856000,103.231.99.243
3617,66,1649366428.593876000,10.11.219.6
3618,-66,1649366428.597449000,172.217.25.162
3619,-66,1649366428.606223000,13.35.183.82
3620,-2802,1649366428.606225000,13.35.183.82
3621,-2802,1649366428.606226000,13.35.183.82
3622,66,1649366428.606265000,10.11.219.6
3623,66,1649366428.606294000,10.11.219.6
3624,-583,1649366428.606996000,13.35.183.82
3625,66,1649366428.607008000,10.11.219.6
3626,-324,1649366428.608986000,34.227.211.111
3627,-135,1649366428.608986000,34.227.211.111
3628,66,1649366428.608998000,10.11.219.6
3629,66,1649366428.609009000,10.11.219.6
3630,-639,1649366428.614470000,209.54.176.128
3631,54,1649366428.614487000,10.11.219.6
3632,-66,1649366428.616769000,209.54.176.128
3633,54,1649366428.616783000,10.11.219.6
3634,-66,1649366428.618893000,209.54.176.128
3635,54,1649366428.618905000,10.11.219.6
3636,531,1649366428.621032000,10.11.219.6
3637,525,1649366428.624586000,10.11.219.6
3638,540,1649366428.624695000,10.11.219.6
3639,612,1649366428.624774000,10.11.219.6
3640,531,1649366428.624896000,10.11.219.6
3641,571,1649366428.627200000,10.11.219.6
3642,-66,1649366428.627735000,209.54.176.128
3643,54,1649366428.627755000,10.11.219.6
3644,571,1649366428.629377000,10.11.219.6
3645,-66,1649366428.629983000,103.43.90.53
3646,-1045,1649366428.629984000,103.43.90.53
3647,66,1649366428.630002000,10.11.219.6
3648,130,1649366428.630050000,10.11.219.6
3649,526,1649366428.631678000,10.11.219.6
3650,-754,1649366428.631976000,172.217.25.162
3651,-139,1649366428.631977000,172.217.25.162
3652,66,1649366428.631991000,10.11.219.6
3653,66,1649366428.632002000,10.11.219.6
3654,-97,1649366428.633010000,172.217.25.162
3655,-105,1649366428.633011000,172.217.25.162
3656,66,1649366428.633024000,10.11.219.6
3657,66,1649366428.633036000,10.11.219.6
3658,-66,1649366428.634091000,35.213.12.39
3659,571,1649366428.634489000,10.11.219.6
3660,531,1649366428.636261000,10.11.219.6
3661,-923,1649366428.636310000,35.213.12.39
3662,66,1649366428.636322000,10.11.219.6
3663,243,1649366428.637540000,10.11.219.6
3664,401,1649366428.637571000,10.11.219.6
3665,105,1649366428.637616000,10.11.219.6
3666,-54,1649366428.638449000,209.54.176.128
3667,104,1649366428.639670000,10.11.219.6
3668,130,1649366428.640568000,10.11.219.6
3669,-66,1649366428.640689000,172.217.25.162
3670,243,1649366428.642999000,10.11.219.6
3671,339,1649366428.643027000,10.11.219.6
3672,104,1649366428.643782000,10.11.219.6
3673,74,1649366428.644498000,10.11.219.6
3674,-74,1649366428.647162000,172.217.161.196
3675,66,1649366428.647207000,10.11.219.6
3676,583,1649366428.650697000,10.11.219.6
3677,-789,1649366428.652575000,184.25.233.136
3678,66,1649366428.652586000,10.11.219.6
3679,537,1649366428.652971000,10.11.219.6
3680,-66,1649366428.653613000,172.217.161.196
3681,291,1649366428.662655000,10.11.219.6
3682,403,1649366428.664076000,10.11.219.6
3683,-66,1649366428.665445000,18.65.110.227
3684,-330,1649366428.667609000,35.213.12.39
3685,66,1649366428.667629000,10.11.219.6
3686,285,1649366428.668585000,10.11.219.6
3687,-54,1649366428.668697000,209.54.176.128
3688,397,1649366428.670210000,10.11.219.6
3689,-6001,1649366428.671294000,209.54.176.128
3690,-66,1649366428.671295000,18.65.110.227
3691,54,1649366428.671321000,10.11.219.6
3692,-639,1649366428.674202000,209.54.176.128
3693,54,1649366428.674232000,10.11.219.6
3694,180,1649366428.680084000,10.11.219.6
3695,285,1649366428.680709000,10.11.219.6
3696,397,1649366428.680922000,10.11.219.6
3697,286,1649366428.681363000,10.11.219.6
3698,548,1649366428.681496000,10.11.219.6
3699,398,1649366428.682681000,10.11.219.6
3700,-66,1649366428.682784000,18.65.110.227
3701,289,1649366428.683556000,10.11.219.6
3702,-66,1649366428.684102000,18.65.110.227
3703,401,1649366428.685387000,10.11.219.6
3704,281,1649366428.685694000,10.11.219.6
3705,393,1649366428.686083000,10.11.219.6
3706,-291,1649366428.686231000,119.9.108.191
3707,-66,1649366428.686232000,18.65.110.227
3708,66,1649366428.686250000,10.11.219.6
3709,285,1649366428.686334000,10.11.219.6
3710,397,1649366428.686648000,10.11.219.6
3711,-66,1649366428.688232000,18.65.110.227
3712,-66,1649366428.689320000,18.65.110.227
3713,-66,1649366428.692775000,103.71.26.126
3714,-702,1649366428.694161000,103.71.26.126
3715,-1434,1649366428.694161000,172.217.161.196
3716,-249,1649366428.694162000,172.217.161.196
3717,-2802,1649366428.694162000,172.217.161.196
3718,66,1649366428.694178000,10.11.219.6
3719,66,1649366428.694195000,10.11.219.6
3720,78,1649366428.694201000,10.11.219.6
3721,66,1649366428.694207000,10.11.219.6
3722,243,1649366428.698870000,10.11.219.6
3723,408,1649366428.698893000,10.11.219.6
3724,104,1649366428.699910000,10.11.219.6
3725,-104,1649366428.705939000,54.169.0.0
3726,66,1649366428.705947000,10.11.219.6
3727,-993,1649366428.708183000,54.169.0.0
3728,-104,1649366428.708183000,54.169.0.0
3729,66,1649366428.708196000,10.11.219.6
3730,66,1649366428.708209000,10.11.219.6
3731,-823,1649366428.716793000,103.43.90.53
3732,66,1649366428.716811000,10.11.219.6
3733,74,1649366428.737704000,10.11.219.6
3734,130,1649366428.744881000,10.11.219.6
3735,236,1649366428.745288000,10.11.219.6
3736,393,1649366428.745306000,10.11.219.6
3737,-54,1649366428.748180000,52.119.175.30
3738,-66,1649366428.748181000,172.217.161.196
3739,-674,1649366428.748181000,172.217.161.196
3740,66,1649366428.748207000,10.11.219.6
3741,97,1649366428.749191000,10.11.219.6
3742,-97,1649366428.750267000,172.217.161.196
3743,-66,1649366428.750268000,54.169.0.0
3744,66,1649366428.750280000,10.11.219.6
3745,-66,1649366428.756610000,172.217.161.196
3746,-669,1649366428.769550000,18.65.110.227
3747,-97,1649366428.769551000,18.65.110.227
3748,66,1649366428.769565000,10.11.219.6
3749,66,1649366428.769580000,10.11.219.6
3750,-668,1649366428.777708000,18.65.110.227
3751,-97,1649366428.777718000,18.65.110.227
3752,-639,1649366428.777718000,52.119.175.30
3753,66,1649366428.777736000,10.11.219.6
3754,66,1649366428.777763000,10.11.219.6
3755,54,1649366428.777768000,10.11.219.6
3756,-668,1649366428.789354000,18.65.110.227
3757,-97,1649366428.789355000,18.65.110.227
3758,-668,1649366428.789356000,18.65.110.227
3759,-97,1649366428.789356000,18.65.110.227
3760,-54,1649366428.789357000,209.54.176.128
3761,66,1649366428.789381000,10.11.219.6
3762,66,1649366428.789418000,10.11.219.6
3763,66,1649366428.789424000,10.11.219.6
3764,66,1649366428.789428000,10.11.219.6
3765,-669,1649366428.791447000,18.65.110.227
3766,-97,1649366428.791448000,18.65.110.227
3767,66,1649366428.791466000,10.11.219.6
3768,66,1649366428.791483000,10.11.219.6
3769,-74,1649366428.792419000,99.86.249.87
3770,-669,1649366428.792420000,18.65.110.227
3771,-97,1649366428.792420000,18.65.110.227
3772,-682,1649366428.792421000,172.217.161.196
3773,66,1649366428.792447000,10.11.219.6
3774,66,1649366428.792465000,10.11.219.6
3775,66,1649366428.792474000,10.11.219.6
3776,66,1649366428.792478000,10.11.219.6
3777,-139,1649366428.795112000,172.217.161.196
3778,-54,1649366428.795113000,209.54.176.128
3779,-669,1649366428.795114000,18.65.110.227
3780,-97,1649366428.795114000,18.65.110.227
3781,-97,1649366428.795114000,172.217.161.196
3782,66,1649366428.795132000,10.11.219.6
3783,66,1649366428.795154000,10.11.219.6
3784,66,1649366428.795160000,10.11.219.6
3785,66,1649366428.795163000,10.11.219.6
3786,583,1649366428.795370000,10.11.219.6
3787,-105,1649366428.795685000,172.217.161.196
3788,-54,1649366428.795686000,52.119.175.30
3789,66,1649366428.795693000,10.11.219.6
3790,105,1649366428.796032000,10.11.219.6
3791,-66,1649366428.798883000,172.217.161.196
3792,-54,1649366428.799988000,209.54.176.128
3793,74,1649366428.801311000,10.11.219.6
3794,-5494,1649366428.802163000,209.54.176.128
3795,54,1649366428.802170000,10.11.219.6
3796,-561,1649366428.803227000,209.54.176.128
3797,54,1649366428.803239000,10.11.219.6
3798,-54,1649366428.804311000,209.54.176.128
3799,-235,1649366428.804311000,52.24.224.99
3800,-104,1649366428.804312000,52.24.224.99
3801,66,1649366428.804334000,10.11.219.6
3802,66,1649366428.804346000,10.11.219.6
3803,-2774,1649366428.805554000,209.54.176.128
3804,54,1649366428.805561000,10.11.219.6
3805,180,1649366428.806009000,10.11.219.6
3806,-3281,1649366428.807715000,209.54.176.128
3807,-54,1649366428.807716000,209.54.176.128
3808,54,1649366428.807739000,10.11.219.6
3809,-235,1649366428.810786000,52.24.224.99
3810,-104,1649366428.810787000,52.24.224.99
3811,66,1649366428.810807000,10.11.219.6
3812,66,1649366428.810823000,10.11.219.6
3813,180,1649366428.811746000,10.11.219.6
3814,-66,1649366428.811828000,34.227.211.111
3815,-104,1649366428.811829000,34.227.211.111
3816,66,1649366428.811849000,10.11.219.6
3817,-639,1649366428.812918000,209.54.176.128
3818,54,1649366428.812948000,10.11.219.6
3819,563,1649366428.814730000,10.11.219.6
3820,-255,1649366428.815304000,34.227.211.111
3821,66,1649366428.815326000,10.11.219.6
3822,-54,1649366428.816098000,209.54.176.128
3823,-6001,1649366428.819632000,209.54.176.128
3824,54,1649366428.819651000,10.11.219.6
3825,-66,1649366428.821469000,52.24.224.99
3826,-235,1649366428.821470000,52.24.224.99
3827,-104,1649366428.821470000,52.24.224.99
3828,66,1649366428.821494000,10.11.219.6
3829,66,1649366428.821510000,10.11.219.6
3830,-235,1649366428.823640000,52.24.224.99
3831,-104,1649366428.823641000,52.24.224.99
3832,66,1649366428.823662000,10.11.219.6
3833,-639,1649366428.824730000,52.119.175.30
3834,-66,1649366428.824731000,52.24.224.99
3835,54,1649366428.824743000,10.11.219.6
3836,180,1649366428.825644000,10.11.219.6
3837,66,1649366428.826709000,10.11.219.6
3838,-236,1649366428.827310000,52.24.224.99
3839,-104,1649366428.827311000,52.24.224.99
3840,-235,1649366428.827311000,52.24.224.99
3841,-104,1649366428.827312000,52.24.224.99
3842,-235,1649366428.827312000,52.24.224.99
3843,-104,1649366428.827312000,52.24.224.99
3844,66,1649366428.830341000,10.11.219.6
3845,-105,1649366428.847479000,209.54.176.128
3846,54,1649366428.847500000,10.11.219.6
3847,551,1649366428.847807000,10.11.219.6
3848,-639,1649366428.861420000,209.54.176.128
3849,54,1649366428.861464000,10.11.219.6
3850,506,1649366428.861755000,10.11.219.6
3851,-66,1649366428.868913000,107.23.240.181
3852,-104,1649366428.868914000,107.23.240.181
3853,66,1649366428.868950000,10.11.219.6
3854,-492,1649366428.869967000,107.23.240.181
3855,66,1649366428.869975000,10.11.219.6
3856,-66,1649366428.887118000,13.35.183.82
3857,-66,1649366428.889260000,13.35.183.82
3858,-66,1649366428.891566000,13.35.183.82
3859,-576,1649366428.891567000,13.35.183.82
3860,66,1649366428.891587000,10.11.219.6
3861,-66,1649366428.912844000,107.23.240.181
3862,74,1649366428.952019000,10.11.219.6
3863,912,1649366428.958648000,10.11.219.6
3864,-66,1649366428.966389000,209.54.176.128
3865,54,1649366428.966417000,10.11.219.6
3866,571,1649366428.969224000,10.11.219.6
3867,105,1649366428.969484000,10.11.219.6
3868,105,1649366428.969628000,10.11.219.6
3869,105,1649366428.969649000,10.11.219.6
3870,105,1649366428.969663000,10.11.219.6
3871,105,1649366428.969675000,10.11.219.6
3872,112,1649366428.969705000,10.11.219.6
3873,112,1649366428.969720000,10.11.219.6
3874,112,1649366428.969732000,10.11.219.6
3875,112,1649366428.969762000,10.11.219.6
3876,105,1649366428.969784000,10.11.219.6
3877,112,1649366428.969796000,10.11.219.6
3878,112,1649366428.969807000,10.11.219.6
3879,112,1649366428.969828000,10.11.219.6
3880,112,1649366428.969875000,10.11.219.6
3881,105,1649366428.969917000,10.11.219.6
3882,112,1649366428.969935000,10.11.219.6
3883,105,1649366428.969969000,10.11.219.6
3884,112,1649366428.969998000,10.11.219.6
3885,112,1649366428.970020000,10.11.219.6
3886,105,1649366428.970131000,10.11.219.6
3887,105,1649366428.970242000,10.11.219.6
3888,105,1649366428.970306000,10.11.219.6
3889,105,1649366428.970329000,10.11.219.6
3890,112,1649366428.970353000,10.11.219.6
3891,105,1649366428.970380000,10.11.219.6
3892,105,1649366428.970398000,10.11.219.6
3893,97,1649366428.970683000,10.11.219.6
3894,66,1649366428.970695000,10.11.219.6
3895,90,1649366428.970904000,10.11.219.6
3896,66,1649366428.970915000,10.11.219.6
3897,119,1649366428.971046000,10.11.219.6
3898,66,1649366428.971058000,10.11.219.6
3899,97,1649366428.971370000,10.11.219.6
3900,66,1649366428.971385000,10.11.219.6
3901,97,1649366428.971500000,10.11.219.6
3902,66,1649366428.971516000,10.11.219.6
3903,97,1649366428.971734000,10.11.219.6
3904,66,1649366428.971748000,10.11.219.6
3905,97,1649366428.971843000,10.11.219.6
3906,66,1649366428.971854000,10.11.219.6
3907,90,1649366428.971993000,10.11.219.6
3908,66,1649366428.972006000,10.11.219.6
3909,119,1649366428.972118000,10.11.219.6
3910,66,1649366428.972129000,10.11.219.6
3911,90,1649366428.972364000,10.11.219.6
3912,66,1649366428.972377000,10.11.219.6
3913,97,1649366428.972473000,10.11.219.6
3914,66,1649366428.972484000,10.11.219.6
3915,97,1649366428.972772000,10.11.219.6
3916,66,1649366428.972788000,10.11.219.6
3917,-66,1649366428.972893000,172.217.25.162
3918,-66,1649366428.972894000,172.217.161.196
3919,-66,1649366428.972894000,35.186.254.217
3920,-66,1649366428.972895000,35.227.202.26
3921,-66,1649366428.972895000,18.65.110.227
3922,-66,1649366428.972895000,18.65.156.177
3923,-66,1649366428.972895000,34.98.64.218
3924,-66,1649366428.972895000,18.65.148.38
3925,90,1649366428.972898000,10.11.219.6
3926,66,1649366428.972911000,10.11.219.6
3927,-66,1649366428.972927000,142.250.206.226
3928,107,1649366428.973052000,10.11.219.6
3929,54,1649366428.973064000,10.11.219.6
3930,85,1649366428.973201000,10.11.219.6
3931,54,1649366428.973214000,10.11.219.6
3932,85,1649366428.973653000,10.11.219.6
3933,54,1649366428.973669000,10.11.219.6
3934,85,1649366428.973834000,10.11.219.6
3935,54,1649366428.973849000,10.11.219.6
3936,85,1649366428.973991000,10.11.219.6
3937,54,1649366428.974006000,10.11.219.6
3938,85,1649366428.974180000,10.11.219.6
3939,54,1649366428.974194000,10.11.219.6
3940,85,1649366428.974352000,10.11.219.6
3941,54,1649366428.974365000,10.11.219.6
3942,-66,1649366428.974484000,18.65.116.124
3943,-66,1649366428.974485000,184.25.233.136
3944,-97,1649366428.974485000,184.25.233.136
3945,54,1649366428.974532000,10.11.219.6
3946,85,1649366428.974698000,10.11.219.6
3947,54,1649366428.974712000,10.11.219.6
3948,85,1649366428.974878000,10.11.219.6
3949,54,1649366428.974889000,10.11.219.6
3950,85,1649366428.975057000,10.11.219.6
3951,54,1649366428.975067000,10.11.219.6
3952,-66,1649366428.975143000,184.25.233.136
3953,-66,1649366428.975144000,23.205.97.4
3954,-97,1649366428.975144000,23.205.97.4
3955,-66,1649366428.975144000,23.205.97.4
3956,54,1649366428.975156000,10.11.219.6
3957,54,1649366428.975189000,10.11.219.6
3958,54,1649366428.975197000,10.11.219.6
3959,85,1649366428.975207000,10.11.219.6
3960,54,1649366428.975216000,10.11.219.6
3961,85,1649366428.975413000,10.11.219.6
3962,54,1649366428.975428000,10.11.219.6
3963,85,1649366428.975724000,10.11.219.6
3964,54,1649366428.975737000,10.11.219.6
3965,85,1649366428.976067000,10.11.219.6
3966,54,1649366428.976080000,10.11.219.6
3967,85,1649366428.976228000,10.11.219.6
3968,54,1649366428.976239000,10.11.219.6
3969,-66,1649366428.976272000,23.205.97.4
3970,-66,1649366428.976273000,23.64.8.218
3971,-97,1649366428.976273000,23.205.97.4
3972,-66,1649366428.976274000,23.205.97.4
3973,54,1649366428.976299000,10.11.219.6
3974,54,1649366428.976313000,10.11.219.6
3975,85,1649366428.976375000,10.11.219.6
3976,54,1649366428.976387000,10.11.219.6
3977,85,1649366428.976528000,10.11.219.6
3978,54,1649366428.976541000,10.11.219.6
3979,97,1649366428.976777000,10.11.219.6
3980,66,1649366428.976787000,10.11.219.6
3981,-90,1649366428.977207000,23.64.8.218
3982,-66,1649366428.977207000,23.64.8.218
3983,54,1649366428.977230000,10.11.219.6
3984,54,1649366428.977242000,10.11.219.6
3985,-105,1649366428.979612000,209.54.176.128
3986,54,1649366428.979633000,10.11.219.6
3987,90,1649366428.980230000,10.11.219.6
3988,66,1649366428.980250000,10.11.219.6
3989,90,1649366428.980379000,10.11.219.6
3990,66,1649366428.980388000,10.11.219.6
3991,90,1649366428.980492000,10.11.219.6
3992,66,1649366428.980501000,10.11.219.6
3993,90,1649366428.980767000,10.11.219.6
3994,66,1649366428.980777000,10.11.219.6
3995,-66,1649366428.980803000,151.101.109.16
3996,-66,1649366428.980804000,151.101.109.16
3997,-66,1649366428.980804000,103.231.99.243
3998,-112,1649366428.980805000,103.231.99.243
3999,-66,1649366428.980805000,103.231.99.243
4000,66,1649366428.980827000,10.11.219.6
4001,90,1649366428.980914000,10.11.219.6
4002,66,1649366428.980921000,10.11.219.6
4003,97,1649366428.981119000,10.11.219.6
4004,66,1649366428.981135000,10.11.219.6
4005,97,1649366428.981272000,10.11.219.6
4006,66,1649366428.981281000,10.11.219.6
4007,97,1649366428.981390000,10.11.219.6
4008,66,1649366428.981414000,10.11.219.6
4009,90,1649366428.981515000,10.11.219.6
4010,66,1649366428.981526000,10.11.219.6
4011,90,1649366428.981774000,10.11.219.6
4012,66,1649366428.981783000,10.11.219.6
4013,97,1649366428.981903000,10.11.219.6
4014,66,1649366428.981910000,10.11.219.6
4015,97,1649366428.981994000,10.11.219.6
4016,66,1649366428.982000000,10.11.219.6
4017,-66,1649366428.982007000,103.231.99.80
4018,-90,1649366428.982009000,18.178.52.42
4019,97,1649366428.982089000,10.11.219.6
4020,66,1649366428.982096000,10.11.219.6
4021,66,1649366428.982099000,10.11.219.6
4022,-66,1649366428.982116000,18.178.52.42
4023,-66,1649366428.982117000,18.65.116.118
4024,-66,1649366428.982117000,54.150.10.110
4025,-66,1649366428.982117000,104.244.42.131
4026,-97,1649366428.982118000,3.115.249.132
4027,66,1649366428.982128000,10.11.219.6
4028,66,1649366428.982140000,10.11.219.6
4029,54,1649366428.982161000,10.11.219.6
4030,90,1649366428.982342000,10.11.219.6
4031,66,1649366428.982350000,10.11.219.6
4032,97,1649366428.982476000,10.11.219.6
4033,66,1649366428.982491000,10.11.219.6
4034,97,1649366428.982607000,10.11.219.6
4035,66,1649366428.982617000,10.11.219.6
4036,90,1649366428.982709000,10.11.219.6
4037,66,1649366428.982716000,10.11.219.6
4038,-66,1649366428.982920000,3.115.249.132
4039,-66,1649366428.982921000,142.250.206.226
4040,-66,1649366428.982921000,142.250.206.226
4041,54,1649366428.982929000,10.11.219.6
4042,66,1649366428.982946000,10.11.219.6
4043,97,1649366428.982967000,10.11.219.6
4044,66,1649366428.982975000,10.11.219.6
4045,90,1649366428.983116000,10.11.219.6
4046,66,1649366428.983124000,10.11.219.6
4047,97,1649366428.983208000,10.11.219.6
4048,66,1649366428.983215000,10.11.219.6
4049,90,1649366428.983376000,10.11.219.6
4050,66,1649366428.983393000,10.11.219.6
4051,97,1649366428.983654000,10.11.219.6
4052,66,1649366428.983663000,10.11.219.6
4053,90,1649366428.983811000,10.11.219.6
4054,66,1649366428.983818000,10.11.219.6
4055,90,1649366428.983946000,10.11.219.6
4056,66,1649366428.983954000,10.11.219.6
4057,-66,1649366428.984002000,172.217.161.196
4058,-66,1649366428.984003000,18.65.148.38
4059,-66,1649366428.984003000,172.217.161.196
4060,-66,1649366428.984003000,172.217.161.196
4061,-66,1649366428.984003000,35.186.254.217
4062,-66,1649366428.984004000,35.186.254.217
4063,-66,1649366428.984004000,18.65.148.38
4064,-66,1649366428.984004000,18.65.116.124
4065,66,1649366428.984028000,10.11.219.6
4066,66,1649366428.984044000,10.11.219.6
4067,66,1649366428.984051000,10.11.219.6
4068,-66,1649366428.984061000,18.65.116.124
4069,66,1649366428.984064000,10.11.219.6
4070,97,1649366428.984187000,10.11.219.6
4071,66,1649366428.984198000,10.11.219.6
4072,90,1649366428.984372000,10.11.219.6
4073,66,1649366428.984383000,10.11.219.6
4074,543,1649366428.985022000,10.11.219.6
4075,74,1649366428.985166000,10.11.219.6
4076,-66,1649366428.985198000,172.217.25.162
4077,-66,1649366428.985199000,172.217.25.162
4078,-66,1649366428.985199000,18.65.156.177
4079,-66,1649366428.985199000,172.217.25.162
4080,-66,1649366428.985200000,18.65.156.177
4081,66,1649366428.985237000,10.11.219.6
4082,66,1649366428.985251000,10.11.219.6
4083,74,1649366428.985290000,10.11.219.6
4084,74,1649366428.985359000,10.11.219.6
4085,-66,1649366428.986167000,35.227.202.26
4086,-66,1649366428.986168000,35.227.202.26
4087,-105,1649366428.986168000,209.54.176.128
4088,-66,1649366428.986168000,34.98.64.218
4089,-66,1649366428.986168000,34.98.64.218
4090,66,1649366428.986191000,10.11.219.6
4091,54,1649366428.986210000,10.11.219.6
4092,66,1649366428.986218000,10.11.219.6
4093,524,1649366428.986449000,10.11.219.6
4094,-66,1649366428.987213000,35.213.12.39
4095,-66,1649366428.987214000,18.65.116.14
4096,-66,1649366428.987214000,18.65.116.14
4097,66,1649366428.987232000,10.11.219.6
4098,66,1649366428.987253000,10.11.219.6
4099,74,1649366428.987803000,10.11.219.6
4100,-66,1649366428.988341000,18.65.110.227
4101,-66,1649366428.988341000,18.65.110.227
4102,-74,1649366428.988342000,142.250.206.227
4103,66,1649366428.988359000,10.11.219.6
4104,66,1649366428.988380000,10.11.219.6
4105,-74,1649366428.989344000,18.65.110.227
4106,66,1649366428.989365000,10.11.219.6
4107,583,1649366428.991030000,10.11.219.6
4108,-66,1649366428.991735000,52.194.88.144
4109,-66,1649366428.991736000,52.194.88.144
4110,-66,1649366428.991737000,52.194.88.144
4111,66,1649366428.991777000,10.11.219.6
4112,-66,1649366428.994177000,103.231.99.80
4113,-66,1649366428.994178000,103.231.99.80
4114,-66,1649366428.994179000,103.231.99.80
4115,-66,1649366428.994179000,142.250.206.227
4116,-66,1649366428.994179000,54.238.160.164
4117,-66,1649366428.994180000,54.238.160.164
4118,-66,1649366428.994180000,54.238.160.164
4119,-54,1649366428.994180000,54.150.10.110
4120,66,1649366428.994226000,10.11.219.6
4121,66,1649366428.994259000,10.11.219.6
4122,583,1649366428.995029000,10.11.219.6
4123,-66,1649366428.995290000,151.101.109.16
4124,-66,1649366428.995291000,151.101.109.16
4125,-90,1649366428.995291000,151.101.109.16
4126,-66,1649366428.995291000,151.101.109.16
4127,-66,1649366428.995292000,3.114.175.142
4128,-66,1649366428.995292000,3.114.175.142
4129,-66,1649366428.995292000,3.114.175.142
4130,54,1649366428.995331000,10.11.219.6
4131,54,1649366428.995347000,10.11.219.6
4132,66,1649366428.995362000,10.11.219.6
4133,-66,1649366428.996352000,151.101.109.16
4134,-66,1649366428.996353000,151.101.109.16
4135,-90,1649366428.996353000,151.101.109.16
4136,-66,1649366428.996353000,151.101.109.16
4137,-66,1649366428.996353000,104.244.42.131
4138,-90,1649366428.996354000,104.244.42.131
4139,-66,1649366428.996354000,104.244.42.131
4140,54,1649366428.996382000,10.11.219.6
4141,54,1649366428.996394000,10.11.219.6
4142,54,1649366428.996404000,10.11.219.6
4143,54,1649366428.996410000,10.11.219.6
4144,-66,1649366428.998986000,18.65.110.227
4145,-4170,1649366429.001492000,18.65.110.227
4146,-74,1649366429.001493000,3.121.17.249
4147,-1217,1649366429.001494000,18.65.110.227
4148,-639,1649366429.001494000,209.54.176.128
4149,66,1649366429.001515000,10.11.219.6
4150,66,1649366429.001546000,10.11.219.6
4151,66,1649366429.001553000,10.11.219.6
4152,85,1649366429.005142000,10.11.219.6
4153,-105,1649366429.005156000,209.54.176.128
4154,54,1649366429.005174000,10.11.219.6
4155,54,1649366429.005183000,10.11.219.6
4156,583,1649366429.012391000,10.11.219.6
4157,537,1649366429.014524000,10.11.219.6
4158,74,1649366429.015265000,10.11.219.6
4159,130,1649366429.016863000,10.11.219.6
4160,236,1649366429.017365000,10.11.219.6
4161,767,1649366429.017407000,10.11.219.6
4162,-66,1649366429.019159000,18.65.110.227
4163,-128,1649366429.020262000,18.65.110.227
4164,-66,1649366429.020263000,18.65.110.227
4165,-97,1649366429.020263000,18.65.110.227
4166,-66,1649366429.020264000,18.65.110.227
4167,66,1649366429.020287000,10.11.219.6
4168,66,1649366429.020324000,10.11.219.6
4169,97,1649366429.022107000,10.11.219.6
4170,-66,1649366429.024507000,18.65.110.227
4171,-639,1649366429.025644000,209.54.176.128
4172,54,1649366429.025679000,10.11.219.6
4173,85,1649366429.026233000,10.11.219.6
4174,54,1649366429.026258000,10.11.219.6
4175,74,1649366429.026544000,10.11.219.6
4176,-90,1649366429.030957000,119.9.108.191
4177,-66,1649366429.030958000,119.9.108.191
4178,54,1649366429.030998000,10.11.219.6
4179,54,1649366429.031035000,10.11.219.6
4180,-264,1649366429.034327000,142.250.206.227
4181,-1434,1649366429.034328000,142.250.206.227
4182,78,1649366429.034351000,10.11.219.6
4183,78,1649366429.034377000,10.11.219.6
4184,-2802,1649366429.034393000,142.250.206.227
4185,66,1649366429.034399000,10.11.219.6
4186,-66,1649366429.037173000,99.86.249.87
4187,-2802,1649366429.041080000,99.86.249.87
4188,-2802,1649366429.041081000,99.86.249.87
4189,-66,1649366429.041082000,54.169.0.0
4190,-66,1649366429.041082000,69.173.158.64
4191,-639,1649366429.041082000,209.54.176.128
4192,-583,1649366429.041083000,99.86.249.87
4193,66,1649366429.041105000,10.11.219.6
4194,66,1649366429.041128000,10.11.219.6
4195,66,1649366429.041162000,10.11.219.6
4196,-66,1649366429.041169000,103.71.26.126
4197,-66,1649366429.041170000,103.71.26.126
4198,-66,1649366429.041170000,103.71.26.126
4199,-66,1649366429.041170000,69.173.158.64
4200,66,1649366429.041190000,10.11.219.6
4201,66,1649366429.041197000,10.11.219.6
4202,-66,1649366429.050569000,103.43.90.53
4203,-66,1649366429.050571000,103.43.90.53
4204,66,1649366429.050628000,10.11.219.6
4205,-66,1649366429.052711000,69.173.158.64
4206,-66,1649366429.052712000,54.169.0.0
4207,-66,1649366429.052713000,54.169.0.0
4208,-66,1649366429.052713000,69.173.158.64
4209,66,1649366429.052759000,10.11.219.6
4210,66,1649366429.052786000,10.11.219.6
4211,85,1649366429.055221000,10.11.219.6
4212,54,1649366429.055253000,10.11.219.6
4213,130,1649366429.062822000,10.11.219.6
4214,525,1649366429.063627000,10.11.219.6
4215,-74,1649366429.076175000,52.35.200.204
4216,66,1649366429.076212000,10.11.219.6
4217,583,1649366429.082485000,10.11.219.6
4218,-54,1649366429.098956000,52.94.176.11
4219,-54,1649366429.098959000,52.119.175.30
4220,-54,1649366429.098959000,52.119.175.30
4221,-54,1649366429.098960000,52.119.175.30
4222,54,1649366429.099013000,10.11.219.6
4223,54,1649366429.099064000,10.11.219.6
4224,-696,1649366429.099761000,54.240.250.157
4225,54,1649366429.099805000,10.11.219.6
4226,85,1649366429.100734000,10.11.219.6
4227,54,1649366429.100790000,10.11.219.6
4228,-54,1649366429.101302000,52.119.175.30
4229,-54,1649366429.101303000,52.119.175.30
4230,54,1649366429.101334000,10.11.219.6
4231,-54,1649366429.103951000,54.240.250.157
4232,-54,1649366429.103954000,54.240.250.157
4233,54,1649366429.103981000,10.11.219.6
4234,54,1649366429.104007000,10.11.219.6
4235,-54,1649366429.104991000,52.119.171.205
4236,54,1649366429.105004000,10.11.219.6
4237,-54,1649366429.107129000,52.119.175.30
4238,-54,1649366429.107130000,52.119.175.30
4239,-54,1649366429.107131000,52.119.175.30
4240,54,1649366429.107154000,10.11.219.6
4241,-54,1649366429.108221000,52.94.176.11
4242,-54,1649366429.108222000,52.94.176.11
4243,54,1649366429.108258000,10.11.219.6
4244,-54,1649366429.109489000,52.119.166.51
4245,54,1649366429.109504000,10.11.219.6
4246,-54,1649366429.110548000,52.119.175.30
4247,54,1649366429.110561000,10.11.219.6
4248,74,1649366429.110643000,10.11.219.6
4249,74,1649366429.110942000,10.11.219.6
4250,-54,1649366429.114072000,52.119.175.30
4251,-54,1649366429.114075000,52.94.176.11
4252,-54,1649366429.114076000,54.240.250.157
4253,-54,1649366429.114076000,52.119.175.30
4254,54,1649366429.114159000,10.11.219.6
4255,54,1649366429.114290000,10.11.219.6
4256,54,1649366429.114316000,10.11.219.6
4257,54,1649366429.114336000,10.11.219.6
4258,-54,1649366429.115076000,52.94.176.11
4259,-54,1649366429.115077000,54.240.250.157
4260,-54,1649366429.115078000,54.240.250.157
4261,54,1649366429.115118000,10.11.219.6
4262,54,1649366429.115164000,10.11.219.6
4263,-74,1649366429.119239000,52.24.224.99
4264,66,1649366429.119274000,10.11.219.6
4265,-66,1649366429.122378000,52.24.224.99
4266,-66,1649366429.122379000,52.24.224.99
4267,66,1649366429.122424000,10.11.219.6
4268,-668,1649366429.125563000,18.65.110.227
4269,-97,1649366429.125564000,18.65.110.227
4270,66,1649366429.125581000,10.11.219.6
4271,66,1649366429.125600000,10.11.219.6
4272,583,1649366429.127750000,10.11.219.6
4273,-54,1649366429.132010000,209.54.176.128
4274,-54,1649366429.135432000,209.54.176.128
4275,-6001,1649366429.140431000,209.54.176.128
4276,-66,1649366429.140432000,107.23.240.181
4277,54,1649366429.140457000,10.11.219.6
4278,74,1649366429.145493000,10.11.219.6
4279,-107,1649366429.147537000,52.94.234.174
