index,size,time,ip
0,236,1649240179.435212000,10.11.219.6
1,684,1649240179.435310000,10.11.219.6
2,97,1649240179.435862000,10.11.219.6
3,66,1649240179.435879000,10.11.219.6
4,97,1649240179.436018000,10.11.219.6
5,74,1649240179.436136000,10.11.219.6
6,-66,1649240179.437876000,18.65.110.227
7,-97,1649240179.437877000,18.65.110.227
8,-66,1649240179.437877000,18.65.110.227
9,66,1649240179.437893000,10.11.219.6
10,-66,1649240179.438952000,18.65.110.227
11,-74,1649240179.438952000,18.65.123.10
12,66,1649240179.438967000,10.11.219.6
13,583,1649240179.440923000,10.11.219.6
14,-66,1649240179.444548000,18.65.123.10
15,-2802,1649240179.444549000,18.65.123.10
16,66,1649240179.444566000,10.11.219.6
17,-1328,1649240179.445542000,18.65.123.10
18,66,1649240179.445559000,10.11.219.6
19,130,1649240179.448109000,10.11.219.6
20,500,1649240179.448313000,10.11.219.6
21,-66,1649240179.450770000,18.65.123.10
22,-66,1649240179.450770000,18.65.123.10
23,74,1649240179.451822000,10.11.219.6
24,-610,1649240179.452129000,18.65.123.10
25,-90,1649240179.452130000,18.65.123.10
26,66,1649240179.452137000,10.11.219.6
27,90,1649240179.452285000,10.11.219.6
28,66,1649240179.452295000,10.11.219.6
29,74,1649240179.453792000,10.11.219.6
30,-54,1649240179.455308000,18.65.123.10
31,-74,1649240179.455308000,18.65.116.14
32,66,1649240179.455329000,10.11.219.6
33,282,1649240179.455468000,10.11.219.6
34,-74,1649240179.457429000,18.65.123.10
35,66,1649240179.457443000,10.11.219.6
36,-66,1649240179.458462000,18.65.116.14
37,583,1649240179.459316000,10.11.219.6
38,-2802,1649240179.464404000,18.65.116.14
39,-1229,1649240179.464405000,18.65.116.14
40,-66,1649240179.464406000,18.65.123.10
41,-2802,1649240179.464407000,18.65.123.10
42,66,1649240179.464427000,10.11.219.6
43,66,1649240179.464459000,10.11.219.6
44,66,1649240179.464471000,10.11.219.6
45,-1328,1649240179.465075000,18.65.123.10
46,66,1649240179.465088000,10.11.219.6
47,159,1649240179.466914000,10.11.219.6
48,-66,1649240179.469209000,18.65.116.14
49,-237,1649240179.470600000,18.65.116.14
50,-135,1649240179.470602000,18.65.116.14
51,66,1649240179.470632000,10.11.219.6
52,66,1649240179.470667000,10.11.219.6
53,130,1649240179.473812000,10.11.219.6
54,243,1649240179.474389000,10.11.219.6
55,427,1649240179.474413000,10.11.219.6
56,494,1649240179.474573000,10.11.219.6
57,104,1649240179.474752000,10.11.219.6
58,-66,1649240179.477012000,18.65.123.10
59,-66,1649240179.477013000,18.65.116.14
60,-66,1649240179.477013000,18.65.116.14
61,-104,1649240179.477014000,18.65.116.14
62,66,1649240179.477037000,10.11.219.6
63,-66,1649240179.478688000,18.65.123.10
64,-66,1649240179.478689000,18.65.116.14
65,-396,1649240179.478689000,18.65.116.14
66,-5538,1649240179.478690000,18.65.123.10
67,-366,1649240179.478690000,18.65.123.10
68,66,1649240179.478715000,10.11.219.6
69,66,1649240179.478734000,10.11.219.6
70,78,1649240179.478738000,10.11.219.6
71,-1434,1649240179.478745000,18.65.123.10
72,-90,1649240179.478745000,18.65.123.10
73,66,1649240179.478749000,10.11.219.6
74,90,1649240179.479183000,10.11.219.6
75,66,1649240179.479199000,10.11.219.6
76,74,1649240179.482162000,10.11.219.6
77,-54,1649240179.482364000,18.65.123.10
78,-74,1649240179.485517000,18.65.123.10
79,66,1649240179.485554000,10.11.219.6
80,583,1649240179.491366000,10.11.219.6
81,-66,1649240179.495333000,18.65.123.10
82,-2802,1649240179.495334000,18.65.123.10
83,66,1649240179.495352000,10.11.219.6
84,-1328,1649240179.496300000,18.65.123.10
85,66,1649240179.496310000,10.11.219.6
86,130,1649240179.499041000,10.11.219.6
87,495,1649240179.499448000,10.11.219.6
88,-66,1649240179.501531000,18.65.123.10
89,-66,1649240179.502726000,18.65.123.10
90,-642,1649240179.502727000,18.65.123.10
91,-90,1649240179.502727000,18.65.123.10
92,66,1649240179.502753000,10.11.219.6
93,90,1649240179.502994000,10.11.219.6
94,66,1649240179.503010000,10.11.219.6
95,74,1649240179.505400000,10.11.219.6
96,-54,1649240179.505932000,18.65.123.10
97,538,1649240179.506603000,10.11.219.6
98,-74,1649240179.508061000,18.65.123.10
99,66,1649240179.508076000,10.11.219.6
100,-66,1649240179.509159000,18.65.116.87
101,-1060,1649240179.510570000,18.65.116.87
102,66,1649240179.510578000,10.11.219.6
103,583,1649240179.510781000,10.11.219.6
104,561,1649240179.514679000,10.11.219.6
105,-66,1649240179.514787000,18.65.123.10
106,-2802,1649240179.514788000,18.65.123.10
107,66,1649240179.514814000,10.11.219.6
108,-1328,1649240179.515750000,18.65.123.10
109,66,1649240179.515775000,10.11.219.6
110,-66,1649240179.517920000,18.65.116.87
111,-83,1649240179.517921000,18.65.116.87
112,-1434,1649240179.517921000,18.65.116.87
113,78,1649240179.517938000,10.11.219.6
114,66,1649240179.517951000,10.11.219.6
115,130,1649240179.520166000,10.11.219.6
116,500,1649240179.520377000,10.11.219.6
117,-66,1649240179.522311000,18.65.123.10
118,-66,1649240179.524633000,18.65.123.10
119,-5538,1649240179.524634000,18.65.123.10
120,66,1649240179.524647000,10.11.219.6
121,-9642,1649240179.524692000,18.65.123.10
122,66,1649240179.524718000,10.11.219.6
123,-1424,1649240179.526701000,18.65.123.10
124,-9642,1649240179.526703000,18.65.123.10
125,66,1649240179.526711000,10.11.219.6
126,66,1649240179.526725000,10.11.219.6
127,-9642,1649240179.526823000,18.65.123.10
128,-2802,1649240179.526825000,18.65.123.10
129,66,1649240179.526836000,10.11.219.6
130,66,1649240179.526854000,10.11.219.6
131,-8274,1649240179.530052000,18.65.123.10
132,66,1649240179.530067000,10.11.219.6
133,-2802,1649240179.530100000,18.65.123.10
134,-2802,1649240179.530101000,18.65.123.10
135,66,1649240179.530107000,10.11.219.6
136,66,1649240179.530112000,10.11.219.6
137,-5538,1649240179.532040000,18.65.123.10
138,66,1649240179.532050000,10.11.219.6
139,-9642,1649240179.532150000,18.65.123.10
140,-2802,1649240179.532150000,18.65.123.10
141,66,1649240179.532156000,10.11.219.6
142,66,1649240179.532165000,10.11.219.6
143,-4314,1649240179.532180000,18.65.123.10
144,66,1649240179.532187000,10.11.219.6
145,90,1649240179.532334000,10.11.219.6
146,66,1649240179.532352000,10.11.219.6
147,74,1649240179.534118000,10.11.219.6
148,-54,1649240179.535239000,18.65.123.10
149,-74,1649240179.537394000,18.65.123.10
150,66,1649240179.537414000,10.11.219.6
151,583,1649240179.539352000,10.11.219.6
152,-66,1649240179.542860000,18.65.123.10
153,-1434,1649240179.542861000,18.65.123.10
154,66,1649240179.542878000,10.11.219.6
155,-1434,1649240179.543901000,18.65.123.10
156,66,1649240179.543916000,10.11.219.6
157,-1328,1649240179.549512000,18.65.123.10
158,66,1649240179.549535000,10.11.219.6
159,130,1649240179.553375000,10.11.219.6
160,501,1649240179.553576000,10.11.219.6
161,-66,1649240179.555841000,18.65.123.10
162,-66,1649240179.556994000,18.65.123.10
163,-675,1649240179.556995000,18.65.123.10
164,-90,1649240179.556996000,18.65.123.10
165,66,1649240179.557019000,10.11.219.6
166,90,1649240179.557269000,10.11.219.6
167,66,1649240179.557291000,10.11.219.6
168,-54,1649240179.560148000,18.65.123.10
169,-66,1649240179.567652000,44.241.185.165
170,74,1649240179.584628000,10.11.219.6
171,-74,1649240179.587972000,18.65.123.10
172,66,1649240179.587987000,10.11.219.6
173,583,1649240179.590368000,10.11.219.6
174,-66,1649240179.593333000,18.65.123.10
175,-2802,1649240179.594533000,18.65.123.10
176,66,1649240179.594548000,10.11.219.6
177,-1328,1649240179.595507000,18.65.123.10
178,66,1649240179.595524000,10.11.219.6
179,130,1649240179.600059000,10.11.219.6
180,508,1649240179.600280000,10.11.219.6
181,-66,1649240179.602909000,18.65.123.10
182,-66,1649240179.602910000,18.65.123.10
183,-4102,1649240179.604341000,18.65.123.10
184,-90,1649240179.604342000,18.65.123.10
185,66,1649240179.604354000,10.11.219.6
186,90,1649240179.604643000,10.11.219.6
187,66,1649240179.604668000,10.11.219.6
188,74,1649240179.606784000,10.11.219.6
189,-54,1649240179.607448000,18.65.123.10
190,-74,1649240179.610481000,18.65.123.10
191,66,1649240179.610523000,10.11.219.6
192,583,1649240179.614337000,10.11.219.6
193,-66,1649240179.617086000,18.65.123.10
194,-2802,1649240179.618459000,18.65.123.10
195,66,1649240179.618470000,10.11.219.6
196,-1328,1649240179.619417000,18.65.123.10
197,66,1649240179.619433000,10.11.219.6
198,130,1649240179.622714000,10.11.219.6
199,506,1649240179.622894000,10.11.219.6
200,-66,1649240179.625953000,18.65.123.10
201,-66,1649240179.625954000,18.65.123.10
202,-1434,1649240179.625955000,18.65.123.10
203,-85,1649240179.625956000,18.65.123.10
204,-1434,1649240179.625956000,18.65.123.10
205,66,1649240179.625988000,10.11.219.6
206,78,1649240179.626019000,10.11.219.6
207,66,1649240179.626034000,10.11.219.6
208,90,1649240179.626319000,10.11.219.6
209,66,1649240179.626346000,10.11.219.6
210,-90,1649240179.626851000,18.65.123.10
211,54,1649240179.626873000,10.11.219.6
212,74,1649240179.629036000,10.11.219.6
213,-74,1649240179.632192000,18.65.123.10
214,66,1649240179.632226000,10.11.219.6
215,583,1649240179.635901000,10.11.219.6
216,-66,1649240179.639883000,18.65.123.10
217,-2802,1649240179.639884000,18.65.123.10
218,66,1649240179.639903000,10.11.219.6
219,-1328,1649240179.641978000,18.65.123.10
220,66,1649240179.642004000,10.11.219.6
221,130,1649240179.645929000,10.11.219.6
222,518,1649240179.646226000,10.11.219.6
223,-66,1649240179.648215000,18.65.123.10
224,-66,1649240179.649466000,18.65.123.10
225,-996,1649240179.649467000,18.65.123.10
226,-90,1649240179.649468000,18.65.123.10
227,66,1649240179.649493000,10.11.219.6
228,90,1649240179.649849000,10.11.219.6
229,66,1649240179.649876000,10.11.219.6
230,74,1649240179.651576000,10.11.219.6
231,-54,1649240179.652536000,18.65.123.10
232,-74,1649240179.654687000,18.65.123.10
233,66,1649240179.654706000,10.11.219.6
234,583,1649240179.657391000,10.11.219.6
235,-1171,1649240179.658081000,18.65.110.227
236,66,1649240179.658106000,10.11.219.6
237,-4860,1649240179.659349000,18.65.110.227
238,66,1649240179.659362000,10.11.219.6
239,-66,1649240179.661346000,18.65.123.10
240,-2802,1649240179.661348000,18.65.123.10
241,66,1649240179.661382000,10.11.219.6
242,-1328,1649240179.662283000,18.65.123.10
243,66,1649240179.662308000,10.11.219.6
244,-5538,1649240179.666018000,18.65.110.227
245,-126,1649240179.666020000,18.65.110.227
246,-1434,1649240179.666020000,18.65.110.227
247,66,1649240179.666063000,10.11.219.6
248,78,1649240179.666179000,10.11.219.6
249,66,1649240179.666214000,10.11.219.6
250,130,1649240179.670314000,10.11.219.6
251,518,1649240179.670483000,10.11.219.6
252,-66,1649240179.672859000,18.65.123.10
253,-66,1649240179.672860000,18.65.123.10
254,-675,1649240179.674045000,18.65.123.10
255,-90,1649240179.674046000,18.65.123.10
256,66,1649240179.674068000,10.11.219.6
257,90,1649240179.674795000,10.11.219.6
258,66,1649240179.674823000,10.11.219.6
259,-54,1649240179.677410000,18.65.123.10
260,74,1649240179.682060000,10.11.219.6
261,-74,1649240179.685224000,18.65.123.10
262,66,1649240179.685257000,10.11.219.6
263,583,1649240179.687910000,10.11.219.6
264,-66,1649240179.691973000,18.65.123.10
265,-2802,1649240179.691974000,18.65.123.10
266,66,1649240179.691999000,10.11.219.6
267,-1328,1649240179.692900000,18.65.123.10
268,66,1649240179.692918000,10.11.219.6
269,130,1649240179.698043000,10.11.219.6
270,517,1649240179.698219000,10.11.219.6
271,-66,1649240179.700570000,18.65.123.10
272,-66,1649240179.701449000,18.65.123.10
273,-772,1649240179.701450000,18.65.123.10
274,-90,1649240179.701450000,18.65.123.10
275,66,1649240179.701474000,10.11.219.6
276,90,1649240179.701710000,10.11.219.6
277,66,1649240179.701730000,10.11.219.6
278,-54,1649240179.704612000,18.65.123.10
279,74,1649240179.732628000,10.11.219.6
280,74,1649240179.732818000,10.11.219.6
281,74,1649240179.732906000,10.11.219.6
282,74,1649240179.732967000,10.11.219.6
283,74,1649240179.733046000,10.11.219.6
284,547,1649240179.735363000,10.11.219.6
285,-74,1649240179.735948000,18.65.156.210
286,-74,1649240179.735949000,18.65.156.210
287,-74,1649240179.735949000,18.65.156.210
288,66,1649240179.735976000,10.11.219.6
289,66,1649240179.735991000,10.11.219.6
290,66,1649240179.735997000,10.11.219.6
291,-74,1649240179.736814000,18.65.156.210
292,-74,1649240179.736815000,18.65.156.210
293,66,1649240179.736842000,10.11.219.6
294,66,1649240179.736858000,10.11.219.6
295,-1069,1649240179.738002000,18.65.116.87
296,583,1649240179.739515000,10.11.219.6
297,-66,1649240179.742311000,18.65.156.210
298,583,1649240179.743029000,10.11.219.6
299,-4170,1649240179.743906000,18.65.156.210
300,66,1649240179.743916000,10.11.219.6
301,-1177,1649240179.745681000,18.65.156.210
302,66,1649240179.745753000,10.11.219.6
303,583,1649240179.745932000,10.11.219.6
304,-66,1649240179.746960000,18.65.156.210
305,-4170,1649240179.746962000,18.65.156.210
306,66,1649240179.746983000,10.11.219.6
307,-1177,1649240179.747799000,18.65.156.210
308,66,1649240179.747816000,10.11.219.6
309,-66,1649240179.748887000,18.65.156.210
310,-4170,1649240179.750278000,18.65.156.210
311,66,1649240179.750301000,10.11.219.6
312,-1177,1649240179.751092000,18.65.156.210
313,66,1649240179.751109000,10.11.219.6
314,583,1649240179.753929000,10.11.219.6
315,583,1649240179.755694000,10.11.219.6
316,570,1649240179.756060000,10.11.219.6
317,-66,1649240179.756636000,18.65.156.210
318,-4170,1649240179.757826000,18.65.156.210
319,66,1649240179.757837000,10.11.219.6
320,-66,1649240179.758685000,18.65.156.210
321,-1177,1649240179.758686000,18.65.156.210
322,66,1649240179.758697000,10.11.219.6
323,130,1649240179.759794000,10.11.219.6
324,130,1649240179.760389000,10.11.219.6
325,-467,1649240179.760438000,18.65.116.87
326,-4170,1649240179.760439000,18.65.156.210
327,-1434,1649240179.760440000,18.65.116.87
328,78,1649240179.760454000,10.11.219.6
329,66,1649240179.760464000,10.11.219.6
330,66,1649240179.760469000,10.11.219.6
331,-1177,1649240179.761132000,18.65.156.210
332,66,1649240179.761157000,10.11.219.6
333,236,1649240179.761343000,10.11.219.6
334,394,1649240179.761364000,10.11.219.6
335,130,1649240179.762959000,10.11.219.6
336,-66,1649240179.763558000,18.65.156.210
337,-66,1649240179.763559000,18.65.156.210
338,-128,1649240179.763559000,18.65.156.210
339,-128,1649240179.763560000,18.65.156.210
340,-66,1649240179.763560000,18.65.156.210
341,66,1649240179.763588000,10.11.219.6
342,66,1649240179.763605000,10.11.219.6
343,236,1649240179.763676000,10.11.219.6
344,897,1649240179.763695000,10.11.219.6
345,-66,1649240179.765010000,18.65.156.210
346,-97,1649240179.765017000,18.65.156.210
347,-5538,1649240179.765040000,18.65.156.210
348,66,1649240179.765127000,10.11.219.6
349,66,1649240179.765189000,10.11.219.6
350,97,1649240179.766569000,10.11.219.6
351,97,1649240179.766829000,10.11.219.6
352,-11000,1649240179.767144000,18.65.156.210
353,66,1649240179.767188000,10.11.219.6
354,-13746,1649240179.767357000,18.65.156.210
355,66,1649240179.767399000,10.11.219.6
356,-2792,1649240179.768468000,18.65.156.210
357,-785,1649240179.768468000,18.65.156.210
358,-66,1649240179.768469000,18.65.156.210
359,-128,1649240179.768469000,18.65.156.210
360,-66,1649240179.768469000,18.65.156.210
361,-66,1649240179.768469000,18.65.156.210
362,-97,1649240179.768469000,18.65.156.210
363,66,1649240179.768490000,10.11.219.6
364,66,1649240179.768511000,10.11.219.6
365,66,1649240179.768520000,10.11.219.6
366,66,1649240179.768530000,10.11.219.6
367,-6906,1649240179.768551000,18.65.156.210
368,66,1649240179.768554000,10.11.219.6
369,178,1649240179.768700000,10.11.219.6
370,-6906,1649240179.769628000,18.65.156.210
371,66,1649240179.769697000,10.11.219.6
372,-2792,1649240179.771488000,18.65.156.210
373,-12063,1649240179.771490000,18.65.156.210
374,66,1649240179.771506000,10.11.219.6
375,66,1649240179.771522000,10.11.219.6
376,-66,1649240179.771526000,18.65.156.210
377,-66,1649240179.772399000,18.65.156.210
378,-66,1649240179.772400000,18.65.156.210
379,-1434,1649240179.772400000,18.65.156.210
380,66,1649240179.772426000,10.11.219.6
381,253,1649240179.773278000,10.11.219.6
382,90,1649240179.773898000,10.11.219.6
383,-14214,1649240179.774068000,18.65.156.210
384,66,1649240179.774083000,10.11.219.6
385,130,1649240179.774425000,10.11.219.6
386,253,1649240179.775542000,10.11.219.6
387,192,1649240179.775827000,10.11.219.6
388,333,1649240179.776231000,10.11.219.6
389,130,1649240179.776578000,10.11.219.6
390,-66,1649240179.776816000,18.65.156.210
391,-97,1649240179.776817000,18.65.156.210
392,-66,1649240179.776817000,18.65.156.210
393,-66,1649240179.776817000,18.65.156.210
394,-128,1649240179.776818000,18.65.156.210
395,54,1649240179.776849000,10.11.219.6
396,253,1649240179.776864000,10.11.219.6
397,54,1649240179.776871000,10.11.219.6
398,66,1649240179.776880000,10.11.219.6
399,443,1649240179.777114000,10.11.219.6
400,90,1649240179.777205000,10.11.219.6
401,66,1649240179.777220000,10.11.219.6
402,-66,1649240179.790905000,18.65.156.210
403,-97,1649240179.790906000,18.65.156.210
404,-66,1649240179.790907000,18.65.116.14
405,-66,1649240179.790907000,18.65.156.210
406,-395,1649240179.790907000,18.65.116.14
407,-5538,1649240179.790909000,18.65.156.210
408,54,1649240179.790947000,10.11.219.6
409,66,1649240179.790979000,10.11.219.6
410,-11000,1649240179.791020000,18.65.156.210
411,-8274,1649240179.791038000,18.65.156.210
412,66,1649240179.791243000,10.11.219.6
413,-8264,1649240179.793557000,18.65.156.210
414,-66,1649240179.793558000,18.65.156.210
415,-66,1649240179.793558000,18.65.156.210
416,66,1649240179.793577000,10.11.219.6
417,-137,1649240179.793635000,18.65.156.210
418,-13674,1649240179.793638000,18.65.156.210
419,66,1649240179.793643000,10.11.219.6
420,-66,1649240179.793663000,18.65.156.210
421,-66,1649240179.793663000,18.65.156.210
422,-66,1649240179.793664000,18.65.156.210
423,-2802,1649240179.793664000,18.65.156.210
424,54,1649240179.793675000,10.11.219.6
425,54,1649240179.793687000,10.11.219.6
426,66,1649240179.793706000,10.11.219.6
427,66,1649240179.794688000,10.11.219.6
428,90,1649240179.794817000,10.11.219.6
429,66,1649240179.794843000,10.11.219.6
430,-13736,1649240179.795243000,18.65.156.210
431,-11010,1649240179.795740000,18.65.156.210
432,66,1649240179.795786000,10.11.219.6
433,-5528,1649240179.798430000,18.65.156.210
434,-2802,1649240179.798432000,18.65.156.210
435,66,1649240179.798507000,10.11.219.6
436,66,1649240179.798591000,10.11.219.6
437,-16482,1649240179.798744000,18.65.156.210
438,66,1649240179.798759000,10.11.219.6
439,-12230,1649240179.799921000,18.65.156.210
440,66,1649240179.799937000,10.11.219.6
441,-66,1649240179.799974000,18.65.156.210
442,-2290,1649240179.799975000,18.65.156.210
443,-1434,1649240179.799976000,18.65.156.210
444,66,1649240179.799992000,10.11.219.6
445,-1434,1649240179.800667000,18.65.156.210
446,-506,1649240179.800668000,18.65.156.210
447,-66,1649240179.800668000,18.65.156.210
448,-1434,1649240179.800668000,18.65.156.210
449,66,1649240179.800677000,10.11.219.6
450,78,1649240179.800695000,10.11.219.6
451,66,1649240179.800719000,10.11.219.6
452,66,1649240179.800746000,10.11.219.6
453,-4894,1649240179.937427000,18.65.110.227
454,66,1649240179.937439000,10.11.219.6
455,-2802,1649240179.944193000,18.65.110.227
456,66,1649240179.944216000,10.11.219.6
457,-5538,1649240179.944272000,18.65.110.227
458,-146,1649240179.944273000,18.65.110.227
459,-1434,1649240179.944276000,18.65.110.227
460,66,1649240179.944289000,10.11.219.6
461,78,1649240179.944298000,10.11.219.6
462,66,1649240179.944305000,10.11.219.6
463,-2802,1649240179.961831000,18.65.110.227
464,66,1649240179.961854000,10.11.219.6
465,-4170,1649240179.961915000,18.65.110.227
466,-884,1649240179.961916000,18.65.110.227
467,-1434,1649240179.961917000,18.65.110.227
468,66,1649240179.961939000,10.11.219.6
469,78,1649240179.961965000,10.11.219.6
470,66,1649240179.961983000,10.11.219.6
471,-5538,1649240180.035050000,18.65.110.227
472,66,1649240180.035063000,10.11.219.6
473,-3626,1649240180.035251000,18.65.110.227
474,66,1649240180.035257000,10.11.219.6
475,-8274,1649240180.040618000,18.65.110.227
476,66,1649240180.040631000,10.11.219.6
477,-2802,1649240180.040988000,18.65.110.227
478,66,1649240180.040999000,10.11.219.6
479,-5528,1649240180.042646000,18.65.110.227
480,-100,1649240180.042647000,18.65.110.227
481,66,1649240180.042661000,10.11.219.6
482,66,1649240180.042682000,10.11.219.6
483,-8274,1649240180.060150000,18.65.110.227
484,66,1649240180.060168000,10.11.219.6
485,-2496,1649240180.060260000,18.65.110.227
486,-13746,1649240180.060262000,18.65.110.227
487,66,1649240180.060268000,10.11.219.6
488,66,1649240180.060279000,10.11.219.6
489,-2792,1649240180.060741000,18.65.110.227
490,-100,1649240180.060741000,18.65.110.227
491,66,1649240180.060750000,10.11.219.6
492,66,1649240180.060771000,10.11.219.6
493,-2802,1649240180.131454000,18.65.110.227
494,66,1649240180.131480000,10.11.219.6
495,-5538,1649240180.134001000,18.65.110.227
496,66,1649240180.134022000,10.11.219.6
497,-1128,1649240180.134170000,18.65.110.227
498,-1434,1649240180.134171000,18.65.110.227
499,-16472,1649240180.134177000,18.65.110.227
500,78,1649240180.134194000,10.11.219.6
501,66,1649240180.134217000,10.11.219.6
502,66,1649240180.134227000,10.11.219.6
503,-100,1649240180.134238000,18.65.110.227
504,66,1649240180.134243000,10.11.219.6
505,-8274,1649240180.138052000,18.65.110.227
506,-512,1649240180.138053000,18.65.110.227
507,-1434,1649240180.138054000,18.65.110.227
508,66,1649240180.138080000,10.11.219.6
509,78,1649240180.138120000,10.11.219.6
510,66,1649240180.138131000,10.11.219.6
511,-2802,1649240180.138141000,18.65.110.227
512,66,1649240180.138148000,10.11.219.6
513,-2802,1649240180.138177000,18.65.110.227
514,66,1649240180.138182000,10.11.219.6
515,-3620,1649240180.140779000,18.65.110.227
516,-1434,1649240180.140780000,18.65.110.227
517,66,1649240180.140802000,10.11.219.6
518,66,1649240180.140834000,10.11.219.6
519,-15104,1649240180.140971000,18.65.110.227
520,66,1649240180.140980000,10.11.219.6
521,-5538,1649240180.141026000,18.65.110.227
522,66,1649240180.141034000,10.11.219.6
523,-1373,1649240180.141490000,18.65.110.227
524,66,1649240180.141499000,10.11.219.6
525,174,1649240180.150124000,10.11.219.6
526,190,1649240180.153580000,10.11.219.6
527,-66,1649240180.153671000,18.65.156.210
528,-2802,1649240180.153672000,18.65.156.210
529,66,1649240180.153693000,10.11.219.6
530,-4170,1649240180.153927000,18.65.156.210
531,-277,1649240180.153928000,18.65.156.210
532,-1434,1649240180.153928000,18.65.156.210
533,66,1649240180.153935000,10.11.219.6
534,78,1649240180.153952000,10.11.219.6
535,66,1649240180.153969000,10.11.219.6
536,169,1649240180.154357000,10.11.219.6
537,621,1649240180.155472000,10.11.219.6
538,1320,1649240180.157192000,10.11.219.6
539,-6906,1649240180.157445000,18.65.110.227
540,-884,1649240180.157446000,18.65.110.227
541,-1434,1649240180.157446000,18.65.110.227
542,-16396,1649240180.157449000,18.65.110.227
543,66,1649240180.157465000,10.11.219.6
544,78,1649240180.157483000,10.11.219.6
545,66,1649240180.157490000,10.11.219.6
546,66,1649240180.157494000,10.11.219.6
547,188,1649240180.157832000,10.11.219.6
548,181,1649240180.158388000,10.11.219.6
549,297,1649240180.159087000,10.11.219.6
550,-884,1649240180.159211000,18.65.156.210
551,-4170,1649240180.159213000,18.65.156.210
552,-103,1649240180.159213000,18.65.156.210
553,-1434,1649240180.159213000,18.65.156.210
554,66,1649240180.159234000,10.11.219.6
555,78,1649240180.159243000,10.11.219.6
556,66,1649240180.159249000,10.11.219.6
557,192,1649240180.159497000,10.11.219.6
558,288,1649240180.159901000,10.11.219.6
559,-66,1649240180.159985000,18.65.156.210
560,-2802,1649240180.159986000,18.65.156.210
561,66,1649240180.159999000,10.11.219.6
562,-11010,1649240180.162373000,18.65.156.210
563,66,1649240180.162438000,10.11.219.6
564,-2792,1649240180.162641000,18.65.156.210
565,-11010,1649240180.162657000,18.65.156.210
566,66,1649240180.162689000,10.11.219.6
567,294,1649240180.162746000,10.11.219.6
568,-5528,1649240180.165089000,18.65.156.210
569,-5538,1649240180.165100000,18.65.156.210
570,66,1649240180.165157000,10.11.219.6
571,66,1649240180.165226000,10.11.219.6
572,-13746,1649240180.165322000,18.65.156.210
573,66,1649240180.165339000,10.11.219.6
574,-2802,1649240180.167080000,18.65.156.210
575,66,1649240180.167092000,10.11.219.6
576,-10990,1649240180.167238000,18.65.156.210
577,66,1649240180.167242000,10.11.219.6
578,-11010,1649240180.167282000,18.65.156.210
579,66,1649240180.167286000,10.11.219.6
580,-2802,1649240180.170167000,18.65.156.210
581,66,1649240180.170175000,10.11.219.6
582,-20586,1649240180.170349000,18.65.156.210
583,66,1649240180.170353000,10.11.219.6
584,-1434,1649240180.170379000,18.65.156.210
585,-2802,1649240180.173275000,18.65.156.210
586,66,1649240180.173285000,10.11.219.6
587,-21954,1649240180.173491000,18.65.156.210
588,66,1649240180.173496000,10.11.219.6
589,-431,1649240180.173506000,18.65.156.210
590,78,1649240180.173521000,10.11.219.6
591,-1434,1649240180.176146000,18.65.156.210
592,-1434,1649240180.176147000,18.65.156.210
593,66,1649240180.176171000,10.11.219.6
594,-6906,1649240180.176330000,18.65.156.210
595,-5538,1649240180.176331000,18.65.156.210
596,66,1649240180.176346000,10.11.219.6
597,66,1649240180.176356000,10.11.219.6
598,-66,1649240180.176405000,18.65.156.210
599,-9642,1649240180.176406000,18.65.156.210
600,66,1649240180.176423000,10.11.219.6
601,-2802,1649240180.178551000,18.65.156.210
602,66,1649240180.178567000,10.11.219.6
603,-6906,1649240180.178730000,18.65.156.210
604,-15114,1649240180.178733000,18.65.156.210
605,66,1649240180.178742000,10.11.219.6
606,66,1649240180.178759000,10.11.219.6
607,-2802,1649240180.180890000,18.65.156.210
608,66,1649240180.180919000,10.11.219.6
609,-16482,1649240180.181204000,18.65.156.210
610,66,1649240180.181228000,10.11.219.6
611,-5538,1649240180.181302000,18.65.156.210
612,-1434,1649240180.181303000,18.65.156.210
613,66,1649240180.181327000,10.11.219.6
614,-2802,1649240180.183715000,18.65.156.210
615,66,1649240180.183727000,10.11.219.6
616,-19218,1649240180.183891000,18.65.156.210
617,66,1649240180.183896000,10.11.219.6
618,-2802,1649240180.183910000,18.65.156.210
619,66,1649240180.183913000,10.11.219.6
620,-2802,1649240180.186534000,18.65.156.210
621,66,1649240180.186542000,10.11.219.6
622,-21954,1649240180.186734000,18.65.156.210
623,66,1649240180.186739000,10.11.219.6
624,-2802,1649240180.189183000,18.65.156.210
625,66,1649240180.189191000,10.11.219.6
626,-4170,1649240180.189357000,18.65.156.210
627,-6906,1649240180.189358000,18.65.156.210
628,66,1649240180.189366000,10.11.219.6
629,66,1649240180.189376000,10.11.219.6
630,-4170,1649240180.189406000,18.65.156.210
631,-6906,1649240180.189407000,18.65.156.210
632,66,1649240180.189411000,10.11.219.6
633,66,1649240180.189416000,10.11.219.6
634,-2802,1649240180.192379000,18.65.156.210
635,66,1649240180.192396000,10.11.219.6
636,-15114,1649240180.192543000,18.65.156.210
637,66,1649240180.192549000,10.11.219.6
638,-6906,1649240180.192573000,18.65.156.210
639,66,1649240180.192584000,10.11.219.6
640,-1434,1649240180.194628000,18.65.156.210
641,-9642,1649240180.194631000,18.65.156.210
642,66,1649240180.194667000,10.11.219.6
643,-13746,1649240180.195050000,18.65.156.210
644,66,1649240180.195082000,10.11.219.6
645,-4170,1649240180.197350000,18.65.156.210
646,66,1649240180.197367000,10.11.219.6
647,-16482,1649240180.197573000,18.65.156.210
648,66,1649240180.197581000,10.11.219.6
649,-5538,1649240180.197608000,18.65.156.210
650,66,1649240180.197612000,10.11.219.6
651,211,1649240180.197881000,10.11.219.6
652,-2802,1649240180.200195000,18.65.156.210
653,66,1649240180.200209000,10.11.219.6
654,-21954,1649240180.200365000,18.65.156.210
655,66,1649240180.200369000,10.11.219.6
656,-2802,1649240180.202520000,18.65.156.210
657,66,1649240180.202533000,10.11.219.6
658,-1434,1649240180.202746000,18.65.156.210
659,-13746,1649240180.202749000,18.65.156.210
660,66,1649240180.202762000,10.11.219.6
661,-8274,1649240180.202784000,18.65.156.210
662,66,1649240180.202788000,10.11.219.6
663,198,1649240180.203063000,10.11.219.6
664,-2802,1649240180.205661000,18.65.156.210
665,66,1649240180.205675000,10.11.219.6
666,-9642,1649240180.205861000,18.65.156.210
667,-12378,1649240180.205863000,18.65.156.210
668,66,1649240180.205874000,10.11.219.6
669,66,1649240180.205893000,10.11.219.6
670,-2802,1649240180.207878000,18.65.156.210
671,66,1649240180.207892000,10.11.219.6
672,-19218,1649240180.208057000,18.65.156.210
673,66,1649240180.208074000,10.11.219.6
674,-2802,1649240180.208099000,18.65.156.210
675,66,1649240180.208103000,10.11.219.6
676,-2802,1649240180.210587000,18.65.156.210
677,66,1649240180.210612000,10.11.219.6
678,-4170,1649240180.210749000,18.65.156.210
679,-5538,1649240180.210750000,18.65.156.210
680,66,1649240180.210764000,10.11.219.6
681,66,1649240180.210780000,10.11.219.6
682,-12378,1649240180.210820000,18.65.156.210
683,66,1649240180.210830000,10.11.219.6
684,-20586,1649240180.213210000,18.65.156.210
685,66,1649240180.213226000,10.11.219.6
686,-4170,1649240180.213266000,18.65.156.210
687,66,1649240180.213271000,10.11.219.6
688,-9642,1649240180.214788000,18.65.156.210
689,-1434,1649240180.214789000,18.65.156.210
690,66,1649240180.214814000,10.11.219.6
691,-2802,1649240180.218103000,18.65.156.210
692,66,1649240180.218118000,10.11.219.6
693,-8274,1649240180.218316000,18.65.156.210
694,-13746,1649240180.218318000,18.65.156.210
695,66,1649240180.218329000,10.11.219.6
696,66,1649240180.218341000,10.11.219.6
697,-2802,1649240180.220783000,18.65.156.210
698,66,1649240180.220797000,10.11.219.6
699,-21954,1649240180.220971000,18.65.156.210
700,66,1649240180.220980000,10.11.219.6
701,-2802,1649240180.222889000,18.65.156.210
702,66,1649240180.222916000,10.11.219.6
703,-9642,1649240180.223053000,18.65.156.210
704,-9642,1649240180.223055000,18.65.156.210
705,66,1649240180.223063000,10.11.219.6
706,66,1649240180.223088000,10.11.219.6
707,-373,1649240180.223096000,18.65.156.210
708,-1434,1649240180.223096000,18.65.156.210
709,78,1649240180.223101000,10.11.219.6
710,66,1649240180.223110000,10.11.219.6
711,-2802,1649240180.225237000,18.65.156.210
712,66,1649240180.225275000,10.11.219.6
713,-843,1649240180.225402000,18.65.156.210
714,-13746,1649240180.225405000,18.65.156.210
715,78,1649240180.225413000,10.11.219.6
716,66,1649240180.225422000,10.11.219.6
717,-2802,1649240180.225457000,18.65.156.210
718,-1434,1649240180.225458000,18.65.156.210
719,-2802,1649240180.225459000,18.65.156.210
720,66,1649240180.225466000,10.11.219.6
721,66,1649240180.225471000,10.11.219.6
722,66,1649240180.225479000,10.11.219.6
723,-5538,1649240180.227716000,18.65.156.210
724,66,1649240180.227737000,10.11.219.6
725,-19218,1649240180.227891000,18.65.156.210
726,66,1649240180.227900000,10.11.219.6
727,170,1649240180.228309000,10.11.219.6
728,-2802,1649240180.230451000,18.65.156.210
729,66,1649240180.230474000,10.11.219.6
730,-4170,1649240180.230634000,18.65.156.210
731,-15114,1649240180.230637000,18.65.156.210
732,66,1649240180.230653000,10.11.219.6
733,66,1649240180.230669000,10.11.219.6
734,-2802,1649240180.230682000,18.65.156.210
735,66,1649240180.230699000,10.11.219.6
736,74,1649240180.231284000,10.11.219.6
737,-1434,1649240180.233182000,18.65.156.210
738,-8274,1649240180.233184000,18.65.156.210
739,-15114,1649240180.233187000,18.65.156.210
740,66,1649240180.233214000,10.11.219.6
741,66,1649240180.233258000,10.11.219.6
742,-2802,1649240180.235752000,18.65.156.210
743,66,1649240180.235768000,10.11.219.6
744,-16482,1649240180.235946000,18.65.156.210
745,-5538,1649240180.235968000,18.65.156.210
746,66,1649240180.235978000,10.11.219.6
747,-4170,1649240180.237842000,18.65.156.210
748,66,1649240180.237853000,10.11.219.6
749,-4170,1649240180.238009000,18.65.156.210
750,-16482,1649240180.238012000,18.65.156.210
751,66,1649240180.238022000,10.11.219.6
752,66,1649240180.238085000,10.11.219.6
753,200,1649240180.239943000,10.11.219.6
754,74,1649240180.239997000,10.11.219.6
755,-2802,1649240180.240039000,18.65.156.210
756,66,1649240180.240048000,10.11.219.6
757,-5538,1649240180.240366000,18.65.156.210
758,-16482,1649240180.240369000,18.65.156.210
759,66,1649240180.240390000,10.11.219.6
760,-2802,1649240180.243279000,18.65.156.210
761,66,1649240180.243290000,10.11.219.6
762,-5538,1649240180.243409000,18.65.156.210
763,-305,1649240180.243409000,18.65.156.210
764,-8274,1649240180.243410000,18.65.156.210
765,78,1649240180.243420000,10.11.219.6
766,66,1649240180.243431000,10.11.219.6
767,-1370,1649240180.243443000,18.65.156.210
768,-1434,1649240180.243443000,18.65.156.210
769,-1434,1649240180.243444000,18.65.156.210
770,78,1649240180.243448000,10.11.219.6
771,66,1649240180.243454000,10.11.219.6
772,66,1649240180.243459000,10.11.219.6
773,-4170,1649240180.244217000,18.65.156.210
774,66,1649240180.244235000,10.11.219.6
775,-2802,1649240180.247065000,18.65.156.210
776,66,1649240180.247084000,10.11.219.6
777,-9632,1649240180.247224000,18.65.156.210
778,-74,1649240180.247225000,18.65.156.210
779,66,1649240180.247236000,10.11.219.6
780,66,1649240180.247264000,10.11.219.6
781,-12378,1649240180.247306000,18.65.156.210
782,66,1649240180.247314000,10.11.219.6
783,-4160,1649240180.249467000,18.65.156.210
784,-2802,1649240180.249470000,18.65.156.210
785,66,1649240180.249539000,10.11.219.6
786,66,1649240180.249616000,10.11.219.6
787,-13746,1649240180.249725000,18.65.156.210
788,66,1649240180.249740000,10.11.219.6
789,-1032,1649240180.249759000,18.65.156.210
790,-1434,1649240180.249764000,18.65.156.210
791,78,1649240180.249780000,10.11.219.6
792,66,1649240180.249789000,10.11.219.6
793,583,1649240180.251708000,10.11.219.6
794,-66,1649240180.254778000,18.65.156.210
795,-4170,1649240180.256178000,18.65.156.210
796,66,1649240180.256190000,10.11.219.6
797,-1177,1649240180.257004000,18.65.156.210
798,66,1649240180.257010000,10.11.219.6
799,130,1649240180.258871000,10.11.219.6
800,253,1649240180.259042000,10.11.219.6
801,-66,1649240180.261211000,18.65.156.210
802,-128,1649240180.261212000,18.65.156.210
803,-66,1649240180.261212000,18.65.156.210
804,66,1649240180.261243000,10.11.219.6
805,90,1649240180.261382000,10.11.219.6
806,66,1649240180.261399000,10.11.219.6
807,-97,1649240180.262309000,18.65.156.210
808,54,1649240180.262364000,10.11.219.6
809,193,1649240180.270831000,10.11.219.6
810,-2802,1649240180.275092000,18.65.156.210
811,66,1649240180.275113000,10.11.219.6
812,-11864,1649240180.275185000,18.65.156.210
813,66,1649240180.275284000,10.11.219.6
814,-74,1649240180.354231000,44.236.225.165
815,66,1649240180.354255000,10.11.219.6
816,583,1649240180.357548000,10.11.219.6
817,-66,1649240180.479530000,44.236.225.165
818,-1407,1649240180.482120000,44.236.225.165
819,-4170,1649240180.482125000,44.236.225.165
820,78,1649240180.482153000,10.11.219.6
821,66,1649240180.482188000,10.11.219.6
822,192,1649240180.489472000,10.11.219.6
823,-785,1649240180.540558000,18.65.110.227
824,66,1649240180.540573000,10.11.219.6
825,-1078,1649240180.544739000,18.65.110.227
826,66,1649240180.544774000,10.11.219.6
827,-5538,1649240180.554114000,18.65.110.227
828,-269,1649240180.554115000,18.65.110.227
829,-1434,1649240180.554115000,18.65.110.227
830,-137,1649240180.554115000,18.65.110.227
831,-1434,1649240180.554116000,18.65.110.227
832,66,1649240180.554134000,10.11.219.6
833,78,1649240180.554164000,10.11.219.6
834,66,1649240180.554170000,10.11.219.6
835,78,1649240180.554174000,10.11.219.6
836,66,1649240180.554179000,10.11.219.6
837,-5538,1649240180.554190000,18.65.110.227
838,66,1649240180.554193000,10.11.219.6
839,-5171,1649240180.554350000,18.65.110.227
840,-1365,1649240180.554351000,18.65.110.227
841,66,1649240180.554362000,10.11.219.6
842,66,1649240180.554381000,10.11.219.6
843,148,1649240180.558890000,10.11.219.6
844,-5538,1649240180.561212000,18.65.110.227
845,66,1649240180.561237000,10.11.219.6
846,-11000,1649240180.561328000,18.65.110.227
847,66,1649240180.561339000,10.11.219.6
848,-341,1649240180.561371000,18.65.110.227
849,-1434,1649240180.561372000,18.65.110.227
850,78,1649240180.561385000,10.11.219.6
851,66,1649240180.561400000,10.11.219.6
852,-2802,1649240180.563475000,18.65.110.227
853,66,1649240180.563491000,10.11.219.6
854,-11010,1649240180.563890000,18.65.110.227
855,66,1649240180.563898000,10.11.219.6
856,-1424,1649240180.563936000,18.65.110.227
857,-1434,1649240180.563936000,18.65.110.227
858,-1434,1649240180.563937000,18.65.110.227
859,-557,1649240180.563937000,18.65.110.227
860,-1434,1649240180.563938000,18.65.110.227
861,-2802,1649240180.563939000,18.65.156.210
862,78,1649240180.563950000,10.11.219.6
863,66,1649240180.563960000,10.11.219.6
864,66,1649240180.563965000,10.11.219.6
865,78,1649240180.563974000,10.11.219.6
866,66,1649240180.563983000,10.11.219.6
867,66,1649240180.563989000,10.11.219.6
868,-11010,1649240180.565872000,18.65.156.210
869,66,1649240180.565969000,10.11.219.6
870,-95,1649240180.566094000,18.65.156.210
871,-1434,1649240180.566096000,18.65.156.210
872,-2637,1649240180.566105000,18.65.156.210
873,78,1649240180.566143000,10.11.219.6
874,66,1649240180.566190000,10.11.219.6
875,66,1649240180.566208000,10.11.219.6
876,202,1649240180.568248000,10.11.219.6
877,74,1649240180.568304000,10.11.219.6
878,-713,1649240180.570292000,18.65.110.227
879,-1434,1649240180.570292000,18.65.110.227
880,78,1649240180.570309000,10.11.219.6
881,66,1649240180.570327000,10.11.219.6
882,-933,1649240180.571322000,18.65.156.210
883,-74,1649240180.571323000,18.65.156.210
884,66,1649240180.571359000,10.11.219.6
885,583,1649240180.573785000,10.11.219.6
886,-66,1649240180.576845000,18.65.156.210
887,-1388,1649240180.578487000,18.65.110.227
888,-4170,1649240180.578493000,18.65.156.210
889,66,1649240180.578578000,10.11.219.6
890,66,1649240180.578667000,10.11.219.6
891,152,1649240180.578783000,10.11.219.6
892,-1177,1649240180.579333000,18.65.156.210
893,66,1649240180.579345000,10.11.219.6
894,-2802,1649240180.583443000,18.65.156.210
895,66,1649240180.583467000,10.11.219.6
896,-9642,1649240180.583521000,18.65.156.210
897,-68,1649240180.583522000,18.65.156.210
898,78,1649240180.583535000,10.11.219.6
899,-1434,1649240180.583542000,18.65.156.210
900,66,1649240180.583546000,10.11.219.6
901,130,1649240180.585725000,10.11.219.6
902,253,1649240180.585984000,10.11.219.6
903,156,1649240180.586258000,10.11.219.6
904,-66,1649240180.587892000,18.65.156.210
905,-128,1649240180.587893000,18.65.156.210
906,66,1649240180.587918000,10.11.219.6
907,-66,1649240180.588944000,18.65.156.210
908,-97,1649240180.588945000,18.65.156.210
909,66,1649240180.588965000,10.11.219.6
910,-97,1649240180.590128000,18.65.156.210
911,-1432,1649240180.590129000,18.65.156.210
912,78,1649240180.590149000,10.11.219.6
913,66,1649240180.590166000,10.11.219.6
914,156,1649240180.593153000,10.11.219.6
915,90,1649240180.593528000,10.11.219.6
916,66,1649240180.593549000,10.11.219.6
917,157,1649240180.593824000,10.11.219.6
918,156,1649240180.594167000,10.11.219.6
919,156,1649240180.594488000,10.11.219.6
920,156,1649240180.595194000,10.11.219.6
921,-66,1649240180.596968000,18.65.156.210
922,-66,1649240180.596969000,18.65.156.210
923,-66,1649240180.596969000,18.65.156.210
924,66,1649240180.597001000,10.11.219.6
925,186,1649240180.597065000,10.11.219.6
926,-66,1649240180.597853000,18.65.156.210
927,-1868,1649240180.597854000,18.65.156.210
928,-97,1649240180.597854000,18.65.156.210
929,-258,1649240180.597855000,18.65.156.210
930,-1434,1649240180.597855000,18.65.156.210
931,-97,1649240180.597855000,18.65.156.210
932,66,1649240180.597874000,10.11.219.6
933,78,1649240180.597890000,10.11.219.6
934,66,1649240180.597896000,10.11.219.6
935,174,1649240180.598750000,10.11.219.6
936,242,1649240180.599152000,10.11.219.6
937,-225,1649240180.599268000,18.65.156.210
938,-1434,1649240180.599269000,18.65.156.210
939,-97,1649240180.599270000,18.65.156.210
940,-1080,1649240180.599271000,18.65.156.210
941,-97,1649240180.599271000,18.65.156.210
942,78,1649240180.599312000,10.11.219.6
943,66,1649240180.599331000,10.11.219.6
944,153,1649240180.599565000,10.11.219.6
945,-224,1649240180.599913000,18.65.156.210
946,-1434,1649240180.599914000,18.65.156.210
947,-97,1649240180.599914000,18.65.156.210
948,78,1649240180.599939000,10.11.219.6
949,66,1649240180.599954000,10.11.219.6
950,154,1649240180.600350000,10.11.219.6
951,154,1649240180.600766000,10.11.219.6
952,154,1649240180.601133000,10.11.219.6
953,-66,1649240180.601907000,18.65.156.210
954,-1243,1649240180.601908000,18.65.156.210
955,154,1649240180.602593000,10.11.219.6
956,-66,1649240180.602863000,18.65.156.210
957,154,1649240180.602877000,10.11.219.6
958,154,1649240180.603247000,10.11.219.6
959,-797,1649240180.604332000,18.65.156.210
960,-97,1649240180.604332000,18.65.156.210
961,-1344,1649240180.604333000,18.65.156.210
962,-97,1649240180.604333000,18.65.156.210
963,-1201,1649240180.604333000,18.65.156.210
964,-97,1649240180.604333000,18.65.156.210
965,-1294,1649240180.604333000,18.65.156.210
966,-97,1649240180.604334000,18.65.156.210
967,66,1649240180.604353000,10.11.219.6
968,66,1649240180.604378000,10.11.219.6
969,-1283,1649240180.605248000,18.65.156.210
970,-97,1649240180.605248000,18.65.156.210
971,-384,1649240180.605249000,18.65.156.210
972,-1434,1649240180.605249000,18.65.156.210
973,78,1649240180.605278000,10.11.219.6
974,66,1649240180.605288000,10.11.219.6
975,-97,1649240180.606279000,18.65.156.210
976,-655,1649240180.606280000,18.65.156.210
977,-97,1649240180.606280000,18.65.156.210
978,-1383,1649240180.606281000,18.65.156.210
979,-97,1649240180.606281000,18.65.156.210
980,66,1649240180.606305000,10.11.219.6
981,194,1649240180.606756000,10.11.219.6
982,189,1649240180.607270000,10.11.219.6
983,-1228,1649240180.607505000,18.65.156.210
984,-97,1649240180.607506000,18.65.156.210
985,-1259,1649240180.607506000,18.65.156.210
986,-97,1649240180.607506000,18.65.156.210
987,66,1649240180.607529000,10.11.219.6
988,-2802,1649240180.610138000,18.65.156.210
989,66,1649240180.610167000,10.11.219.6
990,-6906,1649240180.610203000,18.65.156.210
991,-163,1649240180.610203000,18.65.156.210
992,-1434,1649240180.610204000,18.65.156.210
993,66,1649240180.610227000,10.11.219.6
994,78,1649240180.610236000,10.11.219.6
995,66,1649240180.610241000,10.11.219.6
996,-2560,1649240180.611774000,18.65.156.210
997,-324,1649240180.611776000,44.236.225.165
998,-135,1649240180.611777000,44.236.225.165
999,66,1649240180.611860000,10.11.219.6
1000,66,1649240180.611945000,10.11.219.6
1001,66,1649240180.611961000,10.11.219.6
1002,-431,1649240180.612713000,18.65.110.227
1003,66,1649240180.612726000,10.11.219.6
1004,169,1649240180.614517000,10.11.219.6
1005,183,1649240180.615965000,10.11.219.6
1006,181,1649240180.616423000,10.11.219.6
1007,169,1649240180.618009000,10.11.219.6
1008,-5534,1649240180.618285000,18.65.156.210
1009,66,1649240180.618318000,10.11.219.6
1010,-2802,1649240180.619547000,18.65.156.210
1011,-908,1649240180.619548000,18.65.156.210
1012,-1434,1649240180.619549000,18.65.156.210
1013,66,1649240180.619570000,10.11.219.6
1014,78,1649240180.619593000,10.11.219.6
1015,66,1649240180.619604000,10.11.219.6
1016,-2802,1649240180.621663000,18.65.156.210
1017,66,1649240180.621689000,10.11.219.6
1018,-13736,1649240180.621827000,18.65.156.210
1019,-8274,1649240180.621849000,18.65.156.210
1020,66,1649240180.621937000,10.11.219.6
1021,-8264,1649240180.623671000,18.65.156.210
1022,-5538,1649240180.623676000,18.65.156.210
1023,66,1649240180.623696000,10.11.219.6
1024,-4170,1649240180.623732000,18.65.156.210
1025,66,1649240180.623761000,10.11.219.6
1026,-6906,1649240180.624982000,18.65.156.210
1027,-299,1649240180.624983000,18.65.156.210
1028,-1434,1649240180.624983000,18.65.156.210
1029,-2802,1649240180.624984000,18.65.156.210
1030,66,1649240180.625005000,10.11.219.6
1031,78,1649240180.625038000,10.11.219.6
1032,66,1649240180.625046000,10.11.219.6
1033,-595,1649240180.625065000,18.65.156.210
1034,-205,1649240180.625066000,18.65.110.227
1035,-1434,1649240180.625066000,18.65.156.210
1036,78,1649240180.625071000,10.11.219.6
1037,66,1649240180.625078000,10.11.219.6
1038,66,1649240180.625083000,10.11.219.6
1039,243,1649240180.671433000,10.11.219.6
1040,505,1649240180.671459000,10.11.219.6
1041,155,1649240180.671639000,10.11.219.6
1042,244,1649240180.671799000,10.11.219.6
1043,104,1649240180.672040000,10.11.219.6
1044,155,1649240180.672298000,10.11.219.6
1045,-66,1649240180.674318000,18.65.156.210
1046,-979,1649240180.676289000,18.65.156.210
1047,-1434,1649240180.676292000,18.65.156.210
1048,66,1649240180.676326000,10.11.219.6
1049,-5538,1649240180.676377000,18.65.156.210
1050,-549,1649240180.676378000,18.65.156.210
1051,-1434,1649240180.676378000,18.65.156.210
1052,66,1649240180.676385000,10.11.219.6
1053,78,1649240180.676392000,10.11.219.6
1054,66,1649240180.676396000,10.11.219.6
1055,-5538,1649240180.678415000,18.65.156.210
1056,66,1649240180.678446000,10.11.219.6
1057,-11000,1649240180.678524000,18.65.156.210
1058,66,1649240180.678536000,10.11.219.6
1059,-519,1649240180.678562000,18.65.156.210
1060,-6906,1649240180.678564000,18.65.156.210
1061,66,1649240180.678576000,10.11.219.6
1062,-9632,1649240180.680526000,18.65.156.210
1063,-4170,1649240180.680527000,18.65.156.210
1064,66,1649240180.680545000,10.11.219.6
1065,66,1649240180.680566000,10.11.219.6
1066,-367,1649240180.680571000,18.65.156.210
1067,-1434,1649240180.680572000,18.65.156.210
1068,78,1649240180.680577000,10.11.219.6
1069,66,1649240180.680581000,10.11.219.6
1070,251,1649240180.690624000,10.11.219.6
1071,-2802,1649240180.695012000,18.65.156.210
1072,66,1649240180.695041000,10.11.219.6
1073,-13736,1649240180.695136000,18.65.156.210
1074,66,1649240180.695142000,10.11.219.6
1075,-951,1649240180.695154000,18.65.156.210
1076,66,1649240180.740731000,10.11.219.6
1077,-66,1649240180.793318000,44.236.225.165
1078,-104,1649240180.793319000,44.236.225.165
1079,66,1649240180.793343000,10.11.219.6
1080,-236,1649240180.796430000,44.236.225.165
1081,-104,1649240180.796430000,44.236.225.165
1082,66,1649240180.796450000,10.11.219.6
1083,66,1649240180.796470000,10.11.219.6
1084,-421,1649240181.034464000,18.65.110.227
1085,66,1649240181.034484000,10.11.219.6
1086,-5538,1649240181.036478000,18.65.110.227
1087,66,1649240181.036495000,10.11.219.6
1088,-1434,1649240181.036535000,18.65.110.227
1089,-710,1649240181.036535000,18.65.110.227
1090,-1434,1649240181.036536000,18.65.110.227
1091,66,1649240181.036549000,10.11.219.6
1092,78,1649240181.036556000,10.11.219.6
1093,66,1649240181.036562000,10.11.219.6
1094,-3622,1649240181.037352000,18.65.110.227
1095,66,1649240181.037366000,10.11.219.6
1096,-2802,1649240181.039510000,18.65.110.227
1097,66,1649240181.039527000,10.11.219.6
1098,194,1649240181.041395000,10.11.219.6
1099,-11010,1649240181.041779000,18.65.110.227
1100,66,1649240181.041792000,10.11.219.6
1101,181,1649240181.042036000,10.11.219.6
1102,-426,1649240181.042742000,18.65.110.227
1103,-1434,1649240181.042743000,18.65.110.227
1104,78,1649240181.042757000,10.11.219.6
1105,66,1649240181.042778000,10.11.219.6
1106,-2802,1649240181.046461000,18.65.156.210
1107,66,1649240181.046488000,10.11.219.6
1108,-13736,1649240181.046614000,18.65.156.210
1109,66,1649240181.046621000,10.11.219.6
1110,-8274,1649240181.046648000,18.65.156.210
1111,66,1649240181.046651000,10.11.219.6
1112,-5538,1649240181.049373000,18.65.156.210
1113,66,1649240181.049388000,10.11.219.6
1114,-2792,1649240181.049530000,18.65.156.210
1115,-16482,1649240181.049533000,18.65.156.210
1116,66,1649240181.049543000,10.11.219.6
1117,66,1649240181.049557000,10.11.219.6
1118,-2802,1649240181.051436000,18.65.156.210
1119,-101,1649240181.051437000,18.65.156.210
1120,-1434,1649240181.051438000,18.65.156.210
1121,-2802,1649240181.051438000,18.65.156.210
1122,-810,1649240181.051439000,18.65.156.210
1123,66,1649240181.051462000,10.11.219.6
1124,78,1649240181.051497000,10.11.219.6
1125,66,1649240181.051505000,10.11.219.6
1126,66,1649240181.051510000,10.11.219.6
1127,78,1649240181.051515000,10.11.219.6
1128,-6906,1649240181.051555000,18.65.110.227
1129,-884,1649240181.051556000,18.65.110.227
1130,-1434,1649240181.051557000,18.65.156.210
1131,-1434,1649240181.051558000,18.65.110.227
1132,66,1649240181.051564000,10.11.219.6
1133,78,1649240181.051571000,10.11.219.6
1134,66,1649240181.051577000,10.11.219.6
1135,66,1649240181.051582000,10.11.219.6
1136,-2802,1649240181.054074000,18.65.110.227
1137,66,1649240181.054094000,10.11.219.6
1138,-13736,1649240181.054238000,18.65.110.227
1139,66,1649240181.054245000,10.11.219.6
1140,-100,1649240181.054278000,18.65.110.227
1141,-9642,1649240181.054279000,18.65.110.227
1142,66,1649240181.054286000,10.11.219.6
1143,66,1649240181.054294000,10.11.219.6
1144,-1128,1649240181.055571000,18.65.110.227
1145,66,1649240181.055586000,10.11.219.6
1146,165,1649240181.099962000,10.11.219.6
1147,165,1649240181.103340000,10.11.219.6
1148,165,1649240181.103660000,10.11.219.6
1149,-1434,1649240181.105002000,18.65.156.210
1150,-867,1649240181.105003000,18.65.156.210
1151,-1434,1649240181.105004000,18.65.156.210
1152,66,1649240181.105024000,10.11.219.6
1153,78,1649240181.105044000,10.11.219.6
1154,66,1649240181.105052000,10.11.219.6
1155,165,1649240181.106768000,10.11.219.6
1156,-1043,1649240181.107311000,18.65.156.210
1157,-1434,1649240181.107312000,18.65.156.210
1158,78,1649240181.107339000,10.11.219.6
1159,66,1649240181.107360000,10.11.219.6
1160,-3777,1649240181.107381000,18.65.156.210
1161,66,1649240181.107385000,10.11.219.6
1162,164,1649240181.109629000,10.11.219.6
1163,164,1649240181.113126000,10.11.219.6
1164,262,1649240181.113561000,10.11.219.6
1165,-1434,1649240181.115195000,18.65.156.210
1166,-332,1649240181.115198000,18.65.156.210
1167,-1434,1649240181.115199000,18.65.156.210
1168,-1434,1649240181.115200000,18.65.156.210
1169,-466,1649240181.115201000,18.65.156.210
1170,-1434,1649240181.115202000,18.65.156.210
1171,66,1649240181.115280000,10.11.219.6
1172,78,1649240181.115364000,10.11.219.6
1173,66,1649240181.115385000,10.11.219.6
1174,66,1649240181.115395000,10.11.219.6
1175,78,1649240181.115400000,10.11.219.6
1176,66,1649240181.115406000,10.11.219.6
1177,-66,1649240181.116744000,18.65.156.210
1178,165,1649240181.116990000,10.11.219.6
1179,164,1649240181.117526000,10.11.219.6
1180,160,1649240181.118342000,10.11.219.6
1181,-3260,1649240181.119020000,18.65.156.210
1182,-5213,1649240181.119022000,18.65.156.210
1183,-3546,1649240181.119023000,18.65.156.210
1184,66,1649240181.119038000,10.11.219.6
1185,66,1649240181.119053000,10.11.219.6
1186,66,1649240181.119056000,10.11.219.6
1187,160,1649240181.120297000,10.11.219.6
1188,-66,1649240181.120503000,18.65.156.210
1189,-866,1649240181.120504000,18.65.156.210
1190,-2802,1649240181.120505000,18.65.156.210
1191,-845,1649240181.120505000,18.65.156.210
1192,-1434,1649240181.120506000,18.65.156.210
1193,160,1649240181.120524000,10.11.219.6
1194,66,1649240181.120537000,10.11.219.6
1195,66,1649240181.120542000,10.11.219.6
1196,78,1649240181.120547000,10.11.219.6
1197,66,1649240181.120555000,10.11.219.6
1198,160,1649240181.120822000,10.11.219.6
1199,253,1649240181.121148000,10.11.219.6
1200,-677,1649240181.122277000,18.65.156.210
1201,66,1649240181.122292000,10.11.219.6
1202,160,1649240181.123307000,10.11.219.6
1203,-66,1649240181.123970000,18.65.156.210
1204,-7792,1649240181.123980000,18.65.156.210
1205,66,1649240181.123997000,10.11.219.6
1206,160,1649240181.125403000,10.11.219.6
1207,-2802,1649240181.125579000,18.65.156.210
1208,-873,1649240181.125580000,18.65.156.210
1209,-1434,1649240181.125581000,18.65.156.210
1210,-4170,1649240181.125581000,18.65.156.210
1211,-593,1649240181.125582000,18.65.156.210
1212,66,1649240181.125597000,10.11.219.6
1213,78,1649240181.125614000,10.11.219.6
1214,66,1649240181.125621000,10.11.219.6
1215,66,1649240181.125625000,10.11.219.6
1216,78,1649240181.125628000,10.11.219.6
1217,-1434,1649240181.125636000,18.65.156.210
1218,66,1649240181.125641000,10.11.219.6
1219,160,1649240181.126019000,10.11.219.6
1220,254,1649240181.126472000,10.11.219.6
1221,-4146,1649240181.127945000,18.65.156.210
1222,-1434,1649240181.127947000,18.65.156.210
1223,66,1649240181.127984000,10.11.219.6
1224,66,1649240181.128004000,10.11.219.6
1225,-3471,1649240181.128074000,18.65.156.210
1226,-97,1649240181.128075000,18.65.156.210
1227,-8202,1649240181.128081000,18.65.156.210
1228,66,1649240181.128103000,10.11.219.6
1229,66,1649240181.128144000,10.11.219.6
1230,-1434,1649240181.130094000,18.65.156.210
1231,-177,1649240181.130097000,18.65.156.210
1232,-1434,1649240181.130098000,18.65.156.210
1233,-97,1649240181.130098000,18.65.156.210
1234,66,1649240181.130120000,10.11.219.6
1235,78,1649240181.130140000,10.11.219.6
1236,66,1649240181.130147000,10.11.219.6
1237,66,1649240181.130320000,10.11.219.6
1238,184,1649240181.130512000,10.11.219.6
1239,-66,1649240181.133248000,18.65.156.210
1240,-2802,1649240181.133249000,18.65.156.210
1241,66,1649240181.133280000,10.11.219.6
1242,-4944,1649240181.133332000,18.65.156.210
1243,-2802,1649240181.133333000,18.65.156.210
1244,-326,1649240181.133334000,18.65.156.210
1245,-1434,1649240181.133334000,18.65.156.210
1246,66,1649240181.133342000,10.11.219.6
1247,66,1649240181.133350000,10.11.219.6
1248,78,1649240181.133356000,10.11.219.6
1249,66,1649240181.133361000,10.11.219.6
1250,-1434,1649240181.133374000,18.65.156.210
1251,-612,1649240181.133375000,18.65.156.210
1252,-1434,1649240181.133375000,18.65.156.210
1253,-97,1649240181.133376000,18.65.156.210
1254,66,1649240181.133380000,10.11.219.6
1255,78,1649240181.133385000,10.11.219.6
1256,66,1649240181.133389000,10.11.219.6
1257,66,1649240181.134069000,10.11.219.6
1258,178,1649240181.134242000,10.11.219.6
1259,239,1649240181.134400000,10.11.219.6
1260,-2802,1649240181.136230000,18.65.110.227
1261,66,1649240181.136250000,10.11.219.6
1262,-13736,1649240181.136360000,18.65.110.227
1263,66,1649240181.136368000,10.11.219.6
1264,-1006,1649240181.136391000,18.65.110.227
1265,-4170,1649240181.136392000,18.65.156.210
1266,66,1649240181.136398000,10.11.219.6
1267,66,1649240181.136576000,10.11.219.6
1268,152,1649240181.137653000,10.11.219.6
1269,-5538,1649240181.139247000,18.65.156.210
1270,66,1649240181.139333000,10.11.219.6
1271,-6896,1649240181.139357000,18.65.156.210
1272,-6730,1649240181.139359000,18.65.156.210
1273,66,1649240181.139383000,10.11.219.6
1274,-66,1649240181.141236000,18.65.156.210
1275,-8118,1649240181.141238000,18.65.156.210
1276,-1434,1649240181.141238000,18.65.156.210
1277,66,1649240181.141267000,10.11.219.6
1278,66,1649240181.141293000,10.11.219.6
1279,-670,1649240181.141303000,18.65.156.210
1280,-1434,1649240181.141304000,18.65.156.210
1281,78,1649240181.141309000,10.11.219.6
1282,66,1649240181.141315000,10.11.219.6
1283,-1434,1649240181.145887000,18.65.156.210
1284,-250,1649240181.145888000,18.65.156.210
1285,-1434,1649240181.145888000,18.65.156.210
1286,78,1649240181.145932000,10.11.219.6
1287,66,1649240181.145969000,10.11.219.6
1288,152,1649240181.169744000,10.11.219.6
1289,-5538,1649240181.172885000,18.65.156.210
1290,-471,1649240181.172919000,18.65.156.210
1291,-1434,1649240181.172920000,18.65.156.210
1292,78,1649240181.172943000,10.11.219.6
1293,66,1649240181.172970000,10.11.219.6
1294,167,1649240181.178840000,10.11.219.6
1295,168,1649240181.179017000,10.11.219.6
1296,268,1649240181.179332000,10.11.219.6
1297,-66,1649240181.182080000,18.65.156.210
1298,-2802,1649240181.184557000,18.65.156.210
1299,-412,1649240181.184558000,18.65.156.210
1300,-97,1649240181.184559000,18.65.156.210
1301,-1434,1649240181.184560000,18.65.156.210
1302,66,1649240181.184663000,10.11.219.6
1303,78,1649240181.184818000,10.11.219.6
1304,78,1649240181.184876000,10.11.219.6
1305,66,1649240181.184900000,10.11.219.6
1306,-2483,1649240181.185082000,18.65.156.210
1307,-97,1649240181.185083000,18.65.156.210
1308,-11890,1649240181.185100000,18.65.156.210
1309,66,1649240181.185135000,10.11.219.6
1310,66,1649240181.185164000,10.11.219.6
1311,-97,1649240181.186034000,18.65.156.210
1312,-6906,1649240181.186036000,18.65.156.210
1313,-508,1649240181.186036000,18.65.156.210
1314,-1434,1649240181.186037000,18.65.156.210
1315,66,1649240181.186056000,10.11.219.6
1316,78,1649240181.186070000,10.11.219.6
1317,66,1649240181.186078000,10.11.219.6
1318,-97,1649240181.186083000,18.65.156.210
1319,222,1649240181.190227000,10.11.219.6
1320,-2802,1649240181.193084000,18.65.156.210
1321,-820,1649240181.193114000,18.65.156.210
1322,-1434,1649240181.193115000,18.65.156.210
1323,78,1649240181.193131000,10.11.219.6
1324,66,1649240181.193193000,10.11.219.6
1325,66,1649240181.228723000,10.11.219.6
1326,166,1649240181.256422000,10.11.219.6
1327,-84,1649240181.259607000,18.65.156.210
1328,-1434,1649240181.259608000,18.65.156.210
1329,78,1649240181.259630000,10.11.219.6
1330,66,1649240181.259652000,10.11.219.6
1331,180,1649240181.273540000,10.11.219.6
1332,240,1649240181.273692000,10.11.219.6
1333,-66,1649240181.277034000,18.65.156.210
1334,-1738,1649240181.277035000,18.65.156.210
1335,-4170,1649240181.277073000,18.65.156.210
1336,66,1649240181.277104000,10.11.219.6
1337,-10568,1649240181.278756000,18.65.156.210
1338,66,1649240181.278999000,10.11.219.6
1339,155,1649240181.325244000,10.11.219.6
1340,-362,1649240181.328211000,18.65.156.210
1341,-1434,1649240181.328212000,18.65.156.210
1342,78,1649240181.328238000,10.11.219.6
1343,66,1649240181.328266000,10.11.219.6
1344,158,1649240181.488698000,10.11.219.6
1345,-5538,1649240181.495296000,18.65.156.210
1346,66,1649240181.495328000,10.11.219.6
1347,-11000,1649240181.495446000,18.65.156.210
1348,66,1649240181.495457000,10.11.219.6
1349,-8274,1649240181.495492000,18.65.156.210
1350,66,1649240181.495497000,10.11.219.6
1351,-8264,1649240181.497876000,18.65.156.210
1352,-9642,1649240181.497886000,18.65.156.210
1353,66,1649240181.497964000,10.11.219.6
1354,66,1649240181.498016000,10.11.219.6
1355,-11010,1649240181.499596000,18.65.156.210
1356,66,1649240181.499611000,10.11.219.6
1357,-188,1649240181.499642000,18.65.156.210
1358,78,1649240181.499648000,10.11.219.6
1359,-1434,1649240181.500659000,18.65.156.210
1360,-97,1649240181.500660000,18.65.156.210
1361,66,1649240181.500682000,10.11.219.6
1362,66,1649240181.500816000,10.11.219.6
1363,-1345,1649240181.513517000,18.65.110.227
1364,66,1649240181.513533000,10.11.219.6
1365,-1434,1649240181.531489000,18.65.110.227
1366,-923,1649240181.531492000,18.65.110.227
1367,-1434,1649240181.531492000,18.65.110.227
1368,66,1649240181.531549000,10.11.219.6
1369,78,1649240181.531627000,10.11.219.6
1370,66,1649240181.531645000,10.11.219.6
1371,-2802,1649240181.533815000,18.65.110.227
1372,66,1649240181.533834000,10.11.219.6
1373,-4170,1649240181.533878000,18.65.110.227
1374,-884,1649240181.533879000,18.65.110.227
1375,-1434,1649240181.533879000,18.65.110.227
1376,66,1649240181.533888000,10.11.219.6
1377,78,1649240181.533899000,10.11.219.6
1378,66,1649240181.533905000,10.11.219.6
1379,-5538,1649240181.536211000,18.65.110.227
1380,66,1649240181.536232000,10.11.219.6
1381,-11000,1649240181.536336000,18.65.110.227
1382,66,1649240181.536342000,10.11.219.6
1383,-5538,1649240181.536374000,18.65.110.227
1384,-424,1649240181.536375000,18.65.110.227
1385,-1434,1649240181.536375000,18.65.110.227
1386,66,1649240181.536383000,10.11.219.6
1387,78,1649240181.536392000,10.11.219.6
1388,66,1649240181.536399000,10.11.219.6
1389,-97,1649240181.537460000,18.65.110.227
1390,66,1649240181.537472000,10.11.219.6
1391,177,1649240181.542971000,10.11.219.6
1392,166,1649240181.544093000,10.11.219.6
1393,-2802,1649240181.546728000,18.65.156.210
1394,66,1649240181.546757000,10.11.219.6
1395,-4170,1649240181.546793000,18.65.156.210
1396,-1293,1649240181.546793000,18.65.156.210
1397,-1434,1649240181.546794000,18.65.156.210
1398,66,1649240181.546809000,10.11.219.6
1399,78,1649240181.546817000,10.11.219.6
1400,66,1649240181.546828000,10.11.219.6
1401,-2802,1649240181.548904000,18.65.156.210
1402,66,1649240181.548961000,10.11.219.6
1403,-13736,1649240181.549068000,18.65.156.210
1404,66,1649240181.549088000,10.11.219.6
1405,-8274,1649240181.549092000,18.65.156.210
1406,66,1649240181.549265000,10.11.219.6
1407,-2802,1649240181.551316000,18.65.156.210
1408,66,1649240181.551337000,10.11.219.6
1409,-2802,1649240181.551494000,18.65.156.210
1410,-1424,1649240181.551495000,18.65.156.210
1411,-1434,1649240181.551495000,18.65.156.210
1412,-16482,1649240181.551498000,18.65.156.210
1413,66,1649240181.551506000,10.11.219.6
1414,78,1649240181.551523000,10.11.219.6
1415,66,1649240181.551533000,10.11.219.6
1416,66,1649240181.551591000,10.11.219.6
1417,-8274,1649240181.553549000,18.65.156.210
1418,66,1649240181.553561000,10.11.219.6
1419,-8254,1649240181.553617000,18.65.156.210
1420,-377,1649240181.553617000,18.65.156.210
1421,-1434,1649240181.553618000,18.65.156.210
1422,78,1649240181.553634000,10.11.219.6
1423,66,1649240181.553645000,10.11.219.6
1424,171,1649240181.555359000,10.11.219.6
1425,74,1649240181.558163000,10.11.219.6
1426,-677,1649240181.559752000,18.65.156.210
1427,66,1649240181.559856000,10.11.219.6
1428,596,1649240181.691863000,10.11.219.6
1429,-66,1649240181.693425000,52.119.171.205
1430,54,1649240181.693463000,10.11.219.6
1431,-66,1649240181.694533000,18.65.110.227
1432,571,1649240181.697469000,10.11.219.6
1433,-1434,1649240181.700227000,18.65.110.227
1434,-329,1649240181.700231000,18.65.110.227
1435,-1434,1649240181.700232000,18.65.110.227
1436,66,1649240181.700320000,10.11.219.6
1437,78,1649240181.700396000,10.11.219.6
1438,66,1649240181.700407000,10.11.219.6
1439,281,1649240181.732502000,10.11.219.6
1440,-2802,1649240181.736513000,18.65.156.210
1441,66,1649240181.736542000,10.11.219.6
1442,-6906,1649240181.736588000,18.65.156.210
1443,-430,1649240181.736588000,18.65.156.210
1444,-1434,1649240181.736589000,18.65.156.210
1445,66,1649240181.736600000,10.11.219.6
1446,78,1649240181.736609000,10.11.219.6
1447,66,1649240181.736619000,10.11.219.6
1448,179,1649240181.737960000,10.11.219.6
1449,-2802,1649240181.741906000,18.65.156.210
1450,66,1649240181.741932000,10.11.219.6
1451,-6906,1649240181.741993000,18.65.156.210
1452,-429,1649240181.741994000,18.65.156.210
1453,-1434,1649240181.741994000,18.65.156.210
1454,66,1649240181.742004000,10.11.219.6
1455,78,1649240181.742023000,10.11.219.6
1456,66,1649240181.742040000,10.11.219.6
1457,188,1649240181.753771000,10.11.219.6
1458,-676,1649240181.757221000,18.65.156.210
1459,-1434,1649240181.757222000,18.65.156.210
1460,78,1649240181.757245000,10.11.219.6
1461,66,1649240181.757272000,10.11.219.6
1462,156,1649240181.767741000,10.11.219.6
1463,-1552,1649240181.771508000,18.65.156.210
1464,-97,1649240181.771509000,18.65.156.210
1465,66,1649240181.771532000,10.11.219.6
1466,66,1649240181.812730000,10.11.219.6
1467,163,1649240181.818113000,10.11.219.6
1468,155,1649240181.818452000,10.11.219.6
1469,-66,1649240181.821683000,18.65.156.210
1470,-1410,1649240181.821684000,18.65.156.210
1471,-1185,1649240181.821684000,18.65.156.210
1472,-97,1649240181.821685000,18.65.156.210
1473,66,1649240181.821710000,10.11.219.6
1474,66,1649240181.821730000,10.11.219.6
1475,66,1649240181.822242000,10.11.219.6
1476,-54,1649240181.828243000,52.119.171.205
1477,-54,1649240181.833517000,52.119.171.205
1478,158,1649240181.835094000,10.11.219.6
1479,-5956,1649240181.836219000,52.119.171.205
1480,54,1649240181.836240000,10.11.219.6
1481,-2802,1649240181.840646000,18.65.156.210
1482,66,1649240181.840664000,10.11.219.6
1483,-13736,1649240181.840811000,18.65.156.210
1484,66,1649240181.840817000,10.11.219.6
1485,-8274,1649240181.840836000,18.65.156.210
1486,66,1649240181.840839000,10.11.219.6
1487,180,1649240181.842611000,10.11.219.6
1488,-8264,1649240181.842748000,18.65.156.210
1489,-4170,1649240181.842750000,18.65.156.210
1490,66,1649240181.842768000,10.11.219.6
1491,66,1649240181.842775000,10.11.219.6
1492,-5538,1649240181.842790000,18.65.156.210
1493,66,1649240181.842794000,10.11.219.6
1494,185,1649240181.843439000,10.11.219.6
1495,-21954,1649240181.845672000,18.65.156.210
1496,66,1649240181.845692000,10.11.219.6
1497,-2802,1649240181.845716000,18.65.156.210
1498,66,1649240181.845720000,10.11.219.6
1499,-8274,1649240181.847913000,18.65.156.210
1500,66,1649240181.847976000,10.11.219.6
1501,-16482,1649240181.848129000,18.65.156.210
1502,66,1649240181.848143000,10.11.219.6
1503,-2802,1649240181.850266000,18.65.156.210
1504,66,1649240181.850285000,10.11.219.6
1505,-1434,1649240181.850416000,18.65.156.210
1506,-20586,1649240181.850420000,18.65.156.210
1507,66,1649240181.850429000,10.11.219.6
1508,66,1649240181.850437000,10.11.219.6
1509,-11010,1649240181.852236000,18.65.156.210
1510,66,1649240181.852245000,10.11.219.6
1511,-2802,1649240181.852262000,18.65.156.210
1512,258,1649240181.852267000,10.11.219.6
1513,849,1649240181.852310000,10.11.219.6
1514,66,1649240181.852376000,10.11.219.6
1515,-12378,1649240181.852777000,18.65.156.210
1516,66,1649240181.852800000,10.11.219.6
1517,-2802,1649240181.855280000,18.65.156.210
1518,66,1649240181.855295000,10.11.219.6
1519,-13746,1649240181.855441000,18.65.156.210
1520,66,1649240181.855461000,10.11.219.6
1521,-8274,1649240181.855466000,18.65.156.210
1522,66,1649240181.855534000,10.11.219.6
1523,178,1649240181.857121000,10.11.219.6
1524,-5538,1649240181.857248000,18.65.156.210
1525,66,1649240181.857280000,10.11.219.6
1526,-12378,1649240181.857737000,18.65.156.210
1527,-6906,1649240181.857757000,18.65.156.210
1528,66,1649240181.857759000,10.11.219.6
1529,66,1649240181.857824000,10.11.219.6
1530,147,1649240181.858037000,10.11.219.6
1531,231,1649240181.858878000,10.11.219.6
1532,-5538,1649240181.859959000,18.65.156.210
1533,66,1649240181.859990000,10.11.219.6
1534,-19218,1649240181.860458000,18.65.156.210
1535,66,1649240181.860492000,10.11.219.6
1536,-1434,1649240181.862835000,18.65.156.210
1537,-20586,1649240181.863002000,18.65.156.210
1538,-1434,1649240181.863008000,18.65.156.210
1539,66,1649240181.863022000,10.11.219.6
1540,-8274,1649240181.864332000,18.65.156.210
1541,66,1649240181.864372000,10.11.219.6
1542,-2802,1649240181.867668000,18.65.156.210
1543,66,1649240181.867685000,10.11.219.6
1544,-3483,1649240181.867817000,18.65.156.210
1545,-66,1649240181.867818000,18.65.110.227
1546,-4170,1649240181.867819000,18.65.156.210
1547,-144,1649240181.867819000,18.65.156.210
1548,66,1649240181.867847000,10.11.219.6
1549,78,1649240181.867858000,10.11.219.6
1550,-1434,1649240181.867878000,18.65.156.210
1551,-66,1649240181.867878000,18.65.156.210
1552,-2802,1649240181.867879000,18.65.156.210
1553,-934,1649240181.867879000,18.65.156.210
1554,-1434,1649240181.867880000,18.65.156.210
1555,-8274,1649240181.867881000,18.65.156.210
1556,66,1649240181.867888000,10.11.219.6
1557,78,1649240181.867897000,10.11.219.6
1558,66,1649240181.867901000,10.11.219.6
1559,66,1649240181.868023000,10.11.219.6
1560,-5538,1649240181.870145000,18.65.156.210
1561,66,1649240181.870161000,10.11.219.6
1562,-2792,1649240181.870305000,18.65.156.210
1563,-16472,1649240181.870308000,18.65.156.210
1564,66,1649240181.870378000,10.11.219.6
1565,-2802,1649240181.872822000,18.65.156.210
1566,66,1649240181.872836000,10.11.219.6
1567,-3860,1649240181.872997000,18.65.156.210
1568,-16472,1649240181.873001000,18.65.156.210
1569,-1434,1649240181.873016000,18.65.156.210
1570,66,1649240181.873033000,10.11.219.6
1571,-5538,1649240181.875243000,18.65.156.210
1572,66,1649240181.875260000,10.11.219.6
1573,-19218,1649240181.875413000,18.65.156.210
1574,66,1649240181.875438000,10.11.219.6
1575,-6886,1649240181.876610000,18.65.156.210
1576,-4170,1649240181.876612000,18.65.156.210
1577,66,1649240181.876630000,10.11.219.6
1578,66,1649240181.876731000,10.11.219.6
1579,-2802,1649240181.878943000,18.65.156.210
1580,66,1649240181.878962000,10.11.219.6
1581,-21954,1649240181.879126000,18.65.156.210
1582,66,1649240181.879148000,10.11.219.6
1583,-4170,1649240181.881377000,18.65.156.210
1584,-1434,1649240181.881378000,18.65.156.210
1585,66,1649240181.881408000,10.11.219.6
1586,-19218,1649240181.881540000,18.65.156.210
1587,66,1649240181.881582000,10.11.219.6
1588,-6906,1649240181.882706000,18.65.156.210
1589,-911,1649240181.882707000,18.65.156.210
1590,-1434,1649240181.882707000,18.65.156.210
1591,66,1649240181.882727000,10.11.219.6
1592,78,1649240181.882760000,10.11.219.6
1593,66,1649240181.882769000,10.11.219.6
1594,204,1649240181.897920000,10.11.219.6
1595,-5538,1649240181.902431000,18.65.156.210
1596,-11000,1649240181.902517000,18.65.156.210
1597,-956,1649240181.902526000,18.65.156.210
1598,66,1649240181.909927000,10.11.219.6
1599,74,1649240181.910484000,10.11.219.6
1600,74,1649240181.927212000,10.11.219.6
1601,74,1649240181.943896000,10.11.219.6
1602,-105,1649240181.977834000,52.119.171.205
1603,54,1649240181.977885000,10.11.219.6
1604,156,1649240181.989218000,10.11.219.6
1605,157,1649240181.989391000,10.11.219.6
1606,524,1649240181.989654000,10.11.219.6
1607,-66,1649240181.993585000,18.65.156.210
1608,-2802,1649240181.993587000,18.65.156.210
1609,-8274,1649240181.993628000,18.65.156.210
1610,66,1649240181.993843000,10.11.219.6
1611,-5528,1649240181.995927000,18.65.156.210
1612,-856,1649240181.995928000,18.65.156.210
1613,-1434,1649240181.995928000,18.65.156.210
1614,-16503,1649240181.995931000,18.65.156.210
1615,66,1649240181.995950000,10.11.219.6
1616,78,1649240181.995983000,10.11.219.6
1617,66,1649240181.995990000,10.11.219.6
1618,66,1649240181.996032000,10.11.219.6
1619,-8274,1649240181.997430000,18.65.156.210
1620,-118,1649240181.997431000,18.65.156.210
1621,-1434,1649240181.997432000,18.65.156.210
1622,66,1649240181.997457000,10.11.219.6
1623,78,1649240181.997495000,10.11.219.6
1624,66,1649240181.997503000,10.11.219.6
1625,-97,1649240181.997510000,18.65.156.210
1626,-2802,1649240182.005035000,18.65.110.227
1627,66,1649240182.005056000,10.11.219.6
1628,-306,1649240182.005193000,18.65.110.227
1629,-1434,1649240182.005193000,18.65.110.227
1630,-1110,1649240182.005194000,18.65.110.227
1631,-97,1649240182.005194000,18.65.110.227
1632,78,1649240182.005201000,10.11.219.6
1633,66,1649240182.005207000,10.11.219.6
1634,66,1649240182.005210000,10.11.219.6
1635,66,1649240182.005213000,10.11.219.6
1636,-66,1649240182.032422000,52.94.215.121
1637,54,1649240182.032520000,10.11.219.6
1638,571,1649240182.035715000,10.11.219.6
1639,66,1649240182.040741000,10.11.219.6
1640,161,1649240182.047061000,10.11.219.6
1641,-303,1649240182.050677000,18.65.156.210
1642,-1434,1649240182.050678000,18.65.156.210
1643,-97,1649240182.050678000,18.65.156.210
1644,78,1649240182.050694000,10.11.219.6
1645,66,1649240182.050713000,10.11.219.6
1646,66,1649240182.050908000,10.11.219.6
1647,-66,1649240182.065547000,54.240.252.146
1648,-66,1649240182.065548000,54.240.252.146
1649,54,1649240182.065589000,10.11.219.6
1650,54,1649240182.065615000,10.11.219.6
1651,571,1649240182.067718000,10.11.219.6
1652,571,1649240182.069617000,10.11.219.6
1653,351,1649240182.079419000,10.11.219.6
1654,-8274,1649240182.083368000,18.65.156.210
1655,-5538,1649240182.083469000,18.65.156.210
1656,66,1649240182.083637000,10.11.219.6
1657,-2792,1649240182.084475000,18.65.156.210
1658,-8274,1649240182.084490000,18.65.156.210
1659,66,1649240182.084525000,10.11.219.6
1660,66,1649240182.084700000,10.11.219.6
1661,-8264,1649240182.096815000,18.65.156.210
1662,66,1649240182.096865000,10.11.219.6
1663,-16482,1649240182.097087000,18.65.156.210
1664,66,1649240182.097346000,10.11.219.6
1665,-8274,1649240182.098754000,18.65.156.210
1666,66,1649240182.098768000,10.11.219.6
1667,-8254,1649240182.098858000,18.65.156.210
1668,-8274,1649240182.098859000,18.65.156.210
1669,66,1649240182.098869000,10.11.219.6
1670,66,1649240182.098918000,10.11.219.6
1671,-2802,1649240182.100994000,18.65.156.210
1672,66,1649240182.101009000,10.11.219.6
1673,-23322,1649240182.101230000,18.65.156.210
1674,66,1649240182.101272000,10.11.219.6
1675,-11010,1649240182.103120000,18.65.156.210
1676,66,1649240182.103134000,10.11.219.6
1677,-909,1649240182.103161000,18.65.156.210
1678,-1434,1649240182.103161000,18.65.156.210
1679,78,1649240182.103170000,10.11.219.6
1680,66,1649240182.103178000,10.11.219.6
1681,-503,1649240182.152860000,52.119.171.205
1682,54,1649240182.152891000,10.11.219.6
1683,-54,1649240182.154945000,52.94.215.121
1684,-54,1649240182.159273000,52.94.215.121
1685,-5950,1649240182.161968000,52.94.215.121
1686,54,1649240182.161986000,10.11.219.6
1687,180,1649240182.165201000,10.11.219.6
1688,-54,1649240182.188156000,54.240.252.146
1689,-54,1649240182.192411000,54.240.252.146
1690,-2774,1649240182.195112000,54.240.252.146
1691,54,1649240182.195126000,10.11.219.6
1692,-3211,1649240182.195280000,54.240.252.146
1693,54,1649240182.195307000,10.11.219.6
1694,180,1649240182.202201000,10.11.219.6
1695,-54,1649240182.204143000,54.240.252.146
1696,-54,1649240182.207325000,54.240.252.146
1697,-5931,1649240182.208872000,54.240.252.146
1698,54,1649240182.208887000,10.11.219.6
1699,180,1649240182.214040000,10.11.219.6
1700,74,1649240182.272954000,10.11.219.6
1701,-105,1649240182.332375000,52.94.215.121
1702,-105,1649240182.332376000,54.240.252.146
1703,54,1649240182.332453000,10.11.219.6
1704,54,1649240182.332489000,10.11.219.6
1705,719,1649240182.333052000,10.11.219.6
1706,-105,1649240182.352825000,54.240.252.146
1707,54,1649240182.352842000,10.11.219.6
1708,593,1649240182.353149000,10.11.219.6
1709,-5494,1649240182.466005000,52.94.215.121
1710,54,1649240182.466034000,10.11.219.6
1711,-3422,1649240182.466072000,52.94.215.121
1712,54,1649240182.466078000,10.11.219.6
1713,718,1649240182.466410000,10.11.219.6
1714,-66,1649240182.469502000,52.94.215.121
1715,54,1649240182.469538000,10.11.219.6
1716,571,1649240182.472624000,10.11.219.6
1717,788,1649240182.478131000,10.11.219.6
1718,177,1649240182.481151000,10.11.219.6
1719,-16472,1649240182.482844000,18.65.156.210
1720,66,1649240182.482870000,10.11.219.6
1721,-2802,1649240182.482904000,18.65.156.210
1722,66,1649240182.482911000,10.11.219.6
1723,-10442,1649240182.485024000,18.65.156.210
1724,66,1649240182.485040000,10.11.219.6
1725,-2387,1649240182.486769000,18.65.156.210
1726,66,1649240182.486790000,10.11.219.6
1727,-689,1649240182.497349000,54.240.252.146
1728,54,1649240182.497370000,10.11.219.6
1729,755,1649240182.498190000,10.11.219.6
1730,74,1649240182.519118000,10.11.219.6
1731,-54,1649240182.605514000,52.94.215.121
1732,-54,1649240182.608661000,52.94.215.121
1733,-5950,1649240182.611384000,52.94.215.121
1734,54,1649240182.611423000,10.11.219.6
1735,180,1649240182.617925000,10.11.219.6
1736,-14966,1649240182.619650000,52.94.215.121
1737,54,1649240182.619699000,10.11.219.6
1738,-4134,1649240182.620760000,52.94.215.121
1739,54,1649240182.620777000,10.11.219.6
1740,-66,1649240182.642224000,52.119.166.51
1741,54,1649240182.642242000,10.11.219.6
1742,-696,1649240182.643407000,54.240.252.146
1743,571,1649240182.643904000,10.11.219.6
1744,54,1649240182.684736000,10.11.219.6
1745,74,1649240182.723473000,10.11.219.6
1746,74,1649240182.723564000,10.11.219.6
1747,74,1649240182.723627000,10.11.219.6
1748,-10934,1649240182.742397000,52.94.215.121
1749,54,1649240182.744537000,10.11.219.6
1750,-5494,1649240182.754331000,52.94.215.121
1751,54,1649240182.754347000,10.11.219.6
1752,-17566,1649240182.754468000,52.94.215.121
1753,54,1649240182.754501000,10.11.219.6
1754,-105,1649240182.755655000,52.94.215.121
1755,54,1649240182.755692000,10.11.219.6
1756,-54,1649240182.765382000,52.119.166.51
1757,-54,1649240182.767526000,52.119.166.51
1758,-6014,1649240182.770216000,52.119.166.51
1759,54,1649240182.770243000,10.11.219.6
1760,180,1649240182.774640000,10.11.219.6
1761,755,1649240182.824914000,10.11.219.6
1762,-66,1649240182.846098000,52.94.184.56
1763,54,1649240182.846128000,10.11.219.6
1764,571,1649240182.850428000,10.11.219.6
1765,-66,1649240182.862837000,52.94.184.56
1766,54,1649240182.862887000,10.11.219.6
1767,-66,1649240182.863688000,52.94.184.56
1768,54,1649240182.863702000,10.11.219.6
1769,571,1649240182.867222000,10.11.219.6
1770,571,1649240182.870581000,10.11.219.6
1771,-105,1649240182.898141000,52.119.166.51
1772,54,1649240182.898162000,10.11.219.6
1773,617,1649240182.898435000,10.11.219.6
1774,161,1649240182.919198000,10.11.219.6
1775,-4078,1649240182.924177000,18.65.156.210
1776,-97,1649240182.924178000,18.65.156.210
1777,66,1649240182.924206000,10.11.219.6
1778,66,1649240182.924225000,10.11.219.6
1779,1434,1649240182.943536000,10.11.219.6
1780,752,1649240182.943558000,10.11.219.6
1781,-66,1649240182.946277000,18.65.110.227
1782,1434,1649240182.948694000,10.11.219.6
1783,1188,1649240182.948723000,10.11.219.6
1784,1434,1649240182.949154000,10.11.219.6
1785,257,1649240182.949164000,10.11.219.6
1786,149,1649240182.953320000,10.11.219.6
1787,-1434,1649240182.956622000,18.65.156.210
1788,-1434,1649240182.956681000,18.65.156.210
1789,-879,1649240182.956682000,18.65.156.210
1790,-1434,1649240182.956682000,18.65.156.210
1791,78,1649240182.956699000,10.11.219.6
1792,66,1649240182.956732000,10.11.219.6
1793,74,1649240182.957723000,10.11.219.6
1794,74,1649240182.965093000,10.11.219.6
1795,691,1649240182.966145000,10.11.219.6
1796,-54,1649240182.967979000,52.94.184.56
1797,-696,1649240182.968948000,54.240.252.146
1798,54,1649240182.968980000,10.11.219.6
1799,455,1649240182.969567000,10.11.219.6
1800,-74,1649240182.971004000,18.65.129.172
1801,66,1649240182.971034000,10.11.219.6
1802,454,1649240182.971325000,10.11.219.6
1803,-54,1649240182.973185000,52.94.184.56
1804,583,1649240182.974891000,10.11.219.6
1805,441,1649240182.975171000,10.11.219.6
1806,-6079,1649240182.975957000,52.94.184.56
1807,54,1649240182.975979000,10.11.219.6
1808,-66,1649240182.978978000,18.65.129.172
1809,-5538,1649240182.978979000,18.65.129.172
1810,66,1649240182.979003000,10.11.219.6
1811,-568,1649240182.980847000,18.65.129.172
1812,66,1649240182.980908000,10.11.219.6
1813,180,1649240182.984672000,10.11.219.6
1814,441,1649240182.985388000,10.11.219.6
1815,600,1649240182.990902000,10.11.219.6
1816,1422,1649240182.991770000,10.11.219.6
1817,-66,1649240182.994549000,18.65.110.227
1818,957,1649240182.997226000,10.11.219.6
1819,130,1649240182.998853000,10.11.219.6
1820,456,1649240182.999056000,10.11.219.6
1821,236,1649240182.999205000,10.11.219.6
1822,385,1649240182.999406000,10.11.219.6
1823,566,1649240183.000354000,10.11.219.6
1824,-66,1649240183.002123000,18.65.129.172
1825,-128,1649240183.002124000,18.65.129.172
1826,-54,1649240183.002124000,52.94.184.56
1827,-66,1649240183.002124000,18.65.129.172
1828,-97,1649240183.002125000,18.65.129.172
1829,-66,1649240183.002125000,18.65.129.172
1830,66,1649240183.002153000,10.11.219.6
1831,66,1649240183.002180000,10.11.219.6
1832,97,1649240183.002215000,10.11.219.6
1833,-8274,1649240183.003943000,18.65.129.172
1834,-134,1649240183.003944000,18.65.129.172
1835,-54,1649240183.003945000,52.94.184.56
1836,66,1649240183.003966000,10.11.219.6
1837,-1434,1649240183.003986000,18.65.129.172
1838,78,1649240183.003987000,10.11.219.6
1839,66,1649240183.003996000,10.11.219.6
1840,-66,1649240183.005316000,18.65.129.172
1841,-54,1649240183.006400000,52.94.184.56
1842,680,1649240183.006949000,10.11.219.6
1843,74,1649240183.007457000,10.11.219.6
1844,-6079,1649240183.009048000,52.94.184.56
1845,54,1649240183.009068000,10.11.219.6
1846,-54,1649240183.009600000,52.94.184.56
1847,-2774,1649240183.012242000,52.94.184.56
1848,54,1649240183.012263000,10.11.219.6
1849,-3359,1649240183.012294000,52.94.184.56
1850,54,1649240183.012300000,10.11.219.6
1851,180,1649240183.016756000,10.11.219.6
1852,180,1649240183.025480000,10.11.219.6
1853,158,1649240183.026501000,10.11.219.6
1854,157,1649240183.026814000,10.11.219.6
1855,158,1649240183.026927000,10.11.219.6
1856,157,1649240183.027088000,10.11.219.6
1857,158,1649240183.027367000,10.11.219.6
1858,-439,1649240183.027904000,52.119.166.51
1859,54,1649240183.027928000,10.11.219.6
1860,157,1649240183.027975000,10.11.219.6
1861,74,1649240183.028131000,10.11.219.6
1862,74,1649240183.028232000,10.11.219.6
1863,74,1649240183.028320000,10.11.219.6
1864,-66,1649240183.028928000,18.65.156.210
1865,158,1649240183.029447000,10.11.219.6
1866,-12378,1649240183.031018000,18.65.156.210
1867,66,1649240183.031039000,10.11.219.6
1868,-1418,1649240183.031070000,18.65.156.210
1869,-1434,1649240183.031071000,18.65.156.210
1870,-4170,1649240183.031072000,18.65.156.210
1871,78,1649240183.031081000,10.11.219.6
1872,66,1649240183.031088000,10.11.219.6
1873,66,1649240183.031093000,10.11.219.6
1874,-2802,1649240183.033333000,18.65.156.210
1875,66,1649240183.033348000,10.11.219.6
1876,-8318,1649240183.033463000,18.65.156.210
1877,-2145,1649240183.033464000,18.65.156.210
1878,66,1649240183.033471000,10.11.219.6
1879,66,1649240183.033478000,10.11.219.6
1880,-8274,1649240183.033501000,18.65.156.210
1881,66,1649240183.033509000,10.11.219.6
1882,-5361,1649240183.035805000,18.65.156.210
1883,66,1649240183.035820000,10.11.219.6
1884,-12378,1649240183.035950000,18.65.156.210
1885,-1420,1649240183.035976000,18.65.156.210
1886,-1434,1649240183.035977000,18.65.156.210
1887,-4170,1649240183.035978000,18.65.156.210
1888,78,1649240183.035990000,10.11.219.6
1889,66,1649240183.036003000,10.11.219.6
1890,66,1649240183.036019000,10.11.219.6
1891,-2802,1649240183.038450000,18.65.156.210
1892,66,1649240183.038466000,10.11.219.6
1893,-8257,1649240183.038607000,18.65.156.210
1894,-5538,1649240183.038609000,18.65.156.210
1895,-351,1649240183.038630000,18.65.156.210
1896,-1434,1649240183.038631000,18.65.156.210
1897,-5538,1649240183.038632000,18.65.156.210
1898,78,1649240183.038640000,10.11.219.6
1899,66,1649240183.038653000,10.11.219.6
1900,66,1649240183.038905000,10.11.219.6
1901,-2802,1649240183.040834000,18.65.156.210
1902,66,1649240183.040849000,10.11.219.6
1903,-6906,1649240183.041012000,18.65.156.210
1904,-15114,1649240183.041014000,18.65.156.210
1905,66,1649240183.041051000,10.11.219.6
1906,-3342,1649240183.042034000,18.65.156.210
1907,-1434,1649240183.042035000,18.65.156.210
1908,-407,1649240183.042035000,18.65.156.210
1909,-1434,1649240183.042035000,18.65.156.210
1910,-1434,1649240183.042036000,18.65.156.210
1911,66,1649240183.042050000,10.11.219.6
1912,78,1649240183.042069000,10.11.219.6
1913,66,1649240183.042074000,10.11.219.6
1914,-2802,1649240183.044305000,18.65.156.210
1915,66,1649240183.044321000,10.11.219.6
1916,-8274,1649240183.044450000,18.65.156.210
1917,-866,1649240183.044450000,18.65.156.210
1918,-1434,1649240183.044451000,18.65.156.210
1919,78,1649240183.044462000,10.11.219.6
1920,66,1649240183.044473000,10.11.219.6
1921,-11010,1649240183.044502000,18.65.156.210
1922,66,1649240183.044620000,10.11.219.6
1923,-2802,1649240183.046637000,18.65.156.210
1924,-373,1649240183.046638000,18.65.156.210
1925,-1434,1649240183.046639000,18.65.156.210
1926,-6906,1649240183.046640000,18.65.156.210
1927,66,1649240183.046658000,10.11.219.6
1928,-382,1649240183.046681000,18.65.156.210
1929,-1434,1649240183.046682000,18.65.156.210
1930,78,1649240183.046684000,10.11.219.6
1931,66,1649240183.046695000,10.11.219.6
1932,78,1649240183.046701000,10.11.219.6
1933,66,1649240183.046706000,10.11.219.6
1934,-667,1649240183.053367000,18.65.110.227
1935,-97,1649240183.053368000,18.65.110.227
1936,66,1649240183.053391000,10.11.219.6
1937,66,1649240183.053412000,10.11.219.6
1938,177,1649240183.060163000,10.11.219.6
1939,170,1649240183.061251000,10.11.219.6
1940,-5538,1649240183.063869000,18.65.156.210
1941,-4170,1649240183.063981000,18.65.156.210
1942,-394,1649240183.063982000,18.65.156.210
1943,-1434,1649240183.063983000,18.65.156.210
1944,66,1649240183.063994000,10.11.219.6
1945,78,1649240183.064109000,10.11.219.6
1946,66,1649240183.064135000,10.11.219.6
1947,-6624,1649240183.065601000,18.65.156.210
1948,66,1649240183.065621000,10.11.219.6
1949,-66,1649240183.070414000,44.236.225.165
1950,-66,1649240183.070415000,44.236.225.165
1951,927,1649240183.070440000,10.11.219.6
1952,-235,1649240183.073631000,44.236.225.165
1953,-104,1649240183.073632000,44.236.225.165
1954,66,1649240183.073649000,10.11.219.6
1955,66,1649240183.073667000,10.11.219.6
1956,-235,1649240183.087585000,44.236.225.165
1957,-104,1649240183.087586000,44.236.225.165
1958,66,1649240183.087604000,10.11.219.6
1959,66,1649240183.087629000,10.11.219.6
1960,-66,1649240183.092912000,44.236.225.165
1961,-235,1649240183.092913000,44.236.225.165
1962,-104,1649240183.092914000,44.236.225.165
1963,66,1649240183.092939000,10.11.219.6
1964,66,1649240183.092961000,10.11.219.6
1965,-235,1649240183.093963000,44.236.225.165
1966,-104,1649240183.093964000,44.236.225.165
1967,66,1649240183.093979000,10.11.219.6
1968,66,1649240183.093998000,10.11.219.6
1969,-66,1649240183.100747000,52.94.184.56
1970,54,1649240183.100770000,10.11.219.6
1971,-2371,1649240183.102526000,18.65.110.227
1972,-97,1649240183.102526000,18.65.110.227
1973,-235,1649240183.102527000,44.236.225.165
1974,-104,1649240183.102527000,44.236.225.165
1975,66,1649240183.102538000,10.11.219.6
1976,571,1649240183.102548000,10.11.219.6
1977,66,1649240183.102554000,10.11.219.6
1978,66,1649240183.102562000,10.11.219.6
1979,66,1649240183.102567000,10.11.219.6
1980,-105,1649240183.107044000,52.94.184.56
1981,54,1649240183.107062000,10.11.219.6
1982,1414,1649240183.107367000,10.11.219.6
1983,1414,1649240183.107377000,10.11.219.6
1984,1414,1649240183.107385000,10.11.219.6
1985,164,1649240183.107387000,10.11.219.6
1986,-66,1649240183.118825000,44.236.225.165
1987,-2736,1649240183.122247000,18.65.110.227
1988,-107,1649240183.122248000,18.65.110.227
1989,-97,1649240183.122248000,18.65.110.227
1990,66,1649240183.122263000,10.11.219.6
1991,66,1649240183.122284000,10.11.219.6
1992,66,1649240183.122292000,10.11.219.6
1993,-533,1649240183.125575000,52.94.215.121
1994,739,1649240183.125792000,10.11.219.6
1995,-2372,1649240183.135589000,18.65.110.227
1996,-97,1649240183.135590000,18.65.110.227
1997,-66,1649240183.135590000,52.94.215.121
1998,66,1649240183.135607000,10.11.219.6
1999,66,1649240183.135628000,10.11.219.6
2000,54,1649240183.135634000,10.11.219.6
2001,571,1649240183.138673000,10.11.219.6
2002,-540,1649240183.144966000,52.94.215.121
2003,54,1649240183.144987000,10.11.219.6
2004,567,1649240183.145216000,10.11.219.6
2005,-66,1649240183.151661000,52.94.215.121
2006,54,1649240183.151684000,10.11.219.6
2007,571,1649240183.154742000,10.11.219.6
2008,-66,1649240183.156108000,52.94.215.121
2009,-105,1649240183.156118000,52.94.184.56
2010,54,1649240183.156141000,10.11.219.6
2011,54,1649240183.156155000,10.11.219.6
2012,571,1649240183.159169000,10.11.219.6
2013,639,1649240183.159601000,10.11.219.6
2014,-66,1649240183.161490000,52.94.215.121
2015,54,1649240183.161520000,10.11.219.6
2016,571,1649240183.163339000,10.11.219.6
2017,-66,1649240183.164899000,44.236.225.165
2018,-105,1649240183.164899000,52.94.184.56
2019,54,1649240183.164926000,10.11.219.6
2020,603,1649240183.175215000,10.11.219.6
2021,667,1649240183.176575000,10.11.219.6
2022,237,1649240183.179319000,10.11.219.6
2023,170,1649240183.180989000,10.11.219.6
2024,-2802,1649240183.183697000,18.65.156.210
2025,66,1649240183.183801000,10.11.219.6
2026,-13736,1649240183.183826000,18.65.156.210
2027,-5538,1649240183.183846000,18.65.156.210
2028,66,1649240183.183912000,10.11.219.6
2029,-5538,1649240183.186430000,18.65.156.210
2030,66,1649240183.186447000,10.11.219.6
2031,-5528,1649240183.186605000,18.65.156.210
2032,-13746,1649240183.186612000,18.65.156.210
2033,66,1649240183.186620000,10.11.219.6
2034,66,1649240183.186669000,10.11.219.6
2035,-2802,1649240183.188829000,18.65.156.210
2036,66,1649240183.188847000,10.11.219.6
2037,-16462,1649240183.189005000,18.65.156.210
2038,-5538,1649240183.189028000,18.65.156.210
2039,66,1649240183.189034000,10.11.219.6
2040,66,1649240183.189141000,10.11.219.6
2041,-2802,1649240183.191492000,18.65.156.210
2042,66,1649240183.191507000,10.11.219.6
2043,-21954,1649240183.191672000,18.65.156.210
2044,66,1649240183.191704000,10.11.219.6
2045,-4170,1649240183.194123000,18.65.156.210
2046,-2802,1649240183.194124000,18.65.156.210
2047,66,1649240183.194161000,10.11.219.6
2048,-19218,1649240183.194438000,18.65.156.210
2049,66,1649240183.195549000,10.11.219.6
2050,-11010,1649240183.196337000,18.65.156.210
2051,66,1649240183.196393000,10.11.219.6
2052,-1434,1649240183.196729000,18.65.156.210
2053,-12378,1649240183.196737000,18.65.156.210
2054,66,1649240183.196952000,10.11.219.6
2055,-11010,1649240183.198411000,18.65.156.210
2056,66,1649240183.198423000,10.11.219.6
2057,-5538,1649240183.200690000,18.65.156.210
2058,66,1649240183.200727000,10.11.219.6
2059,-5538,1649240183.200838000,18.65.156.210
2060,-13746,1649240183.200844000,18.65.156.210
2061,66,1649240183.200854000,10.11.219.6
2062,66,1649240183.200894000,10.11.219.6
2063,-2802,1649240183.203044000,18.65.156.210
2064,66,1649240183.203064000,10.11.219.6
2065,-2802,1649240183.203225000,18.65.156.210
2066,-19218,1649240183.203229000,18.65.156.210
2067,-809,1649240183.203246000,18.65.156.210
2068,66,1649240183.203366000,10.11.219.6
2069,-66,1649240183.204047000,44.236.225.165
2070,-1101,1649240183.204048000,44.236.225.165
2071,66,1649240183.204067000,10.11.219.6
2072,-66,1649240183.223725000,18.65.110.227
2073,-54,1649240183.230123000,52.94.184.56
2074,-54,1649240183.230125000,52.94.184.56
2075,-54,1649240183.239698000,52.94.184.56
2076,-54,1649240183.242001000,52.94.184.56
2077,-2774,1649240183.244925000,52.94.184.56
2078,54,1649240183.244943000,10.11.219.6
2079,-3359,1649240183.245097000,52.94.184.56
2080,54,1649240183.245107000,10.11.219.6
2081,-681,1649240183.247781000,52.94.184.56
2082,54,1649240183.247799000,10.11.219.6
2083,180,1649240183.251716000,10.11.219.6
2084,-540,1649240183.255157000,52.94.215.121
2085,-54,1649240183.267880000,52.94.215.121
2086,-54,1649240183.267880000,52.94.215.121
2087,-2774,1649240183.270572000,52.94.215.121
2088,54,1649240183.270588000,10.11.219.6
2089,-3230,1649240183.270745000,52.94.215.121
2090,54,1649240183.270754000,10.11.219.6
2091,-54,1649240183.275011000,52.94.215.121
2092,180,1649240183.276025000,10.11.219.6
2093,-54,1649240183.277465000,52.94.215.121
2094,-5950,1649240183.280130000,52.94.215.121
2095,54,1649240183.280214000,10.11.219.6
2096,-667,1649240183.282915000,18.65.110.227
2097,-97,1649240183.282917000,18.65.110.227
2098,66,1649240183.282984000,10.11.219.6
2099,66,1649240183.283049000,10.11.219.6
2100,-54,1649240183.283854000,52.94.215.121
2101,-54,1649240183.287070000,52.94.215.121
2102,-5950,1649240183.289700000,52.94.215.121
2103,54,1649240183.289716000,10.11.219.6
2104,180,1649240183.290039000,10.11.219.6
2105,-54,1649240183.290270000,52.94.215.121
2106,-540,1649240183.291401000,52.94.215.121
2107,54,1649240183.291421000,10.11.219.6
2108,-54,1649240183.292419000,52.94.215.121
2109,-1414,1649240183.293616000,52.94.215.121
2110,54,1649240183.293637000,10.11.219.6
2111,-4590,1649240183.294965000,52.94.215.121
2112,54,1649240183.294981000,10.11.219.6
2113,-235,1649240183.299378000,44.236.225.165
2114,-104,1649240183.299379000,44.236.225.165
2115,66,1649240183.299425000,10.11.219.6
2116,66,1649240183.299445000,10.11.219.6
2117,180,1649240183.300118000,10.11.219.6
2118,54,1649240183.300759000,10.11.219.6
2119,795,1649240183.301994000,10.11.219.6
2120,-776,1649240183.305573000,52.94.184.56
2121,54,1649240183.305592000,10.11.219.6
2122,180,1649240183.306753000,10.11.219.6
2123,1414,1649240183.310104000,10.11.219.6
2124,667,1649240183.310118000,10.11.219.6
2125,-105,1649240183.390358000,52.94.184.56
2126,54,1649240183.390382000,10.11.219.6
2127,1414,1649240183.390673000,10.11.219.6
2128,1414,1649240183.390682000,10.11.219.6
2129,466,1649240183.391205000,10.11.219.6
2130,-105,1649240183.405353000,52.94.215.121
2131,54,1649240183.405368000,10.11.219.6
2132,600,1649240183.405609000,10.11.219.6
2133,-105,1649240183.413087000,52.94.215.121
2134,54,1649240183.413108000,10.11.219.6
2135,600,1649240183.413334000,10.11.219.6
2136,-105,1649240183.427205000,52.94.215.121
2137,54,1649240183.427228000,10.11.219.6
2138,567,1649240183.432737000,10.11.219.6
2139,-105,1649240183.435663000,52.94.215.121
2140,54,1649240183.435679000,10.11.219.6
2141,-54,1649240183.449624000,52.94.184.56
2142,-659,1649240183.459880000,52.94.184.56
2143,-106,1649240183.459881000,52.94.184.56
2144,54,1649240183.460199000,10.11.219.6
2145,-54,1649240183.472639000,52.94.215.121
2146,-1098,1649240183.493145000,52.94.215.121
2147,54,1649240183.493169000,10.11.219.6
2148,842,1649240183.497807000,10.11.219.6
2149,74,1649240183.521270000,10.11.219.6
2150,-54,1649240183.530389000,52.94.184.56
2151,-681,1649240183.539132000,52.94.184.56
2152,54,1649240183.539159000,10.11.219.6
2153,-533,1649240183.547575000,52.94.215.121
2154,54,1649240183.547606000,10.11.219.6
2155,215,1649240183.550000000,10.11.219.6
2156,-533,1649240183.552868000,52.94.215.121
2157,54,1649240183.552895000,10.11.219.6
2158,-1433,1649240183.555110000,18.65.156.210
2159,66,1649240183.555137000,10.11.219.6
2160,217,1649240183.563078000,10.11.219.6
2161,-2593,1649240183.566956000,18.65.156.210
2162,66,1649240183.566978000,10.11.219.6
2163,-540,1649240183.570057000,52.94.215.121
2164,54,1649240183.570087000,10.11.219.6
2165,219,1649240183.613867000,10.11.219.6
2166,-5538,1649240183.618157000,18.65.156.210
2167,66,1649240183.618181000,10.11.219.6
2168,-5538,1649240183.620291000,18.65.156.210
2169,66,1649240183.620305000,10.11.219.6
2170,-4031,1649240183.620457000,18.65.156.210
2171,-15114,1649240183.620461000,18.65.156.210
2172,66,1649240183.620469000,10.11.219.6
2173,66,1649240183.620482000,10.11.219.6
2174,-1424,1649240183.622677000,18.65.156.210
2175,-1434,1649240183.622677000,18.65.156.210
2176,66,1649240183.622691000,10.11.219.6
2177,66,1649240183.622709000,10.11.219.6
2178,-15104,1649240183.622838000,18.65.156.210
2179,66,1649240183.622843000,10.11.219.6
2180,-6906,1649240183.622863000,18.65.156.210
2181,66,1649240183.622867000,10.11.219.6
2182,-11010,1649240183.624116000,18.65.156.210
2183,66,1649240183.624122000,10.11.219.6
2184,-2802,1649240183.626663000,18.65.156.210
2185,66,1649240183.626678000,10.11.219.6
2186,-12358,1649240183.626822000,18.65.156.210
2187,66,1649240183.626831000,10.11.219.6
2188,-9642,1649240183.626859000,18.65.156.210
2189,66,1649240183.626863000,10.11.219.6
2190,-2802,1649240183.629063000,18.65.156.210
2191,66,1649240183.629074000,10.11.219.6
2192,-20586,1649240183.629244000,18.65.156.210
2193,-54,1649240183.629256000,52.94.215.121
2194,-1434,1649240183.629257000,18.65.156.210
2195,66,1649240183.629279000,10.11.219.6
2196,-5538,1649240183.631501000,18.65.156.210
2197,66,1649240183.631515000,10.11.219.6
2198,-19218,1649240183.631645000,18.65.156.210
2199,66,1649240183.631667000,10.11.219.6
2200,-5538,1649240183.634083000,18.65.156.210
2201,66,1649240183.634093000,10.11.219.6
2202,-1434,1649240183.634307000,18.65.156.210
2203,-19218,1649240183.634309000,18.65.156.210
2204,66,1649240183.634341000,10.11.219.6
2205,-5538,1649240183.636458000,18.65.156.210
2206,66,1649240183.636468000,10.11.219.6
2207,-8274,1649240183.636605000,18.65.156.210
2208,-5538,1649240183.636606000,18.65.156.210
2209,-481,1649240183.636615000,18.65.156.210
2210,-1434,1649240183.636616000,18.65.156.210
2211,78,1649240183.636621000,10.11.219.6
2212,66,1649240183.636634000,10.11.219.6
2213,160,1649240183.687861000,10.11.219.6
2214,-2802,1649240183.692566000,18.65.156.210
2215,-9642,1649240183.692629000,18.65.156.210
2216,66,1649240183.692665000,10.11.219.6
2217,-2792,1649240183.694559000,18.65.156.210
2218,-5538,1649240183.694560000,18.65.156.210
2219,66,1649240183.694578000,10.11.219.6
2220,66,1649240183.694667000,10.11.219.6
2221,-3704,1649240183.695428000,18.65.156.210
2222,-66,1649240183.695429000,52.94.234.174
2223,66,1649240183.695447000,10.11.219.6
2224,54,1649240183.695486000,10.11.219.6
2225,571,1649240183.701398000,10.11.219.6
2226,160,1649240183.702139000,10.11.219.6
2227,-5538,1649240183.708769000,18.65.156.210
2228,-5538,1649240183.708820000,18.65.156.210
2229,-166,1649240183.708820000,18.65.156.210
2230,-1434,1649240183.708821000,18.65.156.210
2231,-97,1649240183.708821000,18.65.156.210
2232,78,1649240183.708838000,10.11.219.6
2233,66,1649240183.708861000,10.11.219.6
2234,-1950,1649240183.710187000,52.94.215.121
2235,54,1649240183.710246000,10.11.219.6
2236,160,1649240183.735669000,10.11.219.6
2237,-2802,1649240183.741106000,18.65.156.210
2238,66,1649240183.741186000,10.11.219.6
2239,-13722,1649240183.741203000,18.65.156.210
2240,-97,1649240183.741209000,18.65.156.210
2241,66,1649240183.741214000,10.11.219.6
2242,74,1649240183.756503000,10.11.219.6
2243,66,1649240183.784723000,10.11.219.6
2244,160,1649240183.787784000,10.11.219.6
2245,159,1649240183.788673000,10.11.219.6
2246,-66,1649240183.791681000,18.65.156.210
2247,-2802,1649240183.791682000,18.65.156.210
2248,-2802,1649240183.791729000,18.65.156.210
2249,66,1649240183.791760000,10.11.219.6
2250,-2802,1649240183.793721000,18.65.156.210
2251,-550,1649240183.793722000,18.65.156.210
2252,-1434,1649240183.793722000,18.65.156.210
2253,-97,1649240183.793723000,18.65.156.210
2254,-11928,1649240183.793732000,18.65.156.210
2255,66,1649240183.793753000,10.11.219.6
2256,78,1649240183.793786000,10.11.219.6
2257,66,1649240183.793797000,10.11.219.6
2258,-97,1649240183.793810000,18.65.156.210
2259,66,1649240183.793851000,10.11.219.6
2260,160,1649240183.808040000,10.11.219.6
2261,160,1649240183.809302000,10.11.219.6
2262,-2802,1649240183.813415000,18.65.156.210
2263,66,1649240183.813487000,10.11.219.6
2264,-12370,1649240183.813618000,18.65.156.210
2265,-9642,1649240183.813644000,18.65.156.210
2266,-97,1649240183.813645000,18.65.156.210
2267,-1434,1649240183.813661000,18.65.156.210
2268,66,1649240183.813662000,10.11.219.6
2269,78,1649240183.813673000,10.11.219.6
2270,66,1649240183.813677000,10.11.219.6
2271,-5538,1649240183.815386000,18.65.156.210
2272,-248,1649240183.815387000,18.65.156.210
2273,-1434,1649240183.815388000,18.65.156.210
2274,-97,1649240183.815388000,18.65.156.210
2275,66,1649240183.815407000,10.11.219.6
2276,78,1649240183.815429000,10.11.219.6
2277,66,1649240183.815438000,10.11.219.6
2278,66,1649240183.815631000,10.11.219.6
2279,160,1649240183.853866000,10.11.219.6
2280,160,1649240183.854703000,10.11.219.6
2281,-66,1649240183.857765000,18.65.156.210
2282,-5538,1649240183.860916000,18.65.156.210
2283,66,1649240183.860973000,10.11.219.6
2284,-4170,1649240183.861069000,18.65.156.210
2285,-950,1649240183.861070000,18.65.156.210
2286,-1434,1649240183.861070000,18.65.156.210
2287,-97,1649240183.861071000,18.65.156.210
2288,-12378,1649240183.861073000,18.65.156.210
2289,66,1649240183.861082000,10.11.219.6
2290,78,1649240183.861095000,10.11.219.6
2291,66,1649240183.861102000,10.11.219.6
2292,66,1649240183.861116000,10.11.219.6
2293,-2802,1649240183.862184000,18.65.156.210
2294,66,1649240183.862199000,10.11.219.6
2295,-1424,1649240183.862242000,18.65.156.210
2296,-4638,1649240183.862245000,18.65.156.210
2297,-97,1649240183.862245000,18.65.156.210
2298,66,1649240183.862414000,10.11.219.6
2299,-54,1649240183.869048000,52.94.234.174
2300,160,1649240183.870998000,10.11.219.6
2301,-54,1649240183.873801000,52.94.234.174
2302,-150,1649240183.875460000,52.94.234.174
2303,-5022,1649240183.875462000,52.94.234.174
2304,-392,1649240183.875462000,52.94.234.174
2305,-63,1649240183.875463000,52.94.234.174
2306,-5538,1649240183.875464000,18.65.156.210
2307,54,1649240183.875485000,10.11.219.6
2308,54,1649240183.875509000,10.11.219.6
2309,54,1649240183.875514000,10.11.219.6
2310,54,1649240183.875519000,10.11.219.6
2311,-1568,1649240183.875539000,18.65.156.210
2312,-257,1649240183.875540000,18.65.156.210
2313,66,1649240183.875560000,10.11.219.6
2314,204,1649240183.880680000,10.11.219.6
2315,-63,1649240183.902296000,52.94.234.174
2316,66,1649240183.902313000,10.11.219.6
2317,-66,1649240183.922556000,209.54.177.54
2318,54,1649240183.922598000,10.11.219.6
2319,571,1649240183.927598000,10.11.219.6
2320,792,1649240183.980277000,10.11.219.6
2321,796,1649240183.983217000,10.11.219.6
2322,-54,1649240184.053126000,52.94.234.174
2323,-60,1649240184.053127000,52.94.234.174
2324,-123,1649240184.053127000,52.94.234.174
2325,54,1649240184.053150000,10.11.219.6
2326,54,1649240184.053178000,10.11.219.6
2327,507,1649240184.053756000,10.11.219.6
2328,808,1649240184.057172000,10.11.219.6
2329,228,1649240184.062990000,10.11.219.6
2330,1355,1649240184.063068000,10.11.219.6
2331,1434,1649240184.063171000,10.11.219.6
2332,1434,1649240184.063178000,10.11.219.6
2333,1434,1649240184.063333000,10.11.219.6
2334,1434,1649240184.063340000,10.11.219.6
2335,1434,1649240184.063959000,10.11.219.6
2336,1434,1649240184.063964000,10.11.219.6
2337,1434,1649240184.063970000,10.11.219.6
2338,1434,1649240184.063972000,10.11.219.6
2339,-54,1649240184.088430000,209.54.177.54
2340,-54,1649240184.093797000,209.54.177.54
2341,-6001,1649240184.096566000,209.54.177.54
2342,54,1649240184.096592000,10.11.219.6
2343,180,1649240184.101795000,10.11.219.6
2344,-54,1649240184.102371000,52.94.215.121
2345,-540,1649240184.111023000,52.94.215.121
2346,54,1649240184.111036000,10.11.219.6
2347,-540,1649240184.127010000,52.94.215.121
2348,54,1649240184.127026000,10.11.219.6
2349,-108,1649240184.183806000,44.236.225.165
2350,1434,1649240184.183826000,10.11.219.6
2351,1434,1649240184.183838000,10.11.219.6
2352,-66,1649240184.184859000,44.236.225.165
2353,-66,1649240184.184859000,44.236.225.165
2354,-108,1649240184.184859000,44.236.225.165
2355,-66,1649240184.184860000,44.236.225.165
2356,-66,1649240184.184860000,44.236.225.165
2357,1434,1649240184.184872000,10.11.219.6
2358,1434,1649240184.184877000,10.11.219.6
2359,1434,1649240184.184882000,10.11.219.6
2360,1434,1649240184.184884000,10.11.219.6
2361,66,1649240184.184890000,10.11.219.6
2362,1434,1649240184.185451000,10.11.219.6
2363,1434,1649240184.185455000,10.11.219.6
2364,1434,1649240184.185460000,10.11.219.6
2365,1434,1649240184.185461000,10.11.219.6
2366,1434,1649240184.186015000,10.11.219.6
2367,1434,1649240184.186020000,10.11.219.6
2368,1434,1649240184.186024000,10.11.219.6
2369,1434,1649240184.186026000,10.11.219.6
2370,1434,1649240184.186606000,10.11.219.6
2371,1434,1649240184.186610000,10.11.219.6
2372,1434,1649240184.187032000,10.11.219.6
2373,1434,1649240184.187041000,10.11.219.6
2374,1434,1649240184.187042000,10.11.219.6
2375,1434,1649240184.187523000,10.11.219.6
2376,-696,1649240184.201255000,54.240.252.146
2377,54,1649240184.201265000,10.11.219.6
2378,-283,1649240184.224873000,52.94.234.174
2379,54,1649240184.224891000,10.11.219.6
2380,74,1649240184.238381000,10.11.219.6
2381,-105,1649240184.268311000,209.54.177.54
2382,54,1649240184.268328000,10.11.219.6
2383,1391,1649240184.268550000,10.11.219.6
2384,-66,1649240184.304865000,44.236.225.165
2385,1434,1649240184.304911000,10.11.219.6
2386,1434,1649240184.304936000,10.11.219.6
2387,1434,1649240184.304953000,10.11.219.6
2388,1434,1649240184.304957000,10.11.219.6
2389,-66,1649240184.306082000,44.236.225.165
2390,-66,1649240184.306085000,44.236.225.165
2391,1434,1649240184.306142000,10.11.219.6
2392,1434,1649240184.306171000,10.11.219.6
2393,1434,1649240184.306177000,10.11.219.6
2394,1434,1649240184.306205000,10.11.219.6
2395,1434,1649240184.306211000,10.11.219.6
2396,1434,1649240184.306217000,10.11.219.6
2397,-108,1649240184.307476000,44.236.225.165
2398,-66,1649240184.307478000,44.236.225.165
2399,-66,1649240184.307479000,44.236.225.165
2400,-66,1649240184.307480000,44.236.225.165
2401,-66,1649240184.307480000,44.236.225.165
2402,1434,1649240184.307553000,10.11.219.6
2403,1434,1649240184.307581000,10.11.219.6
2404,1434,1649240184.307588000,10.11.219.6
2405,1434,1649240184.307609000,10.11.219.6
2406,1434,1649240184.307617000,10.11.219.6
2407,1434,1649240184.307622000,10.11.219.6
2408,1434,1649240184.308390000,10.11.219.6
2409,1434,1649240184.308415000,10.11.219.6
2410,1434,1649240184.308424000,10.11.219.6
2411,1434,1649240184.308454000,10.11.219.6
2412,1434,1649240184.308463000,10.11.219.6
2413,1434,1649240184.308471000,10.11.219.6
2414,1434,1649240184.308478000,10.11.219.6
2415,-66,1649240184.308536000,44.236.225.165
2416,-108,1649240184.308538000,44.236.225.165
2417,-66,1649240184.308540000,44.236.225.165
2418,66,1649240184.308694000,10.11.219.6
2419,1434,1649240184.309357000,10.11.219.6
2420,1434,1649240184.309374000,10.11.219.6
2421,1434,1649240184.309381000,10.11.219.6
2422,1434,1649240184.309389000,10.11.219.6
2423,1434,1649240184.310096000,10.11.219.6
2424,459,1649240184.310109000,10.11.219.6
2425,-66,1649240184.353111000,44.236.225.165
2426,-74,1649240184.364436000,54.203.238.121
2427,66,1649240184.364502000,10.11.219.6
2428,583,1649240184.369050000,10.11.219.6
2429,-66,1649240184.426393000,44.236.225.165
2430,-66,1649240184.426395000,44.236.225.165
2431,-66,1649240184.427592000,44.236.225.165
2432,-66,1649240184.427594000,44.236.225.165
2433,-108,1649240184.427594000,44.236.225.165
2434,-66,1649240184.427595000,44.236.225.165
2435,66,1649240184.427776000,10.11.219.6
2436,-66,1649240184.428561000,44.236.225.165
2437,-66,1649240184.428563000,44.236.225.165
2438,-66,1649240184.429692000,44.236.225.165
2439,-66,1649240184.429693000,44.236.225.165
2440,-66,1649240184.429694000,44.236.225.165
2441,-108,1649240184.429694000,44.236.225.165
2442,66,1649240184.429837000,10.11.219.6
2443,-66,1649240184.431007000,44.236.225.165
2444,-66,1649240184.431009000,44.236.225.165
2445,-66,1649240184.431009000,44.236.225.165
2446,-260,1649240184.440528000,44.236.225.165
2447,66,1649240184.440627000,10.11.219.6
2448,-5594,1649240184.442915000,209.54.177.54
2449,54,1649240184.442999000,10.11.219.6
2450,74,1649240184.482606000,10.11.219.6
2451,74,1649240184.484570000,10.11.219.6
2452,-74,1649240184.485361000,18.65.148.40
2453,66,1649240184.485383000,10.11.219.6
2454,583,1649240184.489566000,10.11.219.6
2455,74,1649240184.490454000,10.11.219.6
2456,-66,1649240184.492889000,18.65.148.40
2457,-5538,1649240184.494314000,18.65.148.40
2458,-74,1649240184.494315000,18.65.116.28
2459,66,1649240184.494337000,10.11.219.6
2460,66,1649240184.494357000,10.11.219.6
2461,-922,1649240184.495265000,18.65.148.40
2462,-66,1649240184.495266000,54.203.238.121
2463,66,1649240184.495279000,10.11.219.6
2464,-4170,1649240184.497861000,54.203.238.121
2465,-82,1649240184.497861000,54.203.238.121
2466,-74,1649240184.497867000,35.77.135.180
2467,-1434,1649240184.497868000,54.203.238.121
2468,66,1649240184.497890000,10.11.219.6
2469,78,1649240184.497905000,10.11.219.6
2470,66,1649240184.497927000,10.11.219.6
2471,66,1649240184.497935000,10.11.219.6
2472,583,1649240184.498711000,10.11.219.6
2473,-66,1649240184.501661000,18.65.116.28
2474,-5538,1649240184.503240000,18.65.116.28
2475,66,1649240184.503268000,10.11.219.6
2476,-592,1649240184.503846000,18.65.116.28
2477,66,1649240184.503865000,10.11.219.6
2478,192,1649240184.504197000,10.11.219.6
2479,462,1649240184.505881000,10.11.219.6
2480,691,1649240184.506118000,10.11.219.6
2481,1004,1649240184.506298000,10.11.219.6
2482,176,1649240184.506909000,10.11.219.6
2483,-66,1649240184.509144000,18.65.156.210
2484,583,1649240184.509451000,10.11.219.6
2485,571,1649240184.511010000,10.11.219.6
2486,-9642,1649240184.511892000,18.65.156.210
2487,-6896,1649240184.511930000,18.65.156.210
2488,66,1649240184.512399000,10.11.219.6
2489,-5538,1649240184.514445000,18.65.156.210
2490,66,1649240184.514461000,10.11.219.6
2491,-4170,1649240184.514538000,18.65.156.210
2492,-9642,1649240184.514540000,18.65.156.210
2493,66,1649240184.515347000,10.11.219.6
2494,-9642,1649240184.516411000,18.65.156.210
2495,66,1649240184.516440000,10.11.219.6
2496,-8274,1649240184.516467000,18.65.156.210
2497,66,1649240184.517286000,10.11.219.6
2498,130,1649240184.517702000,10.11.219.6
2499,-1434,1649240184.518802000,18.65.156.210
2500,-1434,1649240184.518803000,18.65.156.210
2501,66,1649240184.518835000,10.11.219.6
2502,-8274,1649240184.519245000,18.65.156.210
2503,-9642,1649240184.519246000,18.65.156.210
2504,-1434,1649240184.519255000,18.65.156.210
2505,-2802,1649240184.521415000,18.65.156.210
2506,-5538,1649240184.521543000,18.65.156.210
2507,-9642,1649240184.521545000,18.65.156.210
2508,-1434,1649240184.521561000,18.65.156.210
2509,-2802,1649240184.523672000,18.65.156.210
2510,-5538,1649240184.523828000,18.65.156.210
2511,-6906,1649240184.523829000,18.65.156.210
2512,-9642,1649240184.523860000,18.65.156.210
2513,-2802,1649240184.525601000,18.65.156.210
2514,-6906,1649240184.525725000,18.65.156.210
2515,-9642,1649240184.525726000,18.65.156.210
2516,-66,1649240184.525738000,18.65.148.40
2517,-128,1649240184.525738000,18.65.148.40
2518,66,1649240184.525760000,10.11.219.6
2519,-5538,1649240184.527814000,18.65.156.210
2520,-4170,1649240184.527960000,18.65.156.210
2521,-66,1649240184.527960000,35.77.135.180
2522,-9642,1649240184.527962000,18.65.156.210
2523,-5538,1649240184.527982000,18.65.156.210
2524,-4170,1649240184.530097000,18.65.156.210
2525,-1434,1649240184.530098000,35.77.135.180
2526,-487,1649240184.530098000,35.77.135.180
2527,-6906,1649240184.530100000,18.65.156.210
2528,66,1649240184.530108000,10.11.219.6
2529,78,1649240184.530119000,10.11.219.6
2530,-1434,1649240184.530123000,35.77.135.180
2531,66,1649240184.530125000,10.11.219.6
2532,130,1649240184.555634000,10.11.219.6
2533,66,1649240184.555879000,10.11.219.6
2534,236,1649240184.556549000,10.11.219.6
2535,-66,1649240184.559857000,18.65.116.28
2536,-2802,1649240184.559858000,18.65.156.210
2537,66,1649240184.559878000,10.11.219.6
2538,-6906,1649240184.559937000,18.65.156.210
2539,-128,1649240184.559937000,18.65.116.28
2540,-66,1649240184.559937000,18.65.148.40
2541,-97,1649240184.559938000,18.65.148.40
2542,66,1649240184.559943000,10.11.219.6
2543,66,1649240184.559949000,10.11.219.6
2544,-5538,1649240184.559959000,18.65.156.210
2545,-2802,1649240184.562201000,18.65.156.210
2546,-1434,1649240184.562323000,18.65.156.210
2547,-9642,1649240184.562325000,18.65.156.210
2548,-6906,1649240184.562370000,18.65.156.210
2549,192,1649240184.563831000,10.11.219.6
2550,66,1649240184.563905000,10.11.219.6
2551,-2802,1649240184.563979000,18.65.156.210
2552,-5538,1649240184.563981000,18.65.156.210
2553,1293,1649240184.564141000,10.11.219.6
2554,-4170,1649240184.564152000,18.65.156.210
2555,-9642,1649240184.564154000,18.65.156.210
2556,388,1649240184.564488000,10.11.219.6
2557,66,1649240184.565422000,10.11.219.6
2558,97,1649240184.565569000,10.11.219.6
2559,236,1649240184.566314000,10.11.219.6
2560,-6906,1649240184.566492000,18.65.156.210
2561,-9642,1649240184.566495000,18.65.156.210
2562,66,1649240184.566511000,10.11.219.6
2563,-4170,1649240184.566599000,18.65.156.210
2564,66,1649240184.567318000,10.11.219.6
2565,437,1649240184.567513000,10.11.219.6
2566,-5538,1649240184.568269000,18.65.156.210
2567,-2802,1649240184.568270000,18.65.156.210
2568,66,1649240184.568284000,10.11.219.6
2569,-9642,1649240184.568544000,18.65.156.210
2570,-4170,1649240184.568545000,18.65.156.210
2571,66,1649240184.568627000,10.11.219.6
2572,187,1649240184.568822000,10.11.219.6
2573,-2802,1649240184.570619000,18.65.156.210
2574,66,1649240184.570668000,10.11.219.6
2575,-5538,1649240184.570748000,18.65.156.210
2576,-66,1649240184.570749000,18.65.148.40
2577,-11010,1649240184.570750000,18.65.156.210
2578,66,1649240184.570821000,10.11.219.6
2579,189,1649240184.570912000,10.11.219.6
2580,836,1649240184.571768000,10.11.219.6
2581,-1434,1649240184.572859000,18.65.156.210
2582,-4170,1649240184.572860000,18.65.156.210
2583,66,1649240184.572897000,10.11.219.6
2584,-2802,1649240184.573080000,18.65.156.210
2585,-8274,1649240184.573082000,18.65.156.210
2586,66,1649240184.573087000,10.11.219.6
2587,-5538,1649240184.573109000,18.65.156.210
2588,66,1649240184.573145000,10.11.219.6
2589,-1434,1649240184.574994000,18.65.156.210
2590,-66,1649240184.574995000,18.65.148.40
2591,-6906,1649240184.574996000,18.65.156.210
2592,-66,1649240184.574996000,18.65.116.28
2593,66,1649240184.575013000,10.11.219.6
2594,-66,1649240184.575042000,18.65.116.28
2595,-97,1649240184.575043000,18.65.116.28
2596,-6906,1649240184.575044000,18.65.156.210
2597,66,1649240184.575050000,10.11.219.6
2598,66,1649240184.575090000,10.11.219.6
2599,-5538,1649240184.576783000,18.65.156.210
2600,66,1649240184.576788000,10.11.219.6
2601,-1434,1649240184.576928000,18.65.156.210
2602,-9642,1649240184.576930000,18.65.156.210
2603,-4170,1649240184.576949000,18.65.156.210
2604,66,1649240184.576998000,10.11.219.6
2605,-5538,1649240184.578787000,18.65.156.210
2606,-66,1649240184.578787000,18.65.156.210
2607,66,1649240184.578794000,10.11.219.6
2608,-9642,1649240184.578889000,18.65.156.210
2609,-4170,1649240184.578890000,18.65.156.210
2610,66,1649240184.578946000,10.11.219.6
2611,-6906,1649240184.580775000,18.65.156.210
2612,-324,1649240184.580776000,35.77.135.180
2613,-135,1649240184.580776000,35.77.135.180
2614,-2802,1649240184.580776000,18.65.156.210
2615,66,1649240184.580783000,10.11.219.6
2616,66,1649240184.580794000,10.11.219.6
2617,66,1649240184.580799000,10.11.219.6
2618,-6906,1649240184.580815000,18.65.156.210
2619,-1434,1649240184.580816000,18.65.156.210
2620,66,1649240184.580838000,10.11.219.6
2621,-8274,1649240184.582988000,18.65.156.210
2622,66,1649240184.583001000,10.11.219.6
2623,-9642,1649240184.583082000,18.65.156.210
2624,-4170,1649240184.583083000,18.65.156.210
2625,66,1649240184.583108000,10.11.219.6
2626,-5538,1649240184.585297000,18.65.156.210
2627,66,1649240184.585318000,10.11.219.6
2628,-9642,1649240184.585437000,18.65.156.210
2629,-5538,1649240184.585439000,18.65.156.210
2630,66,1649240184.585487000,10.11.219.6
2631,-1434,1649240184.587356000,18.65.156.210
2632,-9642,1649240184.587360000,18.65.156.210
2633,66,1649240184.587387000,10.11.219.6
2634,-845,1649240184.587436000,18.65.116.28
2635,-97,1649240184.587436000,18.65.116.28
2636,-9642,1649240184.587439000,18.65.156.210
2637,66,1649240184.587447000,10.11.219.6
2638,66,1649240184.587458000,10.11.219.6
2639,66,1649240184.587479000,10.11.219.6
2640,-5538,1649240184.589299000,18.65.156.210
2641,66,1649240184.589321000,10.11.219.6
2642,-4170,1649240184.589417000,18.65.156.210
2643,-9642,1649240184.589426000,18.65.156.210
2644,-1434,1649240184.589448000,18.65.156.210
2645,66,1649240184.589470000,10.11.219.6
2646,-5538,1649240184.591477000,18.65.156.210
2647,66,1649240184.591494000,10.11.219.6
2648,-2802,1649240184.591594000,18.65.156.210
2649,-9642,1649240184.591596000,18.65.156.210
2650,-4170,1649240184.591617000,18.65.156.210
2651,66,1649240184.592648000,10.11.219.6
2652,-2802,1649240184.593681000,18.65.156.210
2653,-2802,1649240184.593682000,18.65.156.210
2654,66,1649240184.593707000,10.11.219.6
2655,66,1649240184.593795000,10.11.219.6
2656,-6906,1649240184.593904000,18.65.156.210
2657,-9642,1649240184.593906000,18.65.156.210
2658,66,1649240184.593936000,10.11.219.6
2659,-2802,1649240184.596314000,18.65.156.210
2660,66,1649240184.596329000,10.11.219.6
2661,-6906,1649240184.596465000,18.65.156.210
2662,-9642,1649240184.596467000,18.65.156.210
2663,66,1649240184.596501000,10.11.219.6
2664,-5538,1649240184.598842000,18.65.156.210
2665,66,1649240184.598857000,10.11.219.6
2666,-4170,1649240184.598977000,18.65.156.210
2667,-12378,1649240184.598979000,18.65.156.210
2668,-2802,1649240184.598994000,18.65.156.210
2669,66,1649240184.600304000,10.11.219.6
2670,-1434,1649240184.600818000,18.65.156.210
2671,-6906,1649240184.600819000,18.65.156.210
2672,-5538,1649240184.600820000,18.65.156.210
2673,66,1649240184.600836000,10.11.219.6
2674,66,1649240184.600862000,10.11.219.6
2675,-1434,1649240184.600927000,18.65.156.210
2676,-5538,1649240184.600928000,18.65.156.210
2677,191,1649240184.600985000,10.11.219.6
2678,-1434,1649240184.603125000,18.65.156.210
2679,-1434,1649240184.603126000,18.65.156.210
2680,66,1649240184.603142000,10.11.219.6
2681,-5538,1649240184.603263000,18.65.156.210
2682,-6906,1649240184.603264000,18.65.156.210
2683,-6906,1649240184.603275000,18.65.156.210
2684,-5538,1649240184.605266000,18.65.156.210
2685,-1434,1649240184.605405000,18.65.156.210
2686,-6906,1649240184.605406000,18.65.156.210
2687,-6906,1649240184.605407000,18.65.156.210
2688,-2802,1649240184.607277000,18.65.156.210
2689,-2802,1649240184.607277000,18.65.156.210
2690,-6906,1649240184.607403000,18.65.156.210
2691,-9642,1649240184.607405000,18.65.156.210
2692,-517,1649240184.607410000,18.65.148.40
2693,-97,1649240184.607410000,18.65.148.40
2694,-5538,1649240184.609496000,18.65.156.210
2695,-4170,1649240184.609656000,18.65.156.210
2696,-9642,1649240184.609658000,18.65.156.210
2697,-5538,1649240184.609675000,18.65.156.210
2698,-4170,1649240184.611352000,18.65.156.210
2699,-9642,1649240184.611504000,18.65.156.210
2700,-6906,1649240184.611506000,18.65.156.210
2701,-9642,1649240184.613859000,18.65.156.210
2702,-9642,1649240184.613860000,18.65.156.210
2703,-5538,1649240184.613881000,18.65.156.210
2704,-2802,1649240184.615607000,18.65.156.210
2705,-1434,1649240184.615767000,18.65.156.210
2706,-9642,1649240184.615769000,18.65.156.210
2707,-9642,1649240184.615789000,18.65.156.210
2708,-5538,1649240184.618534000,18.65.156.210
2709,-4170,1649240184.618672000,18.65.156.210
2710,-6906,1649240184.618673000,18.65.156.210
2711,-4170,1649240184.618684000,18.65.156.210
2712,-5538,1649240184.620354000,18.65.156.210
2713,-9642,1649240184.620420000,18.65.156.210
2714,66,1649240184.623911000,10.11.219.6
2715,66,1649240184.626495000,10.11.219.6
2716,1226,1649240184.626807000,10.11.219.6
2717,-1434,1649240184.626885000,18.65.156.210
2718,-616,1649240184.626886000,18.65.156.210
2719,-1434,1649240184.626886000,18.65.156.210
2720,78,1649240184.626906000,10.11.219.6
2721,243,1649240184.626915000,10.11.219.6
2722,66,1649240184.626921000,10.11.219.6
2723,403,1649240184.626932000,10.11.219.6
2724,104,1649240184.627251000,10.11.219.6
2725,182,1649240184.636379000,10.11.219.6
2726,184,1649240184.636547000,10.11.219.6
2727,510,1649240184.636919000,10.11.219.6
2728,176,1649240184.636981000,10.11.219.6
2729,219,1649240184.641836000,10.11.219.6
2730,-5538,1649240184.641891000,18.65.156.210
2731,66,1649240184.641968000,10.11.219.6
2732,-4170,1649240184.642060000,18.65.156.210
2733,-372,1649240184.642060000,54.203.238.121
2734,-135,1649240184.642060000,54.203.238.121
2735,-2802,1649240184.642061000,18.65.156.210
2736,-129,1649240184.642061000,18.65.156.210
2737,66,1649240184.642071000,10.11.219.6
2738,66,1649240184.642081000,10.11.219.6
2739,66,1649240184.642086000,10.11.219.6
2740,78,1649240184.642092000,10.11.219.6
2741,-1434,1649240184.642117000,18.65.156.210
2742,-9642,1649240184.642119000,18.65.156.210
2743,66,1649240184.642124000,10.11.219.6
2744,-1434,1649240184.642131000,18.65.156.210
2745,66,1649240184.642185000,10.11.219.6
2746,243,1649240184.643078000,10.11.219.6
2747,376,1649240184.643105000,10.11.219.6
2748,-5528,1649240184.644127000,18.65.156.210
2749,66,1649240184.644138000,10.11.219.6
2750,-9642,1649240184.644641000,18.65.156.210
2751,-9642,1649240184.644642000,18.65.156.210
2752,66,1649240184.644689000,10.11.219.6
2753,104,1649240184.644950000,10.11.219.6
2754,185,1649240184.646548000,10.11.219.6
2755,-2802,1649240184.646637000,18.65.156.210
2756,66,1649240184.646683000,10.11.219.6
2757,-6906,1649240184.647170000,18.65.156.210
2758,-9642,1649240184.647172000,18.65.156.210
2759,-6906,1649240184.647200000,18.65.156.210
2760,66,1649240184.647204000,10.11.219.6
2761,66,1649240184.647249000,10.11.219.6
2762,-2802,1649240184.650386000,18.65.156.210
2763,-5538,1649240184.650388000,18.65.156.210
2764,66,1649240184.650405000,10.11.219.6
2765,66,1649240184.650488000,10.11.219.6
2766,-4170,1649240184.650546000,18.65.156.210
2767,-9642,1649240184.650548000,18.65.156.210
2768,-4170,1649240184.650564000,18.65.156.210
2769,66,1649240184.650565000,10.11.219.6
2770,66,1649240184.650577000,10.11.219.6
2771,-5538,1649240184.652896000,18.65.156.210
2772,-104,1649240184.652896000,35.77.135.180
2773,-66,1649240184.652896000,35.77.135.180
2774,-2802,1649240184.652897000,18.65.156.210
2775,66,1649240184.652904000,10.11.219.6
2776,66,1649240184.652926000,10.11.219.6
2777,66,1649240184.652951000,10.11.219.6
2778,-6906,1649240184.653032000,18.65.156.210
2779,-6906,1649240184.653033000,18.65.156.210
2780,-1434,1649240184.653045000,18.65.156.210
2781,66,1649240184.653064000,10.11.219.6
2782,-5538,1649240184.655226000,18.65.156.210
2783,66,1649240184.655233000,10.11.219.6
2784,-2802,1649240184.655369000,18.65.156.210
2785,-623,1649240184.655370000,35.77.135.180
2786,-104,1649240184.655370000,35.77.135.180
2787,-66,1649240184.655371000,18.65.156.210
2788,-9642,1649240184.655372000,18.65.156.210
2789,66,1649240184.655379000,10.11.219.6
2790,66,1649240184.655390000,10.11.219.6
2791,66,1649240184.655396000,10.11.219.6
2792,66,1649240184.655417000,10.11.219.6
2793,-5538,1649240184.655421000,18.65.156.210
2794,66,1649240184.655431000,10.11.219.6
2795,-4170,1649240184.657932000,18.65.156.210
2796,-1434,1649240184.657934000,18.65.156.210
2797,66,1649240184.657960000,10.11.219.6
2798,-8274,1649240184.658115000,18.65.156.210
2799,-9642,1649240184.658118000,18.65.156.210
2800,-1434,1649240184.658132000,18.65.156.210
2801,66,1649240184.658184000,10.11.219.6
2802,-5538,1649240184.660473000,18.65.156.210
2803,66,1649240184.660499000,10.11.219.6
2804,-2802,1649240184.660644000,18.65.156.210
2805,-6906,1649240184.660647000,18.65.156.210
2806,-9642,1649240184.660650000,18.65.156.210
2807,-5538,1649240184.662894000,18.65.156.210
2808,-4170,1649240184.663030000,18.65.156.210
2809,-9642,1649240184.663037000,18.65.156.210
2810,-5538,1649240184.663108000,18.65.156.210
2811,66,1649240184.663786000,10.11.219.6
2812,74,1649240184.664458000,10.11.219.6
2813,-6906,1649240184.664837000,18.65.156.210
2814,-9642,1649240184.664839000,18.65.156.210
2815,66,1649240184.664851000,10.11.219.6
2816,66,1649240184.664900000,10.11.219.6
2817,-2802,1649240184.665260000,18.65.156.210
2818,-5538,1649240184.665261000,18.65.156.210
2819,66,1649240184.665269000,10.11.219.6
2820,66,1649240184.665321000,10.11.219.6
2821,-1434,1649240184.667942000,18.65.156.210
2822,-4170,1649240184.667944000,18.65.156.210
2823,66,1649240184.667954000,10.11.219.6
2824,-6906,1649240184.668089000,18.65.156.210
2825,-6906,1649240184.668090000,18.65.156.210
2826,-5538,1649240184.668110000,18.65.156.210
2827,66,1649240184.668130000,10.11.219.6
2828,-1434,1649240184.669318000,18.65.156.210
2829,-9642,1649240184.669320000,18.65.156.210
2830,66,1649240184.669331000,10.11.219.6
2831,-5538,1649240184.671874000,18.65.156.210
2832,66,1649240184.671884000,10.11.219.6
2833,-4170,1649240184.672059000,18.65.156.210
2834,-9642,1649240184.672061000,18.65.156.210
2835,66,1649240184.672071000,10.11.219.6
2836,-5538,1649240184.672103000,18.65.156.210
2837,66,1649240184.672108000,10.11.219.6
2838,66,1649240184.672169000,10.11.219.6
2839,-2802,1649240184.673731000,18.65.156.210
2840,66,1649240184.673744000,10.11.219.6
2841,-1434,1649240184.674232000,18.65.156.210
2842,-5538,1649240184.674234000,18.65.156.210
2843,-9642,1649240184.674236000,18.65.156.210
2844,-6906,1649240184.674273000,18.65.156.210
2845,66,1649240184.674397000,10.11.219.6
2846,-2802,1649240184.676559000,18.65.156.210
2847,66,1649240184.676576000,10.11.219.6
2848,-9642,1649240184.676726000,18.65.156.210
2849,-9642,1649240184.676727000,18.65.156.210
2850,-2802,1649240184.676762000,18.65.156.210
2851,66,1649240184.676999000,10.11.219.6
2852,-6906,1649240184.678211000,18.65.156.210
2853,-2802,1649240184.678212000,18.65.156.210
2854,-93,1649240184.678213000,18.65.156.210
2855,66,1649240184.678230000,10.11.219.6
2856,78,1649240184.678273000,10.11.219.6
2857,-1434,1649240184.678297000,18.65.156.210
2858,66,1649240184.678318000,10.11.219.6
2859,455,1649240184.686506000,10.11.219.6
2860,172,1649240184.688176000,10.11.219.6
2861,739,1649240184.688302000,10.11.219.6
2862,174,1649240184.690600000,10.11.219.6
2863,-2802,1649240184.690687000,18.65.156.210
2864,66,1649240184.690713000,10.11.219.6
2865,-6906,1649240184.690794000,18.65.156.210
2866,66,1649240184.690825000,10.11.219.6
2867,178,1649240184.691608000,10.11.219.6
2868,-6896,1649240184.692779000,18.65.156.210
2869,-9642,1649240184.692780000,18.65.156.210
2870,66,1649240184.692822000,10.11.219.6
2871,178,1649240184.695391000,10.11.219.6
2872,-2802,1649240184.695487000,18.65.156.210
2873,66,1649240184.695529000,10.11.219.6
2874,-6906,1649240184.695984000,18.65.156.210
2875,-66,1649240184.695984000,18.65.156.210
2876,-9642,1649240184.695986000,18.65.156.210
2877,66,1649240184.696023000,10.11.219.6
2878,-5538,1649240184.698606000,18.65.156.210
2879,66,1649240184.698612000,10.11.219.6
2880,-4170,1649240184.698740000,18.65.156.210
2881,-9642,1649240184.698743000,18.65.156.210
2882,-2802,1649240184.698764000,18.65.156.210
2883,66,1649240184.698782000,10.11.219.6
2884,-6906,1649240184.701253000,18.65.156.210
2885,-9642,1649240184.701256000,18.65.156.210
2886,66,1649240184.701271000,10.11.219.6
2887,-8274,1649240184.701318000,18.65.156.210
2888,66,1649240184.701402000,10.11.219.6
2889,-1434,1649240184.703384000,18.65.156.210
2890,-9642,1649240184.703387000,18.65.156.210
2891,66,1649240184.703407000,10.11.219.6
2892,-5538,1649240184.703441000,18.65.156.210
2893,-1434,1649240184.703454000,18.65.156.210
2894,66,1649240184.703489000,10.11.219.6
2895,-9642,1649240184.706243000,18.65.156.210
2896,-9642,1649240184.706246000,18.65.156.210
2897,66,1649240184.706264000,10.11.219.6
2898,-5538,1649240184.706304000,18.65.156.210
2899,66,1649240184.706352000,10.11.219.6
2900,-4170,1649240184.708356000,18.65.156.210
2901,-1434,1649240184.708358000,18.65.156.210
2902,66,1649240184.708381000,10.11.219.6
2903,-8274,1649240184.708512000,18.65.156.210
2904,-9642,1649240184.708516000,18.65.156.210
2905,-1434,1649240184.708554000,18.65.156.210
2906,66,1649240184.708561000,10.11.219.6
2907,-8274,1649240184.710275000,18.65.156.210
2908,-2802,1649240184.710277000,18.65.156.210
2909,66,1649240184.710297000,10.11.219.6
2910,66,1649240184.710371000,10.11.219.6
2911,-4170,1649240184.712143000,18.65.156.210
2912,-9642,1649240184.712148000,18.65.156.210
2913,66,1649240184.712167000,10.11.219.6
2914,-539,1649240184.712218000,18.65.156.210
2915,-1434,1649240184.712220000,18.65.156.210
2916,78,1649240184.712232000,10.11.219.6
2917,66,1649240184.712248000,10.11.219.6
2918,200,1649240184.718126000,10.11.219.6
2919,-1223,1649240184.721417000,18.65.156.210
2920,950,1649240184.721505000,10.11.219.6
2921,185,1649240184.721855000,10.11.219.6
2922,-2802,1649240184.725471000,18.65.156.210
2923,-9642,1649240184.725534000,18.65.156.210
2924,-2802,1649240184.728419000,18.65.156.210
2925,-1424,1649240184.728561000,18.65.156.210
2926,-9642,1649240184.728563000,18.65.156.210
2927,-9642,1649240184.728599000,18.65.156.210
2928,66,1649240184.728770000,10.11.219.6
2929,-2802,1649240184.730373000,18.65.156.210
2930,66,1649240184.730395000,10.11.219.6
2931,-6906,1649240184.730494000,18.65.156.210
2932,-9642,1649240184.730496000,18.65.156.210
2933,66,1649240184.730532000,10.11.219.6
2934,-9642,1649240184.731985000,18.65.156.210
2935,-1187,1649240184.731986000,18.65.156.210
2936,66,1649240184.732007000,10.11.219.6
2937,-66,1649240184.770200000,54.203.238.121
2938,-104,1649240184.770201000,54.203.238.121
2939,66,1649240184.770222000,10.11.219.6
2940,-233,1649240184.771478000,54.203.238.121
2941,66,1649240184.771485000,10.11.219.6
2942,66,1649240184.776720000,10.11.219.6
2943,74,1649240184.791565000,10.11.219.6
2944,-639,1649240184.809910000,209.54.177.54
2945,54,1649240184.809941000,10.11.219.6
2946,536,1649240184.810630000,10.11.219.6
2947,-66,1649240184.816227000,54.203.238.121
2948,-66,1649240184.837827000,209.54.177.54
2949,54,1649240184.837890000,10.11.219.6
2950,571,1649240184.847064000,10.11.219.6
2951,74,1649240184.912973000,10.11.219.6
2952,74,1649240184.913508000,10.11.219.6
2953,74,1649240184.913775000,10.11.219.6
2954,74,1649240184.914242000,10.11.219.6
2955,74,1649240184.914544000,10.11.219.6
2956,74,1649240184.915386000,10.11.219.6
2957,74,1649240184.915646000,10.11.219.6
2958,74,1649240184.916433000,10.11.219.6
2959,74,1649240184.916733000,10.11.219.6
2960,74,1649240184.916863000,10.11.219.6
2961,-74,1649240184.916976000,69.192.133.13
2962,-74,1649240184.916977000,35.186.254.217
2963,-74,1649240184.916977000,104.93.8.214
2964,66,1649240184.916993000,10.11.219.6
2965,66,1649240184.917003000,10.11.219.6
2966,66,1649240184.917008000,10.11.219.6
2967,-74,1649240184.917877000,172.217.161.194
2968,66,1649240184.917886000,10.11.219.6
2969,583,1649240184.919304000,10.11.219.6
2970,-74,1649240184.920021000,69.192.133.144
2971,66,1649240184.920033000,10.11.219.6
2972,583,1649240184.921609000,10.11.219.6
2973,-66,1649240184.922145000,69.192.133.13
2974,583,1649240184.923303000,10.11.219.6
2975,583,1649240184.925529000,10.11.219.6
2976,583,1649240184.927584000,10.11.219.6
2977,74,1649240184.928315000,10.11.219.6
2978,-1434,1649240184.928754000,69.192.133.13
2979,-1426,1649240184.928754000,69.192.133.13
2980,-1434,1649240184.928755000,69.192.133.13
2981,-454,1649240184.928755000,69.192.133.13
2982,-66,1649240184.928755000,35.186.254.217
2983,-1434,1649240184.928755000,35.186.254.217
2984,-749,1649240184.928756000,35.186.254.217
2985,-66,1649240184.928756000,104.93.8.214
2986,66,1649240184.928766000,10.11.219.6
2987,78,1649240184.928778000,10.11.219.6
2988,66,1649240184.928783000,10.11.219.6
2989,66,1649240184.928785000,10.11.219.6
2990,66,1649240184.928791000,10.11.219.6
2991,78,1649240184.928794000,10.11.219.6
2992,-74,1649240184.928813000,35.213.12.39
2993,-2802,1649240184.928814000,104.93.8.214
2994,-1391,1649240184.928814000,104.93.8.214
2995,-74,1649240184.928814000,54.92.38.170
2996,-1434,1649240184.928814000,35.186.254.217
2997,66,1649240184.928821000,10.11.219.6
2998,66,1649240184.928825000,10.11.219.6
2999,66,1649240184.928828000,10.11.219.6
3000,66,1649240184.928832000,10.11.219.6
3001,66,1649240184.928835000,10.11.219.6
3002,-74,1649240184.929911000,18.178.52.42
3003,-66,1649240184.929912000,172.217.161.194
3004,-74,1649240184.929912000,104.244.42.195
3005,66,1649240184.929925000,10.11.219.6
3006,66,1649240184.929937000,10.11.219.6
3007,192,1649240184.932083000,10.11.219.6
3008,-66,1649240184.932241000,69.192.133.144
3009,-66,1649240184.934627000,69.192.133.13
3010,-340,1649240184.934628000,69.192.133.13
3011,66,1649240184.934638000,10.11.219.6
3012,-2802,1649240184.935981000,69.192.133.144
3013,-1159,1649240184.935981000,69.192.133.144
3014,66,1649240184.935991000,10.11.219.6
3015,66,1649240184.936004000,10.11.219.6
3016,583,1649240184.936973000,10.11.219.6
3017,583,1649240184.938826000,10.11.219.6
3018,583,1649240184.940476000,10.11.219.6
3019,583,1649240184.942206000,10.11.219.6
3020,192,1649240184.946457000,10.11.219.6
3021,-66,1649240184.948374000,69.192.133.144
3022,74,1649240184.949161000,10.11.219.6
3023,-324,1649240184.949447000,69.192.133.144
3024,66,1649240184.949455000,10.11.219.6
3025,-66,1649240184.950475000,35.213.12.39
3026,-1434,1649240184.952110000,35.213.12.39
3027,-1426,1649240184.952111000,35.213.12.39
3028,-1434,1649240184.952111000,35.213.12.39
3029,-66,1649240184.952112000,18.178.52.42
3030,66,1649240184.952129000,10.11.219.6
3031,78,1649240184.952145000,10.11.219.6
3032,66,1649240184.952149000,10.11.219.6
3033,-958,1649240184.953309000,35.213.12.39
3034,-66,1649240184.953310000,54.92.38.170
3035,-4045,1649240184.953310000,18.178.52.42
3036,66,1649240184.953326000,10.11.219.6
3037,66,1649240184.953353000,10.11.219.6
3038,-66,1649240184.955195000,104.244.42.195
3039,-1434,1649240184.955196000,54.92.38.170
3040,-1086,1649240184.955196000,54.92.38.170
3041,-2802,1649240184.955197000,54.92.38.170
3042,66,1649240184.955226000,10.11.219.6
3043,78,1649240184.955245000,10.11.219.6
3044,66,1649240184.955253000,10.11.219.6
3045,-2762,1649240184.956388000,104.244.42.195
3046,-811,1649240184.956388000,104.244.42.195
3047,66,1649240184.956400000,10.11.219.6
3048,66,1649240184.956414000,10.11.219.6
3049,-74,1649240184.962629000,35.73.79.122
3050,66,1649240184.962649000,10.11.219.6
3051,-2802,1649240184.969520000,172.217.161.194
3052,-494,1649240184.969521000,172.217.161.194
3053,-1434,1649240184.969521000,172.217.161.194
3054,66,1649240184.969529000,10.11.219.6
3055,78,1649240184.969539000,10.11.219.6
3056,66,1649240184.969543000,10.11.219.6
3057,-639,1649240184.984214000,209.54.177.54
3058,159,1649240184.993108000,10.11.219.6
3059,576,1649240184.993145000,10.11.219.6
3060,-66,1649240184.995808000,69.192.133.13
3061,192,1649240184.998166000,10.11.219.6
3062,146,1649240184.999447000,10.11.219.6
3063,186,1649240185.000327000,10.11.219.6
3064,181,1649240185.000634000,10.11.219.6
3065,183,1649240185.000658000,10.11.219.6
3066,280,1649240185.000947000,10.11.219.6
3067,194,1649240185.001978000,10.11.219.6
3068,-66,1649240185.002281000,104.93.8.214
3069,-353,1649240185.002282000,104.93.8.214
3070,-353,1649240185.002282000,104.93.8.214
3071,66,1649240185.002302000,10.11.219.6
3072,66,1649240185.002313000,10.11.219.6
3073,-2599,1649240185.003592000,18.65.156.210
3074,-1434,1649240185.003592000,18.65.156.210
3075,66,1649240185.003599000,10.11.219.6
3076,66,1649240185.003605000,10.11.219.6
3077,583,1649240185.003708000,10.11.219.6
3078,-484,1649240185.005243000,18.65.156.210
3079,-1434,1649240185.005243000,18.65.156.210
3080,-789,1649240185.005244000,18.65.156.210
3081,-4170,1649240185.005244000,18.65.156.210
3082,-213,1649240185.005245000,18.65.156.210
3083,-1434,1649240185.005245000,18.65.156.210
3084,78,1649240185.005257000,10.11.219.6
3085,66,1649240185.005268000,10.11.219.6
3086,66,1649240185.005272000,10.11.219.6
3087,66,1649240185.005275000,10.11.219.6
3088,78,1649240185.005278000,10.11.219.6
3089,66,1649240185.005280000,10.11.219.6
3090,-680,1649240185.005284000,18.65.156.210
3091,66,1649240185.005285000,10.11.219.6
3092,-795,1649240185.006642000,18.65.156.210
3093,-66,1649240185.006643000,35.213.12.39
3094,-340,1649240185.006643000,35.213.12.39
3095,66,1649240185.006652000,10.11.219.6
3096,66,1649240185.006662000,10.11.219.6
3097,-54,1649240185.008632000,209.54.177.54
3098,-340,1649240185.010910000,54.92.38.170
3099,-135,1649240185.010910000,54.92.38.170
3100,66,1649240185.010929000,10.11.219.6
3101,66,1649240185.010944000,10.11.219.6
3102,-66,1649240185.017347000,35.73.79.122
3103,-54,1649240185.018419000,209.54.177.54
3104,-326,1649240185.019893000,35.73.79.122
3105,-4170,1649240185.019895000,35.73.79.122
3106,78,1649240185.019913000,10.11.219.6
3107,66,1649240185.019933000,10.11.219.6
3108,-6001,1649240185.021069000,209.54.177.54
3109,54,1649240185.021086000,10.11.219.6
3110,54,1649240185.024737000,10.11.219.6
3111,-74,1649240185.040320000,18.66.242.141
3112,66,1649240185.040351000,10.11.219.6
3113,193,1649240185.046420000,10.11.219.6
3114,175,1649240185.046872000,10.11.219.6
3115,-74,1649240185.047656000,8.39.36.141
3116,66,1649240185.047680000,10.11.219.6
3117,-159,1649240185.049971000,18.65.156.210
3118,-1434,1649240185.049972000,18.65.156.210
3119,-663,1649240185.049972000,18.65.156.210
3120,78,1649240185.049993000,10.11.219.6
3121,66,1649240185.050010000,10.11.219.6
3122,66,1649240185.050016000,10.11.219.6
3123,180,1649240185.051501000,10.11.219.6
3124,530,1649240185.051565000,10.11.219.6
3125,-66,1649240185.054092000,104.93.8.214
3126,192,1649240185.055262000,10.11.219.6
3127,583,1649240185.058995000,10.11.219.6
3128,74,1649240185.060982000,10.11.219.6
3129,74,1649240185.061137000,10.11.219.6
3130,74,1649240185.061224000,10.11.219.6
3131,-74,1649240185.064330000,35.227.202.26
3132,66,1649240185.064349000,10.11.219.6
3133,-117,1649240185.068721000,35.73.79.122
3134,66,1649240185.068730000,10.11.219.6
3135,-74,1649240185.089126000,52.202.203.46
3136,66,1649240185.089155000,10.11.219.6
3137,464,1649240185.090101000,10.11.219.6
3138,-66,1649240185.092269000,69.192.133.144
3139,583,1649240185.095646000,10.11.219.6
3140,583,1649240185.100311000,10.11.219.6
3141,583,1649240185.102748000,10.11.219.6
3142,74,1649240185.106041000,10.11.219.6
3143,74,1649240185.106130000,10.11.219.6
3144,74,1649240185.106209000,10.11.219.6
3145,74,1649240185.106279000,10.11.219.6
3146,-66,1649240185.106332000,35.227.202.26
3147,74,1649240185.106370000,10.11.219.6
3148,-1434,1649240185.107563000,35.227.202.26
3149,-956,1649240185.107563000,35.227.202.26
3150,-1434,1649240185.107564000,35.227.202.26
3151,66,1649240185.107596000,10.11.219.6
3152,78,1649240185.107619000,10.11.219.6
3153,66,1649240185.107627000,10.11.219.6
3154,74,1649240185.108446000,10.11.219.6
3155,74,1649240185.108651000,10.11.219.6
3156,74,1649240185.108757000,10.11.219.6
3157,-74,1649240185.109572000,69.192.133.13
3158,-74,1649240185.109573000,35.244.159.8
3159,66,1649240185.109600000,10.11.219.6
3160,66,1649240185.109632000,10.11.219.6
3161,74,1649240185.110392000,10.11.219.6
3162,583,1649240185.113159000,10.11.219.6
3163,583,1649240185.116198000,10.11.219.6
3164,-66,1649240185.116321000,35.244.159.8
3165,-1434,1649240185.118690000,35.244.159.8
3166,-641,1649240185.118690000,35.244.159.8
3167,-1434,1649240185.118691000,35.244.159.8
3168,66,1649240185.118708000,10.11.219.6
3169,78,1649240185.118727000,10.11.219.6
3170,66,1649240185.118735000,10.11.219.6
3171,-66,1649240185.119478000,69.192.133.13
3172,-2802,1649240185.121050000,69.192.133.13
3173,-1426,1649240185.121052000,69.192.133.13
3174,-74,1649240185.121053000,103.231.99.80
3175,-454,1649240185.121054000,69.192.133.13
3176,66,1649240185.121130000,10.11.219.6
3177,66,1649240185.121203000,10.11.219.6
3178,66,1649240185.121301000,10.11.219.6
3179,66,1649240185.121311000,10.11.219.6
3180,-74,1649240185.121901000,52.193.171.41
3181,66,1649240185.121994000,10.11.219.6
3182,-74,1649240185.124776000,54.150.10.110
3183,66,1649240185.124794000,10.11.219.6
3184,192,1649240185.125267000,10.11.219.6
3185,583,1649240185.127971000,10.11.219.6
3186,-66,1649240185.127974000,69.192.133.13
3187,-340,1649240185.127974000,69.192.133.13
3188,66,1649240185.127992000,10.11.219.6
3189,-74,1649240185.130499000,54.179.165.252
3190,66,1649240185.130524000,10.11.219.6
3191,583,1649240185.132624000,10.11.219.6
3192,583,1649240185.134362000,10.11.219.6
3193,-70,1649240185.134524000,103.71.26.126
3194,66,1649240185.134536000,10.11.219.6
3195,130,1649240185.134947000,10.11.219.6
3196,583,1649240185.137232000,10.11.219.6
3197,-646,1649240185.137832000,35.186.254.217
3198,66,1649240185.137862000,10.11.219.6
3199,-66,1649240185.139811000,103.231.99.80
3200,-2802,1649240185.142914000,103.231.99.80
3201,-333,1649240185.142915000,103.231.99.80
3202,-1434,1649240185.142915000,103.231.99.80
3203,66,1649240185.142930000,10.11.219.6
3204,78,1649240185.142944000,10.11.219.6
3205,66,1649240185.142951000,10.11.219.6
3206,-66,1649240185.146935000,52.193.171.41
3207,-5426,1649240185.149418000,52.193.171.41
3208,66,1649240185.149433000,10.11.219.6
3209,-3527,1649240185.154884000,54.150.10.110
3210,-1186,1649240185.154885000,69.192.133.13
3211,-1434,1649240185.154885000,103.231.99.80
3212,66,1649240185.154900000,10.11.219.6
3213,66,1649240185.154910000,10.11.219.6
3214,78,1649240185.154915000,10.11.219.6
3215,-783,1649240185.159911000,69.192.133.144
3216,66,1649240185.159925000,10.11.219.6
3217,-74,1649240185.167278000,119.9.108.211
3218,66,1649240185.167308000,10.11.219.6
3219,236,1649240185.173986000,10.11.219.6
3220,403,1649240185.174091000,10.11.219.6
3221,-97,1649240185.176833000,35.186.254.217
3222,66,1649240185.176863000,10.11.219.6
3223,583,1649240185.179336000,10.11.219.6
3224,-66,1649240185.182166000,35.186.254.217
3225,-74,1649240185.185375000,103.43.90.53
3226,66,1649240185.185400000,10.11.219.6
3227,192,1649240185.185657000,10.11.219.6
3228,-441,1649240185.186483000,35.186.254.217
3229,66,1649240185.186498000,10.11.219.6
3230,192,1649240185.188980000,10.11.219.6
3231,192,1649240185.194076000,10.11.219.6
3232,74,1649240185.194822000,10.11.219.6
3233,-66,1649240185.197254000,103.231.99.80
3234,-72,1649240185.197256000,103.231.99.80
3235,-111,1649240185.197257000,103.231.99.80
3236,-122,1649240185.197257000,103.231.99.80
3237,66,1649240185.197337000,10.11.219.6
3238,66,1649240185.197388000,10.11.219.6
3239,66,1649240185.197399000,10.11.219.6
3240,97,1649240185.198348000,10.11.219.6
3241,-324,1649240185.202540000,52.193.171.41
3242,-135,1649240185.202540000,52.193.171.41
3243,66,1649240185.202562000,10.11.219.6
3244,66,1649240185.202576000,10.11.219.6
3245,-66,1649240185.205709000,54.179.165.252
3246,-74,1649240185.205709000,31.13.82.36
3247,66,1649240185.205723000,10.11.219.6
3248,-66,1649240185.206846000,35.186.254.217
3249,-117,1649240185.207856000,54.150.10.110
3250,66,1649240185.207868000,10.11.219.6
3251,-1434,1649240185.212637000,54.179.165.252
3252,-1386,1649240185.212640000,54.179.165.252
3253,-2802,1649240185.212641000,54.179.165.252
3254,66,1649240185.212688000,10.11.219.6
3255,78,1649240185.212768000,10.11.219.6
3256,66,1649240185.212777000,10.11.219.6
3257,-1434,1649240185.217799000,8.39.36.141
3258,-98,1649240185.217800000,8.39.36.141
3259,-1430,1649240185.217800000,8.39.36.141
3260,-716,1649240185.217800000,8.39.36.141
3261,66,1649240185.217821000,10.11.219.6
3262,66,1649240185.217834000,10.11.219.6
3263,66,1649240185.217838000,10.11.219.6
3264,66,1649240185.217841000,10.11.219.6
3265,-105,1649240185.221786000,209.54.177.54
3266,54,1649240185.221797000,10.11.219.6
3267,-74,1649240185.224998000,8.39.36.141
3268,66,1649240185.225020000,10.11.219.6
3269,105,1649240185.226489000,10.11.219.6
3270,214,1649240185.226804000,10.11.219.6
3271,562,1649240185.227281000,10.11.219.6
3272,243,1649240185.228806000,10.11.219.6
3273,353,1649240185.228829000,10.11.219.6
3274,-66,1649240185.229379000,35.186.254.217
3275,-66,1649240185.229379000,35.186.254.217
3276,216,1649240185.233256000,10.11.219.6
3277,192,1649240185.237520000,10.11.219.6
3278,-191,1649240185.238908000,35.186.254.217
3279,66,1649240185.238917000,10.11.219.6
3280,583,1649240185.239280000,10.11.219.6
3281,74,1649240185.240232000,10.11.219.6
3282,74,1649240185.240431000,10.11.219.6
3283,74,1649240185.240512000,10.11.219.6
3284,-66,1649240185.241043000,54.92.38.170
3285,-104,1649240185.241044000,54.92.38.170
3286,66,1649240185.241065000,10.11.219.6
3287,580,1649240185.241508000,10.11.219.6
3288,104,1649240185.241770000,10.11.219.6
3289,-413,1649240185.243215000,54.92.38.170
3290,-74,1649240185.243215000,172.217.161.194
3291,66,1649240185.243230000,10.11.219.6
3292,66,1649240185.243245000,10.11.219.6
3293,105,1649240185.243739000,10.11.219.6
3294,-74,1649240185.243792000,142.250.206.226
3295,-66,1649240185.243793000,69.192.133.13
3296,66,1649240185.243812000,10.11.219.6
3297,583,1649240185.247457000,10.11.219.6
3298,583,1649240185.249310000,10.11.219.6
3299,583,1649240185.251017000,10.11.219.6
3300,-74,1649240185.251818000,103.231.99.243
3301,146,1649240185.251832000,10.11.219.6
3302,66,1649240185.251841000,10.11.219.6
3303,171,1649240185.252187000,10.11.219.6
3304,-66,1649240185.252821000,35.186.254.217
3305,-66,1649240185.252822000,103.71.26.126
3306,583,1649240185.254126000,10.11.219.6
3307,-1434,1649240185.255011000,103.71.26.126
3308,-615,1649240185.255011000,103.71.26.126
3309,-1434,1649240185.255011000,103.71.26.126
3310,66,1649240185.255021000,10.11.219.6
3311,78,1649240185.255030000,10.11.219.6
3312,66,1649240185.255033000,10.11.219.6
3313,583,1649240185.255853000,10.11.219.6
3314,236,1649240185.256510000,10.11.219.6
3315,369,1649240185.256524000,10.11.219.6
3316,-66,1649240185.258453000,172.217.161.194
3317,-66,1649240185.259504000,142.250.206.226
3318,192,1649240185.259755000,10.11.219.6
3319,583,1649240185.261485000,10.11.219.6
3320,513,1649240185.262229000,10.11.219.6
3321,-66,1649240185.263214000,31.13.82.36
3322,-1434,1649240185.263215000,31.13.82.36
3323,-764,1649240185.263216000,31.13.82.36
3324,-1434,1649240185.263216000,31.13.82.36
3325,66,1649240185.263238000,10.11.219.6
3326,78,1649240185.263249000,10.11.219.6
3327,66,1649240185.263253000,10.11.219.6
3328,-66,1649240185.264066000,54.92.38.170
3329,-369,1649240185.264067000,18.178.52.42
3330,66,1649240185.264087000,10.11.219.6
3331,-369,1649240185.265156000,18.178.52.42
3332,-109,1649240185.265156000,18.178.52.42
3333,66,1649240185.265165000,10.11.219.6
3334,66,1649240185.265173000,10.11.219.6
3335,130,1649240185.266777000,10.11.219.6
3336,-219,1649240185.267591000,54.92.38.170
3337,66,1649240185.267602000,10.11.219.6
3338,97,1649240185.267626000,10.11.219.6
3339,236,1649240185.268120000,10.11.219.6
3340,431,1649240185.268140000,10.11.219.6
3341,-66,1649240185.269510000,18.178.52.42
3342,-97,1649240185.269510000,18.178.52.42
3343,66,1649240185.269529000,10.11.219.6
3344,-66,1649240185.272682000,103.231.99.243
3345,573,1649240185.272926000,10.11.219.6
3346,-66,1649240185.273821000,52.202.203.46
3347,-552,1649240185.273821000,18.178.52.42
3348,66,1649240185.273851000,10.11.219.6
3349,-2802,1649240185.275672000,103.231.99.243
3350,-333,1649240185.275673000,103.231.99.243
3351,-4170,1649240185.275673000,52.202.203.46
3352,-166,1649240185.275674000,52.202.203.46
3353,-1434,1649240185.275674000,103.231.99.243
3354,66,1649240185.275693000,10.11.219.6
3355,78,1649240185.275714000,10.11.219.6
3356,66,1649240185.275721000,10.11.219.6
3357,78,1649240185.275725000,10.11.219.6
3358,66,1649240185.275730000,10.11.219.6
3359,-1434,1649240185.275733000,52.202.203.46
3360,66,1649240185.275736000,10.11.219.6
3361,-74,1649240185.276974000,3.211.130.57
3362,66,1649240185.277001000,10.11.219.6
3363,-66,1649240185.279072000,104.244.42.195
3364,192,1649240185.279870000,10.11.219.6
3365,-66,1649240185.280449000,104.244.42.195
3366,-66,1649240185.280449000,104.244.42.195
3367,-593,1649240185.280450000,104.244.42.195
3368,66,1649240185.280462000,10.11.219.6
3369,192,1649240185.282618000,10.11.219.6
3370,186,1649240185.283027000,10.11.219.6
3371,97,1649240185.283602000,10.11.219.6
3372,545,1649240185.283625000,10.11.219.6
3373,583,1649240185.285686000,10.11.219.6
3374,-66,1649240185.286673000,69.192.133.13
3375,-1434,1649240185.286674000,103.231.99.243
3376,78,1649240185.286700000,10.11.219.6
3377,-924,1649240185.288900000,35.73.79.122
3378,66,1649240185.288920000,10.11.219.6
3379,130,1649240185.290521000,10.11.219.6
3380,236,1649240185.291413000,10.11.219.6
3381,402,1649240185.291435000,10.11.219.6
3382,-66,1649240185.294166000,103.231.99.243
3383,-646,1649240185.294166000,35.227.202.26
3384,-117,1649240185.294167000,103.231.99.243
3385,-66,1649240185.294167000,35.227.202.26
3386,66,1649240185.294195000,10.11.219.6
3387,66,1649240185.294211000,10.11.219.6
3388,97,1649240185.294703000,10.11.219.6
3389,-122,1649240185.295331000,103.231.99.243
3390,-97,1649240185.295331000,35.227.202.26
3391,-66,1649240185.295332000,104.244.42.195
3392,66,1649240185.295346000,10.11.219.6
3393,66,1649240185.295355000,10.11.219.6
3394,-66,1649240185.296251000,18.178.52.42
3395,130,1649240185.296874000,10.11.219.6
3396,236,1649240185.297702000,10.11.219.6
3397,412,1649240185.297729000,10.11.219.6
3398,-1434,1649240185.299143000,172.217.161.194
3399,-496,1649240185.299143000,172.217.161.194
3400,-2802,1649240185.299144000,142.250.206.226
3401,-494,1649240185.299144000,142.250.206.226
3402,-2802,1649240185.299144000,172.217.161.194
3403,-1434,1649240185.299145000,142.250.206.226
3404,66,1649240185.299157000,10.11.219.6
3405,78,1649240185.299173000,10.11.219.6
3406,66,1649240185.299178000,10.11.219.6
3407,78,1649240185.299183000,10.11.219.6
3408,66,1649240185.299188000,10.11.219.6
3409,66,1649240185.299193000,10.11.219.6
3410,-676,1649240185.299790000,69.192.133.13
3411,66,1649240185.299805000,10.11.219.6
3412,-354,1649240185.300769000,18.178.52.42
3413,-646,1649240185.300770000,35.244.159.8
3414,-66,1649240185.300771000,35.244.159.8
3415,66,1649240185.300779000,10.11.219.6
3416,66,1649240185.300791000,10.11.219.6
3417,-2802,1649240185.302125000,119.9.108.211
3418,-307,1649240185.302126000,119.9.108.211
3419,-97,1649240185.302126000,35.244.159.8
3420,66,1649240185.302137000,10.11.219.6
3421,66,1649240185.302146000,10.11.219.6
3422,66,1649240185.302151000,10.11.219.6
3423,-66,1649240185.302950000,35.227.202.26
3424,97,1649240185.304103000,10.11.219.6
3425,-324,1649240185.307518000,54.179.165.252
3426,-135,1649240185.307519000,54.179.165.252
3427,66,1649240185.307541000,10.11.219.6
3428,66,1649240185.307560000,10.11.219.6
3429,130,1649240185.309161000,10.11.219.6
3430,74,1649240185.309459000,10.11.219.6
3431,-66,1649240185.311813000,35.244.159.8
3432,-66,1649240185.311814000,172.217.161.194
3433,-66,1649240185.311814000,18.66.242.141
3434,-674,1649240185.311814000,172.217.161.194
3435,66,1649240185.311835000,10.11.219.6
3436,-2802,1649240185.313250000,18.66.242.141
3437,-2802,1649240185.313250000,18.66.242.141
3438,66,1649240185.313255000,10.11.219.6
3439,66,1649240185.313261000,10.11.219.6
3440,-585,1649240185.313920000,18.66.242.141
3441,66,1649240185.313923000,10.11.219.6
3442,-66,1649240185.328127000,103.43.90.53
3443,-2642,1649240185.328128000,103.43.90.53
3444,-232,1649240185.328128000,103.43.90.53
3445,66,1649240185.328148000,10.11.219.6
3446,66,1649240185.328162000,10.11.219.6
3447,-760,1649240185.328921000,104.93.8.214
3448,66,1649240185.328930000,10.11.219.6
3449,-66,1649240185.333195000,103.71.26.126
3450,-117,1649240185.333196000,103.71.26.126
3451,66,1649240185.333215000,10.11.219.6
3452,-655,1649240185.336794000,35.227.202.26
3453,66,1649240185.336809000,10.11.219.6
3454,-473,1649240185.342816000,35.244.159.8
3455,66,1649240185.342835000,10.11.219.6
3456,236,1649240185.351868000,10.11.219.6
3457,357,1649240185.351893000,10.11.219.6
3458,-141,1649240185.353501000,8.39.36.141
3459,66,1649240185.353527000,10.11.219.6
3460,-97,1649240185.354560000,172.217.161.194
3461,66,1649240185.354579000,10.11.219.6
3462,159,1649240185.356683000,10.11.219.6
3463,595,1649240185.357230000,10.11.219.6
3464,97,1649240185.358082000,10.11.219.6
3465,105,1649240185.358112000,10.11.219.6
3466,105,1649240185.358126000,10.11.219.6
3467,243,1649240185.360096000,10.11.219.6
3468,343,1649240185.360133000,10.11.219.6
3469,74,1649240185.361905000,10.11.219.6
3470,74,1649240185.362403000,10.11.219.6
3471,-66,1649240185.365261000,35.244.159.8
3472,-66,1649240185.366329000,172.217.161.194
3473,-66,1649240185.367404000,35.227.202.26
3474,-1434,1649240185.374835000,8.39.36.141
3475,-98,1649240185.374836000,8.39.36.141
3476,-1430,1649240185.374837000,8.39.36.141
3477,-716,1649240185.374837000,8.39.36.141
3478,-705,1649240185.374837000,35.73.79.122
3479,-66,1649240185.374838000,54.150.10.110
3480,-119,1649240185.374838000,54.150.10.110
3481,-940,1649240185.374838000,54.150.10.110
3482,66,1649240185.374862000,10.11.219.6
3483,66,1649240185.374882000,10.11.219.6
3484,66,1649240185.374888000,10.11.219.6
3485,66,1649240185.374893000,10.11.219.6
3486,66,1649240185.374899000,10.11.219.6
3487,66,1649240185.374906000,10.11.219.6
3488,66,1649240185.374910000,10.11.219.6
3489,-444,1649240185.376015000,104.244.42.195
3490,66,1649240185.376037000,10.11.219.6
3491,-639,1649240185.399578000,209.54.177.54
3492,54,1649240185.399597000,10.11.219.6
3493,-1120,1649240185.425525000,69.192.133.13
3494,66,1649240185.425538000,10.11.219.6
3495,243,1649240185.430744000,10.11.219.6
3496,471,1649240185.430785000,10.11.219.6
3497,-66,1649240185.435964000,103.43.90.53
3498,-340,1649240185.435965000,103.43.90.53
3499,66,1649240185.435994000,10.11.219.6
3500,216,1649240185.437229000,10.11.219.6
3501,104,1649240185.437304000,10.11.219.6
3502,229,1649240185.437715000,10.11.219.6
3503,551,1649240185.439154000,10.11.219.6
3504,104,1649240185.439298000,10.11.219.6
3505,-639,1649240185.439764000,209.54.177.54
3506,54,1649240185.439782000,10.11.219.6
3507,518,1649240185.440276000,10.11.219.6
3508,-66,1649240185.441331000,35.244.159.8
3509,-66,1649240185.441894000,103.231.99.80
3510,-66,1649240185.441895000,103.231.99.80
3511,-104,1649240185.441895000,103.231.99.80
3512,66,1649240185.441922000,10.11.219.6
3513,-604,1649240185.443542000,103.231.99.80
3514,66,1649240185.443558000,10.11.219.6
3515,535,1649240185.444647000,10.11.219.6
3516,-104,1649240185.444826000,103.231.99.80
3517,66,1649240185.444838000,10.11.219.6
3518,549,1649240185.445726000,10.11.219.6
3519,-66,1649240185.448276000,69.192.133.13
3520,330,1649240185.450543000,10.11.219.6
3521,-66,1649240185.450619000,103.231.99.80
3522,550,1649240185.451251000,10.11.219.6
3523,448,1649240185.451396000,10.11.219.6
3524,165,1649240185.452393000,10.11.219.6
3525,-117,1649240185.452953000,52.202.203.46
3526,-135,1649240185.452953000,52.202.203.46
3527,-66,1649240185.452954000,18.65.110.227
3528,66,1649240185.452973000,10.11.219.6
3529,66,1649240185.452985000,10.11.219.6
3530,-66,1649240185.454984000,3.211.130.57
3531,74,1649240185.456321000,10.11.219.6
3532,-1434,1649240185.457329000,3.211.130.57
3533,-886,1649240185.457330000,3.211.130.57
3534,-1434,1649240185.457331000,3.211.130.57
3535,66,1649240185.457344000,10.11.219.6
3536,78,1649240185.457364000,10.11.219.6
3537,66,1649240185.457371000,10.11.219.6
3538,130,1649240185.457474000,10.11.219.6
3539,192,1649240185.462777000,10.11.219.6
3540,236,1649240185.463235000,10.11.219.6
3541,473,1649240185.463251000,10.11.219.6
3542,-66,1649240185.464891000,54.150.10.110
3543,243,1649240185.465619000,10.11.219.6
3544,407,1649240185.465645000,10.11.219.6
3545,-419,1649240185.466214000,54.150.10.110
3546,66,1649240185.466226000,10.11.219.6
3547,104,1649240185.468036000,10.11.219.6
3548,-66,1649240185.468137000,31.13.82.36
3549,-237,1649240185.469506000,31.13.82.36
3550,-146,1649240185.469507000,31.13.82.36
3551,66,1649240185.469522000,10.11.219.6
3552,66,1649240185.469540000,10.11.219.6
3553,97,1649240185.470897000,10.11.219.6
3554,130,1649240185.473060000,10.11.219.6
3555,-66,1649240185.474220000,31.13.82.36
3556,-97,1649240185.474221000,31.13.82.36
3557,66,1649240185.474250000,10.11.219.6
3558,253,1649240185.474277000,10.11.219.6
3559,-101,1649240185.475323000,31.13.82.36
3560,-66,1649240185.475323000,172.217.161.194
3561,-674,1649240185.475324000,172.217.161.194
3562,66,1649240185.475344000,10.11.219.6
3563,66,1649240185.475363000,10.11.219.6
3564,171,1649240185.475460000,10.11.219.6
3565,-66,1649240185.476344000,209.54.177.54
3566,-97,1649240185.476344000,172.217.161.194
3567,-66,1649240185.476345000,103.231.99.243
3568,54,1649240185.476368000,10.11.219.6
3569,66,1649240185.476385000,10.11.219.6
3570,-104,1649240185.477456000,103.231.99.243
3571,-407,1649240185.477458000,103.231.99.243
3572,66,1649240185.477484000,10.11.219.6
3573,66,1649240185.477509000,10.11.219.6
3574,-66,1649240185.478544000,172.217.161.194
3575,-66,1649240185.479522000,103.231.99.243
3576,-355,1649240185.482716000,35.244.159.8
3577,66,1649240185.482734000,10.11.219.6
3578,90,1649240185.486770000,10.11.219.6
3579,66,1649240185.486801000,10.11.219.6
3580,-66,1649240185.489220000,172.217.161.194
3581,-66,1649240185.489221000,172.217.161.194
3582,66,1649240185.489275000,10.11.219.6
3583,105,1649240185.490797000,10.11.219.6
3584,243,1649240185.495000000,10.11.219.6
3585,349,1649240185.495034000,10.11.219.6
3586,571,1649240185.497237000,10.11.219.6
3587,-66,1649240185.497790000,35.244.159.8
3588,221,1649240185.498206000,10.11.219.6
3589,130,1649240185.498375000,10.11.219.6
3590,104,1649240185.498763000,10.11.219.6
3591,-771,1649240185.498800000,69.192.133.13
3592,66,1649240185.498813000,10.11.219.6
3593,236,1649240185.500194000,10.11.219.6
3594,389,1649240185.500224000,10.11.219.6
3595,-66,1649240185.501986000,142.250.206.226
3596,-674,1649240185.501986000,142.250.206.226
3597,66,1649240185.502010000,10.11.219.6
3598,-66,1649240185.503167000,142.250.206.226
3599,-97,1649240185.503168000,142.250.206.226
3600,66,1649240185.503187000,10.11.219.6
3601,97,1649240185.504201000,10.11.219.6
3602,130,1649240185.507663000,10.11.219.6
3603,-66,1649240185.508319000,52.193.171.41
3604,-104,1649240185.508320000,52.193.171.41
3605,66,1649240185.508347000,10.11.219.6
3606,526,1649240185.508481000,10.11.219.6
3607,-66,1649240185.509395000,103.231.99.243
3608,-136,1649240185.509396000,103.231.99.243
3609,66,1649240185.509421000,10.11.219.6
3610,-695,1649240185.510483000,52.193.171.41
3611,66,1649240185.510499000,10.11.219.6
3612,-66,1649240185.511489000,142.250.206.226
3613,-718,1649240185.516983000,172.217.161.194
3614,-397,1649240185.516983000,172.217.161.194
3615,66,1649240185.516999000,10.11.219.6
3616,66,1649240185.517021000,10.11.219.6
3617,-97,1649240185.520117000,172.217.161.194
3618,-105,1649240185.520121000,172.217.161.194
3619,66,1649240185.520146000,10.11.219.6
3620,66,1649240185.520169000,10.11.219.6
3621,-66,1649240185.522258000,31.13.82.36
3622,-66,1649240185.524478000,103.71.26.126
3623,-766,1649240185.524478000,103.71.26.126
3624,66,1649240185.524503000,10.11.219.6
3625,-66,1649240185.534184000,209.54.177.54
3626,54,1649240185.534210000,10.11.219.6
3627,-66,1649240185.536152000,209.54.177.54
3628,54,1649240185.536172000,10.11.219.6
3629,-755,1649240185.546996000,142.250.206.226
3630,-139,1649240185.546997000,142.250.206.226
3631,66,1649240185.547017000,10.11.219.6
3632,66,1649240185.547036000,10.11.219.6
3633,-97,1649240185.547941000,142.250.206.226
3634,-105,1649240185.547941000,142.250.206.226
3635,66,1649240185.547960000,10.11.219.6
3636,66,1649240185.547977000,10.11.219.6
3637,501,1649240185.552891000,10.11.219.6
3638,-66,1649240185.553446000,52.193.171.41
3639,545,1649240185.553789000,10.11.219.6
3640,291,1649240185.554142000,10.11.219.6
3641,402,1649240185.554301000,10.11.219.6
3642,105,1649240185.554933000,10.11.219.6
3643,105,1649240185.554971000,10.11.219.6
3644,-141,1649240185.555466000,8.39.36.141
3645,66,1649240185.555481000,10.11.219.6
3646,-66,1649240185.556549000,18.65.110.227
3647,-66,1649240185.557955000,142.250.206.226
3648,-668,1649240185.557956000,18.65.110.227
3649,-97,1649240185.557957000,18.65.110.227
3650,66,1649240185.557984000,10.11.219.6
3651,66,1649240185.558008000,10.11.219.6
3652,571,1649240185.558075000,10.11.219.6
3653,571,1649240185.561429000,10.11.219.6
3654,-66,1649240185.562411000,172.217.161.194
3655,284,1649240185.563838000,10.11.219.6
3656,130,1649240185.565385000,10.11.219.6
3657,-903,1649240185.565699000,8.39.36.141
3658,66,1649240185.565715000,10.11.219.6
3659,243,1649240185.566090000,10.11.219.6
3660,401,1649240185.566111000,10.11.219.6
3661,-66,1649240185.566872000,18.65.110.227
3662,396,1649240185.567739000,10.11.219.6
3663,-235,1649240185.576365000,44.236.225.165
3664,-104,1649240185.576366000,44.236.225.165
3665,66,1649240185.576384000,10.11.219.6
3666,66,1649240185.576398000,10.11.219.6
3667,104,1649240185.609427000,10.11.219.6
3668,284,1649240185.612678000,10.11.219.6
3669,-639,1649240185.612794000,209.54.177.54
3670,54,1649240185.612832000,10.11.219.6
3671,396,1649240185.613295000,10.11.219.6
3672,286,1649240185.613567000,10.11.219.6
3673,398,1649240185.613744000,10.11.219.6
3674,288,1649240185.613914000,10.11.219.6
3675,400,1649240185.614108000,10.11.219.6
3676,174,1649240185.614321000,10.11.219.6
3677,612,1649240185.614407000,10.11.219.6
3678,281,1649240185.614984000,10.11.219.6
3679,539,1649240185.615020000,10.11.219.6
3680,504,1649240185.616172000,10.11.219.6
3681,-66,1649240185.616379000,18.65.110.227
3682,-66,1649240185.616380000,18.65.110.227
3683,284,1649240185.616683000,10.11.219.6
3684,393,1649240185.616827000,10.11.219.6
3685,396,1649240185.617001000,10.11.219.6
3686,-66,1649240185.617302000,172.217.161.194
3687,-66,1649240185.617303000,18.65.110.227
3688,-639,1649240185.618221000,209.54.177.54
3689,-66,1649240185.618222000,18.65.110.227
3690,54,1649240185.618242000,10.11.219.6
3691,487,1649240185.618745000,10.11.219.6
3692,74,1649240185.618919000,10.11.219.6
3693,537,1649240185.619093000,10.11.219.6
3694,-66,1649240185.619276000,18.65.110.227
3695,243,1649240185.619592000,10.11.219.6
3696,408,1649240185.619613000,10.11.219.6
3697,104,1649240185.621397000,10.11.219.6
3698,-74,1649240185.623539000,172.217.25.164
3699,-66,1649240185.623540000,209.54.177.54
3700,66,1649240185.623555000,10.11.219.6
3701,54,1649240185.623569000,10.11.219.6
3702,-145,1649240185.629130000,119.9.108.211
3703,-145,1649240185.629131000,119.9.108.211
3704,66,1649240185.629152000,10.11.219.6
3705,66,1649240185.629165000,10.11.219.6
3706,-66,1649240185.632516000,103.43.90.53
3707,-324,1649240185.632516000,3.211.130.57
3708,-135,1649240185.632516000,3.211.130.57
3709,66,1649240185.632533000,10.11.219.6
3710,66,1649240185.632542000,10.11.219.6
3711,-104,1649240185.634797000,54.179.165.252
3712,66,1649240185.634808000,10.11.219.6
3713,-1045,1649240185.635968000,103.43.90.53
3714,66,1649240185.635976000,10.11.219.6
3715,-995,1649240185.637040000,54.179.165.252
3716,-104,1649240185.637040000,54.179.165.252
3717,66,1649240185.637052000,10.11.219.6
3718,66,1649240185.637061000,10.11.219.6
3719,-314,1649240185.638096000,172.217.161.194
3720,-396,1649240185.638097000,172.217.161.194
3721,66,1649240185.638104000,10.11.219.6
3722,66,1649240185.638113000,10.11.219.6
3723,-2786,1649240185.640364000,31.13.82.36
3724,66,1649240185.640375000,10.11.219.6
3725,-97,1649240185.642288000,172.217.161.194
3726,-105,1649240185.642289000,172.217.161.194
3727,66,1649240185.642303000,10.11.219.6
3728,66,1649240185.642320000,10.11.219.6
3729,-54,1649240185.643580000,209.54.177.54
3730,531,1649240185.654268000,10.11.219.6
3731,105,1649240185.655821000,10.11.219.6
3732,571,1649240185.658498000,10.11.219.6
3733,583,1649240185.660891000,10.11.219.6
3734,-668,1649240185.661572000,18.65.110.227
3735,-97,1649240185.661573000,18.65.110.227
3736,-190,1649240185.661573000,172.217.161.194
3737,-366,1649240185.661573000,172.217.161.194
3738,-97,1649240185.661573000,172.217.161.194
3739,-105,1649240185.661574000,172.217.161.194
3740,66,1649240185.661588000,10.11.219.6
3741,66,1649240185.661600000,10.11.219.6
3742,178,1649240185.661989000,10.11.219.6
3743,105,1649240185.664042000,10.11.219.6
3744,531,1649240185.664131000,10.11.219.6
3745,243,1649240185.664328000,10.11.219.6
3746,339,1649240185.664343000,10.11.219.6
3747,-66,1649240185.664751000,172.217.25.164
3748,-54,1649240185.664752000,209.54.177.54
3749,104,1649240185.665098000,10.11.219.6
3750,-66,1649240185.666766000,172.217.161.194
3751,-66,1649240185.667844000,35.213.12.39
3752,-923,1649240185.669482000,35.213.12.39
3753,-6001,1649240185.669483000,209.54.177.54
3754,66,1649240185.669494000,10.11.219.6
3755,54,1649240185.669511000,10.11.219.6
3756,-668,1649240185.672172000,18.65.110.227
3757,-97,1649240185.672173000,18.65.110.227
3758,66,1649240185.672191000,10.11.219.6
3759,66,1649240185.672210000,10.11.219.6
3760,180,1649240185.674000000,10.11.219.6
3761,537,1649240185.674462000,10.11.219.6
3762,-235,1649240185.677588000,44.236.225.165
3763,-104,1649240185.677589000,44.236.225.165
3764,66,1649240185.677608000,10.11.219.6
3765,66,1649240185.677623000,10.11.219.6
3766,74,1649240185.680069000,10.11.219.6
3767,-710,1649240185.680749000,119.9.108.211
3768,66,1649240185.680761000,10.11.219.6
3769,540,1649240185.683266000,10.11.219.6
3770,-66,1649240185.687109000,103.71.26.126
3771,-702,1649240185.688240000,103.71.26.126
3772,66,1649240185.688247000,10.11.219.6
3773,-330,1649240185.690351000,35.213.12.39
3774,66,1649240185.690369000,10.11.219.6
3775,-235,1649240185.691469000,44.236.225.165
3776,-104,1649240185.691470000,44.236.225.165
3777,66,1649240185.691489000,10.11.219.6
3778,66,1649240185.691504000,10.11.219.6
3779,-250,1649240185.704775000,172.217.25.164
3780,-4170,1649240185.704776000,172.217.25.164
3781,78,1649240185.704794000,10.11.219.6
3782,66,1649240185.704819000,10.11.219.6
3783,-54,1649240185.705465000,209.54.177.54
3784,-190,1649240185.711833000,172.217.161.194
3785,-367,1649240185.711833000,172.217.161.194
3786,-97,1649240185.711834000,172.217.161.194
3787,-105,1649240185.711834000,172.217.161.194
3788,66,1649240185.712047000,10.11.219.6
3789,105,1649240185.712070000,10.11.219.6
3790,-54,1649240185.712865000,209.54.177.54
3791,525,1649240185.714413000,10.11.219.6
3792,-66,1649240185.719287000,172.217.161.194
3793,-668,1649240185.720475000,18.65.110.227
3794,-97,1649240185.720476000,18.65.110.227
3795,-668,1649240185.720476000,18.65.110.227
3796,-97,1649240185.720476000,18.65.110.227
3797,66,1649240185.720486000,10.11.219.6
3798,66,1649240185.720497000,10.11.219.6
3799,66,1649240185.720502000,10.11.219.6
3800,66,1649240185.720507000,10.11.219.6
3801,-667,1649240185.722565000,18.65.110.227
3802,-97,1649240185.722566000,18.65.110.227
3803,66,1649240185.722833000,10.11.219.6
3804,-668,1649240185.723702000,18.65.110.227
3805,-97,1649240185.723702000,18.65.110.227
3806,-670,1649240185.723703000,18.65.110.227
3807,-97,1649240185.723703000,18.65.110.227
3808,66,1649240185.724157000,10.11.219.6
3809,-66,1649240185.725723000,54.179.165.252
3810,-54,1649240185.728920000,52.94.215.121
3811,-54,1649240185.733224000,209.54.177.54
3812,-54,1649240185.733225000,209.54.177.54
3813,-2774,1649240185.734865000,209.54.177.54
3814,54,1649240185.734875000,10.11.219.6
3815,-3281,1649240185.734901000,209.54.177.54
3816,54,1649240185.734905000,10.11.219.6
3817,-6001,1649240185.736034000,209.54.177.54
3818,-66,1649240185.736035000,44.236.225.165
3819,54,1649240185.736045000,10.11.219.6
3820,-235,1649240185.737618000,44.236.225.165
3821,-104,1649240185.737618000,44.236.225.165
3822,-887,1649240185.737618000,8.39.36.141
3823,-235,1649240185.737619000,44.236.225.165
3824,-104,1649240185.737619000,44.236.225.165
3825,-235,1649240185.737619000,44.236.225.165
3826,66,1649240185.737625000,10.11.219.6
3827,66,1649240185.737632000,10.11.219.6
3828,66,1649240185.737639000,10.11.219.6
3829,66,1649240185.737642000,10.11.219.6
3830,66,1649240185.737646000,10.11.219.6
3831,66,1649240185.737650000,10.11.219.6
3832,180,1649240185.738110000,10.11.219.6
3833,-104,1649240185.738641000,44.236.225.165
3834,-66,1649240185.738641000,44.236.225.165
3835,-235,1649240185.740745000,44.236.225.165
3836,-104,1649240185.740746000,44.236.225.165
3837,-235,1649240185.741803000,44.236.225.165
3838,-104,1649240185.741803000,44.236.225.165
3839,180,1649240185.742765000,10.11.219.6
3840,-823,1649240185.743977000,103.43.90.53
3841,66,1649240185.743999000,10.11.219.6
3842,-291,1649240185.747143000,119.9.108.211
3843,66,1649240185.747166000,10.11.219.6
3844,66,1649240185.748431000,10.11.219.6
3845,-639,1649240185.752529000,52.94.215.121
3846,54,1649240185.752546000,10.11.219.6
3847,-66,1649240185.758087000,18.66.242.141
3848,-66,1649240185.758088000,18.66.242.141
3849,-576,1649240185.758088000,18.66.242.141
3850,66,1649240185.758129000,10.11.219.6
3851,130,1649240185.758917000,10.11.219.6
3852,236,1649240185.759384000,10.11.219.6
3853,394,1649240185.759410000,10.11.219.6
3854,-66,1649240185.762220000,172.217.25.164
3855,-674,1649240185.762220000,172.217.25.164
3856,-97,1649240185.762221000,172.217.25.164
3857,66,1649240185.762242000,10.11.219.6
3858,66,1649240185.762255000,10.11.219.6
3859,97,1649240185.762766000,10.11.219.6
3860,-66,1649240185.770680000,172.217.25.164
3861,-54,1649240185.791100000,209.54.177.54
3862,-66,1649240185.793214000,52.202.203.46
3863,-104,1649240185.793215000,52.202.203.46
3864,66,1649240185.793232000,10.11.219.6
3865,-493,1649240185.794284000,52.202.203.46
3866,66,1649240185.794288000,10.11.219.6
3867,-639,1649240185.795383000,209.54.177.54
3868,54,1649240185.795399000,10.11.219.6
3869,524,1649240185.795724000,10.11.219.6
3870,-639,1649240185.797918000,209.54.177.54
3871,524,1649240185.798132000,10.11.219.6
3872,-683,1649240185.806123000,172.217.25.164
3873,-139,1649240185.806124000,172.217.25.164
3874,66,1649240185.806138000,10.11.219.6
3875,66,1649240185.806151000,10.11.219.6
3876,-97,1649240185.808220000,172.217.25.164
3877,-105,1649240185.808221000,172.217.25.164
3878,66,1649240185.808245000,10.11.219.6
3879,66,1649240185.808257000,10.11.219.6
3880,105,1649240185.808423000,10.11.219.6
3881,-66,1649240185.811376000,172.217.25.164
3882,74,1649240185.812990000,10.11.219.6
3883,-74,1649240185.815659000,172.217.161.227
3884,66,1649240185.815673000,10.11.219.6
3885,583,1649240185.817380000,10.11.219.6
3886,-66,1649240185.821007000,172.217.161.227
3887,-54,1649240185.826395000,209.54.177.54
3888,-2774,1649240185.828121000,209.54.177.54
3889,54,1649240185.828130000,10.11.219.6
3890,-2774,1649240185.828151000,209.54.177.54
3891,54,1649240185.828156000,10.11.219.6
3892,-561,1649240185.828542000,209.54.177.54
3893,54,1649240185.828548000,10.11.219.6
3894,180,1649240185.831199000,10.11.219.6
3895,-66,1649240185.833887000,3.211.130.57
3896,-104,1649240185.833888000,3.211.130.57
3897,66,1649240185.833909000,10.11.219.6
3898,-255,1649240185.837085000,3.211.130.57
3899,66,1649240185.837092000,10.11.219.6
3900,-66,1649240185.839213000,52.202.203.46
3901,-105,1649240185.841356000,209.54.177.54
3902,54,1649240185.841374000,10.11.219.6
3903,506,1649240185.841732000,10.11.219.6
3904,74,1649240185.848488000,10.11.219.6
3905,-265,1649240185.861305000,172.217.161.227
3906,-1434,1649240185.861306000,172.217.161.227
3907,78,1649240185.861318000,10.11.219.6
3908,78,1649240185.861331000,10.11.219.6
3909,-2802,1649240185.861370000,172.217.161.227
3910,66,1649240185.861375000,10.11.219.6
3911,-54,1649240185.888724000,52.94.215.121
3912,130,1649240185.911373000,10.11.219.6
3913,236,1649240185.911672000,10.11.219.6
3914,400,1649240185.911693000,10.11.219.6
3915,-105,1649240185.912567000,209.54.177.54
3916,54,1649240185.912580000,10.11.219.6
3917,531,1649240185.912860000,10.11.219.6
3918,-105,1649240185.913636000,209.54.177.54
3919,54,1649240185.913645000,10.11.219.6
3920,543,1649240185.913847000,10.11.219.6
3921,-66,1649240185.914770000,172.217.161.227
3922,-674,1649240185.914770000,172.217.161.227
3923,-97,1649240185.914771000,172.217.161.227
3924,66,1649240185.914784000,10.11.219.6
3925,66,1649240185.914793000,10.11.219.6
3926,97,1649240185.915300000,10.11.219.6
3927,-639,1649240185.916856000,52.94.215.121
3928,54,1649240185.916864000,10.11.219.6
3929,-66,1649240185.923538000,172.217.161.227
3930,74,1649240185.930201000,10.11.219.6
3931,-74,1649240185.930859000,3.68.182.119
3932,66,1649240185.930873000,10.11.219.6
3933,583,1649240185.932540000,10.11.219.6
3934,-576,1649240185.959667000,172.217.161.227
3935,-139,1649240185.959667000,172.217.161.227
3936,66,1649240185.959682000,10.11.219.6
3937,66,1649240185.959698000,10.11.219.6
3938,-97,1649240185.960719000,172.217.161.227
3939,-105,1649240185.960720000,172.217.161.227
3940,66,1649240185.960736000,10.11.219.6
3941,66,1649240185.960758000,10.11.219.6
3942,105,1649240185.961455000,10.11.219.6
3943,-66,1649240185.964980000,172.217.161.227
3944,-639,1649240185.969313000,209.54.177.54
3945,54,1649240185.969332000,10.11.219.6
3946,569,1649240185.969560000,10.11.219.6
3947,-639,1649240185.975735000,209.54.177.54
3948,511,1649240185.976051000,10.11.219.6
3949,-74,1649240185.982155000,54.69.75.135
3950,66,1649240185.982190000,10.11.219.6
3951,583,1649240185.984038000,10.11.219.6
3952,-105,1649240185.998258000,209.54.177.54
3953,54,1649240185.998310000,10.11.219.6
3954,506,1649240185.998786000,10.11.219.6
3955,-639,1649240186.016548000,209.54.177.54
3956,54,1649240186.016590000,10.11.219.6
3957,541,1649240186.016987000,10.11.219.6
3958,-639,1649240186.094535000,209.54.177.54
3959,54,1649240186.094558000,10.11.219.6
3960,-639,1649240186.095640000,209.54.177.54
3961,54,1649240186.095652000,10.11.219.6
3962,-66,1649240186.118072000,54.69.75.135
3963,-5523,1649240186.119733000,54.69.75.135
3964,66,1649240186.119747000,10.11.219.6
3965,192,1649240186.126717000,10.11.219.6
3966,105,1649240186.141536000,10.11.219.6
3967,105,1649240186.141632000,10.11.219.6
3968,105,1649240186.141763000,10.11.219.6
3969,105,1649240186.141793000,10.11.219.6
3970,105,1649240186.141817000,10.11.219.6
3971,105,1649240186.141872000,10.11.219.6
3972,112,1649240186.141934000,10.11.219.6
3973,112,1649240186.141957000,10.11.219.6
3974,112,1649240186.141977000,10.11.219.6
3975,112,1649240186.142040000,10.11.219.6
3976,105,1649240186.142072000,10.11.219.6
3977,112,1649240186.142090000,10.11.219.6
3978,112,1649240186.142106000,10.11.219.6
3979,112,1649240186.142147000,10.11.219.6
3980,112,1649240186.142202000,10.11.219.6
3981,105,1649240186.142233000,10.11.219.6
3982,112,1649240186.142257000,10.11.219.6
3983,105,1649240186.142283000,10.11.219.6
3984,112,1649240186.142306000,10.11.219.6
3985,112,1649240186.142324000,10.11.219.6
3986,105,1649240186.142399000,10.11.219.6
3987,105,1649240186.142498000,10.11.219.6
3988,105,1649240186.142566000,10.11.219.6
3989,105,1649240186.142583000,10.11.219.6
3990,105,1649240186.142600000,10.11.219.6
3991,112,1649240186.142618000,10.11.219.6
3992,105,1649240186.142640000,10.11.219.6
3993,105,1649240186.142657000,10.11.219.6
3994,85,1649240186.142733000,10.11.219.6
3995,54,1649240186.142743000,10.11.219.6
3996,85,1649240186.142824000,10.11.219.6
3997,54,1649240186.142833000,10.11.219.6
3998,119,1649240186.142995000,10.11.219.6
3999,66,1649240186.143005000,10.11.219.6
4000,97,1649240186.143091000,10.11.219.6
4001,66,1649240186.143103000,10.11.219.6
4002,90,1649240186.143178000,10.11.219.6
4003,66,1649240186.143189000,10.11.219.6
4004,97,1649240186.143448000,10.11.219.6
4005,66,1649240186.143461000,10.11.219.6
4006,97,1649240186.143562000,10.11.219.6
4007,66,1649240186.143571000,10.11.219.6
4008,97,1649240186.143643000,10.11.219.6
4009,66,1649240186.143658000,10.11.219.6
4010,119,1649240186.143753000,10.11.219.6
4011,66,1649240186.143765000,10.11.219.6
4012,97,1649240186.143839000,10.11.219.6
4013,66,1649240186.143850000,10.11.219.6
4014,97,1649240186.143938000,10.11.219.6
4015,66,1649240186.143949000,10.11.219.6
4016,97,1649240186.144029000,10.11.219.6
4017,66,1649240186.144040000,10.11.219.6
4018,90,1649240186.144134000,10.11.219.6
4019,66,1649240186.144144000,10.11.219.6
4020,-639,1649240186.144250000,209.54.177.54
4021,-66,1649240186.144251000,172.217.161.227
4022,90,1649240186.144411000,10.11.219.6
4023,66,1649240186.144425000,10.11.219.6
4024,107,1649240186.144547000,10.11.219.6
4025,54,1649240186.144557000,10.11.219.6
4026,85,1649240186.144678000,10.11.219.6
4027,54,1649240186.144690000,10.11.219.6
4028,85,1649240186.144835000,10.11.219.6
4029,54,1649240186.144847000,10.11.219.6
4030,85,1649240186.144951000,10.11.219.6
4031,54,1649240186.144962000,10.11.219.6
4032,85,1649240186.145061000,10.11.219.6
4033,54,1649240186.145073000,10.11.219.6
4034,-66,1649240186.145194000,172.217.25.164
4035,-66,1649240186.145194000,35.227.202.26
4036,-66,1649240186.145195000,18.65.110.227
4037,-66,1649240186.145195000,18.65.129.172
4038,-66,1649240186.145195000,18.65.148.40
4039,-66,1649240186.145196000,35.186.254.217
4040,-66,1649240186.145196000,142.250.206.226
4041,85,1649240186.145340000,10.11.219.6
4042,54,1649240186.145354000,10.11.219.6
4043,85,1649240186.145470000,10.11.219.6
4044,54,1649240186.145483000,10.11.219.6
4045,85,1649240186.145601000,10.11.219.6
4046,54,1649240186.145612000,10.11.219.6
4047,85,1649240186.145723000,10.11.219.6
4048,54,1649240186.145735000,10.11.219.6
4049,85,1649240186.145857000,10.11.219.6
4050,54,1649240186.145868000,10.11.219.6
4051,85,1649240186.145989000,10.11.219.6
4052,54,1649240186.146000000,10.11.219.6
4053,85,1649240186.146268000,10.11.219.6
4054,54,1649240186.146278000,10.11.219.6
4055,85,1649240186.146380000,10.11.219.6
4056,54,1649240186.146390000,10.11.219.6
4057,-66,1649240186.146486000,172.217.161.194
4058,-66,1649240186.146487000,35.244.159.8
4059,-66,1649240186.146487000,69.192.133.13
